Keuwl Accelerometer Data File
2021-05-23 11-18-12

Time (s), X (g), Y (g), Z (g), R (g), Theta (deg), Phi (deg)
0.0000000,0.055887,-0.111895,1.040493,1.047984,6.854549,296.540039
0.0194218,0.087979,-0.089443,0.936407,0.944775,7.631083,314.527130
0.0388410,0.071384,-0.070041,0.851967,0.857817,6.694978,315.543762
0.0582610,0.062354,-0.105916,1.003520,1.011019,6.982609,300.485748
0.0776811,0.045149,-0.131297,1.039883,1.049111,7.605039,288.976349
0.0971018,0.070774,-0.104818,1.000836,1.008795,7.202251,304.027374
0.1165220,0.071872,-0.083464,0.894798,0.901551,7.017497,310.732117
0.1359430,0.066503,-0.092372,0.959348,0.966076,6.766165,305.751892
0.1553632,0.064672,-0.067723,1.048547,1.052720,5.103384,313.680054
0.1747847,0.055033,-0.053202,0.930672,0.933815,4.701821,315.968842
0.1942047,0.043684,-0.043684,0.951172,0.953176,3.716205,315.000000
0.2136248,0.048687,-0.026967,1.000714,1.002260,3.183277,331.018616
0.2330451,0.062232,-0.031970,0.980214,0.982708,4.082599,332.809265
0.2524675,0.060890,-0.023551,0.967401,0.969602,3.860721,338.854858
0.2718869,0.051860,-0.004027,0.984851,0.986223,3.023362,355.560059
0.2913065,0.053934,-0.020744,0.973136,0.974851,3.398284,338.962494
0.3107279,0.057717,-0.011226,0.994368,0.996105,3.384082,348.993225
0.3301498,0.039902,-0.001098,0.968255,0.969078,2.360740,358.423462
0.3495704,0.056741,-0.013057,0.974235,0.975973,3.420165,347.041382
0.3689927,0.095300,-0.020500,1.003398,1.008122,5.548884,347.860168
0.3884143,-0.020012,-0.008786,0.958860,0.959109,1.305663,203.702652
0.4078357,0.068089,-0.019890,0.983630,0.986185,4.124738,343.716125
0.4272569,0.059303,-0.015009,1.000347,1.002216,3.499335,345.797455
0.4466798,0.028675,-0.020744,0.938604,0.939271,2.159486,324.117859
0.4661020,0.080413,-0.014765,1.016211,1.019494,4.599725,349.595734
0.4855248,0.036729,-0.022940,0.958616,0.959593,2.586567,328.011719
0.5049462,0.023062,-0.019158,0.958616,0.959084,1.791331,320.283997
0.5243697,0.067357,-0.016839,0.998883,1.001293,3.976064,345.963745
0.5437924,0.045759,-0.020256,0.958371,0.959677,2.988979,336.122620
0.5632161,0.045027,-0.019280,0.964351,0.965594,2.907643,336.820160
0.5826393,0.064062,-0.013057,0.999982,1.002117,3.740730,348.480347
0.6020611,0.023184,-0.022086,0.957151,0.957687,1.916017,316.389648
0.6214826,0.054911,-0.029042,0.965937,0.967932,3.679509,332.126129
0.6409070,0.059425,-0.017205,1.007547,1.009445,3.513685,343.852814
0.6603299,0.027211,-0.028187,0.942997,0.943810,2.379157,313.990479
0.6797518,0.070896,-0.027455,0.989244,0.992161,4.394717,338.830444
0.6991724,0.041610,-0.016717,0.978872,0.979898,2.622938,338.111725
0.7185942,0.066869,-0.024893,0.983264,0.985850,4.150486,339.581573
0.7380157,0.048687,-0.032336,0.972526,0.974281,3.439231,326.409454
0.7574388,0.025503,-0.021354,0.973259,0.973827,1.957348,320.059875
0.7768611,0.054178,-0.027943,0.997785,0.999646,3.496144,332.716858
0.7962826,0.051128,-0.030506,0.964595,0.966430,3.531970,329.177216
0.8157045,0.050884,-0.015741,0.973136,0.974593,3.132879,342.810425
0.8351276,0.053690,-0.024527,0.988755,0.990516,3.416384,335.448212
0.8545499,0.040024,-0.028675,0.963619,0.964876,2.925028,324.379791
0.8739721,0.046979,-0.024771,0.982776,0.984210,3.093261,332.198547
0.8933934,0.040634,-0.023917,0.971916,0.973059,2.777349,329.519409
0.9128153,0.061256,-0.032580,0.973625,0.976093,4.076070,331.992706
0.9322370,0.042586,-0.026967,0.991684,0.992964,2.909797,327.656464
0.9516589,0.054056,-0.025625,0.957639,0.959506,3.574565,334.637146
0.9710798,0.054178,-0.034777,0.991440,0.993528,3.715309,327.303925
0.9905011,0.020256,-0.035265,0.962154,0.963013,2.420346,299.872833
1.0099237,0.063086,-0.030994,0.985583,0.988086,4.079192,333.835297
1.0293462,0.060280,-0.032946,0.970940,0.973367,4.046995,331.340820
1.0487686,0.041854,-0.037095,0.961666,0.963291,3.328373,318.449524
1.0681895,0.047955,-0.028431,0.985705,0.987280,3.237126,329.337341
1.0876096,0.051372,-0.028920,0.959226,0.961036,3.516915,330.622864
1.1070296,0.057961,-0.026235,0.980702,0.982763,3.711829,335.647003
1.1264508,0.053690,-0.018426,0.971062,0.972720,3.345446,341.058716
1.1458727,0.054544,-0.021720,0.970086,0.971861,3.463341,338.287048
1.1652944,0.059669,-0.021842,0.984485,0.986533,3.692895,339.894684
1.1847168,0.058815,-0.014399,0.972404,0.974288,3.563263,346.243805
1.2041379,0.064672,-0.019524,0.983142,0.985461,3.930840,343.201630
1.2235594,0.054666,-0.019890,0.973625,0.975361,3.419248,340.006622
1.2429794,0.071994,-0.012080,0.984851,0.987552,4.239146,350.474701
1.2624019,0.059669,-0.020744,0.977163,0.979203,3.698988,340.830078
1.2818247,0.055887,-0.024771,0.971794,0.973715,3.599401,336.095581
1.3012481,0.069187,-0.008664,0.992172,0.994619,4.020000,352.862549
1.3206693,0.074556,-0.022818,0.965571,0.968714,4.616643,342.982971
1.3400909,0.074434,-0.019524,0.987413,0.990407,4.456280,345.302673
1.3595115,0.071628,-0.013301,0.969232,0.971966,4.298559,349.480560
1.3789324,0.076631,-0.021720,0.991196,0.994391,4.594228,344.175171
1.3983535,0.067235,-0.019524,0.969232,0.971757,4.131569,343.807709
1.4177752,0.081268,-0.013179,0.974357,0.977829,4.829780,350.788971
1.4371974,0.099815,-0.011714,0.973380,0.978555,5.894849,353.306427
1.4566158,0.068699,-0.026967,0.974113,0.976904,4.332642,338.568024
1.4760336,0.077729,-0.013911,0.972160,0.975362,4.643677,349.853546
1.4954542,0.096520,-0.017205,0.984851,0.989719,5.685031,349.892883
1.5148768,0.066503,-0.023795,0.948122,0.950749,4.260437,340.312897
1.5343001,0.085538,-0.007565,0.987291,0.991019,4.970944,354.945618
1.5537221,0.109089,-0.012446,0.967889,0.974097,6.471902,353.491058
1.5731446,0.111285,-0.010982,0.965815,0.972267,6.604528,354.364075
1.5925653,-0.015619,-0.051860,1.017187,1.018628,3.047867,253.238937
1.6119863,0.075288,0.007077,0.945681,0.948700,4.571876,5.370208
1.6314062,0.144598,-0.016473,1.026583,1.036847,8.068740,353.500641
1.6508269,0.030628,0.012324,0.911881,0.912478,2.073393,21.919382
1.6702467,0.118729,-0.014277,1.035002,1.041888,6.590707,353.143280
1.6896687,0.041976,0.002074,0.988633,0.989526,2.434215,2.829176
1.7090901,0.065038,0.009518,0.929452,0.931773,4.045252,8.325652
1.7285104,0.076387,0.010738,1.026827,1.029720,4.296144,8.001924
1.7479302,0.050396,0.020134,0.955687,0.957227,3.250043,21.777485
1.7673514,0.074800,0.021110,0.999982,1.002998,4.444309,15.760054
1.7867712,0.047101,0.027333,0.960568,0.962111,3.244798,30.127062
1.8061916,0.071262,0.026601,0.997297,1.000194,4.361567,20.469984
1.8256119,0.071872,0.026845,0.975211,0.978224,4.498278,20.481386
1.8450336,0.054666,0.042342,0.965937,0.968409,4.094573,37.759701
1.8644544,0.068455,0.037705,0.993270,0.996340,4.498888,28.846069
1.8838754,0.059791,0.031116,0.971550,0.973885,3.968669,27.492836
1.9032967,0.080779,0.052104,0.982776,0.987466,5.586372,32.822628
1.9227190,0.074434,0.042952,0.977407,0.981178,5.024806,29.987061
1.9421397,0.070041,0.047223,0.983386,0.987008,4.909716,33.988480
1.9615611,0.067479,0.054666,0.979726,0.983567,5.065504,39.011856
1.9809815,0.077729,0.048931,0.975455,0.979769,5.379098,32.190964
2.0004022,0.078217,0.055765,0.989732,0.994382,5.543584,35.486912
2.0198224,0.069797,0.055643,0.977407,0.981475,5.218118,38.561951
2.0392432,0.071506,0.058571,0.984363,0.988693,5.364360,39.321342
2.0586638,0.077363,0.061622,0.983142,0.988105,5.744705,38.538376
2.0780859,0.064062,0.061134,0.981922,0.985907,5.153090,43.659996
2.0975082,0.067723,0.059669,0.979970,0.984118,5.262353,41.382668
2.1169317,0.071384,0.064794,0.991196,0.995873,5.555202,42.229786
2.1363528,0.057473,0.064794,0.971794,0.975646,5.093046,48.426796
2.1557734,0.064184,0.065649,0.989121,0.993373,5.303080,45.646168
2.1751943,0.054544,0.063208,0.979482,0.983033,4.871943,49.207966
2.1946156,0.048687,0.066015,0.983996,0.987409,4.765222,53.590366
2.2140379,0.052226,0.064062,0.974479,0.977978,4.848120,50.811775
2.2334592,0.040024,0.067479,0.986559,0.989674,4.546872,59.326618
2.2528791,0.046979,0.069675,0.981190,0.984782,4.895130,56.009960
2.2723010,0.044661,0.062110,0.984851,0.987817,4.441620,54.281712
2.2917228,0.042342,0.067845,0.976797,0.980066,4.680567,58.031685
2.3111448,0.042098,0.069675,0.989732,0.993074,4.702030,58.859493
2.3305645,0.035875,0.063696,0.984363,0.987073,4.247315,60.610989
2.3499863,0.041000,0.062354,0.989610,0.992419,4.312434,56.673710
2.3694069,0.044294,0.069065,0.969110,0.972577,4.839343,57.326210
2.3888280,0.043196,0.080657,0.988389,0.992615,5.288836,61.828625
2.4082494,0.058083,0.069919,0.967035,0.971298,5.369801,50.283062
2.4276707,0.045393,0.076509,0.988755,0.992749,5.141175,59.319283
2.4470928,0.055277,0.075410,0.983386,0.987821,5.431304,53.758224
2.4665146,0.050274,0.068089,1.017797,1.021310,4.753656,53.559647
2.4859364,0.041976,0.083464,0.956419,0.960971,5.579070,63.301079
2.5053599,0.043440,0.084074,1.002666,1.007122,5.391688,62.675014
2.5247822,0.051128,0.082732,0.995711,1.000449,5.578613,58.284180
2.5442045,0.046369,0.078461,0.970330,0.974600,5.365748,59.417770
2.5636249,0.051616,0.074922,1.009743,1.013834,5.148640,55.436066
2.5830467,0.062110,0.077607,0.989732,0.994711,5.735076,51.329208
2.6024668,0.064550,0.082610,0.998761,1.004249,5.992339,51.996342
2.6218867,0.079315,0.079559,0.997419,1.003726,6.426265,45.088013
2.6413071,0.071750,0.077485,0.988877,0.994500,6.095546,47.200798
2.6607287,0.071262,0.071018,0.975455,0.980629,5.888561,44.901722
2.6801488,0.079803,0.076509,0.991196,0.997342,6.364209,43.792538
2.6995692,0.068943,0.075288,0.979848,0.985151,5.947914,47.519001
2.7189887,0.078949,0.067113,0.988633,0.994049,5.983401,40.367107
2.7384109,0.077241,0.071628,0.977529,0.983189,6.150584,42.840687
2.7578318,0.069309,0.078339,0.976431,0.982017,6.114364,48.499683
2.7772539,0.066991,0.071628,0.978383,0.983287,5.724198,46.915871
2.7966754,0.062354,0.074068,0.982166,0.986927,5.629915,49.907814
2.8160970,0.057229,0.074922,0.976675,0.981215,5.513702,52.625832
2.8355179,0.053202,0.064062,0.971428,0.974991,4.899570,50.291180
2.8549385,0.055765,0.071140,0.969232,0.973438,5.328000,51.907936
2.8743584,0.043562,0.072360,0.971794,0.975457,4.967199,58.951065
2.8937788,0.048443,0.059425,0.985217,0.988195,4.449770,50.813251
2.9131980,0.036363,0.061134,0.969842,0.972447,4.194700,59.255379
2.9326200,0.047955,0.062110,0.987291,0.990405,4.544243,52.328186
2.9520409,0.051372,0.053812,0.995467,0.998243,4.274068,46.329132
2.9714637,0.045027,0.061256,0.978872,0.981819,4.441002,53.681892
2.9908841,0.067113,0.057351,0.987413,0.991352,5.108909,40.515400
3.0103061,0.047467,0.063086,0.992416,0.995551,4.548422,53.041546
3.0297275,0.049786,0.064916,0.962398,0.965869,4.858816,52.514782
3.0491490,0.069431,0.066259,0.994002,0.998625,5.514981,43.660595
3.0685709,0.057229,0.057839,0.975699,0.979086,4.767072,45.303795
3.0879924,0.050518,0.059059,0.991440,0.994481,4.482182,49.457253
3.1074131,0.065283,0.062232,0.986315,0.990430,5.224798,43.629551
3.1268344,0.063208,0.060646,0.987657,0.991534,5.068365,43.814739
3.1462553,0.064062,0.063940,0.982532,0.986692,5.263247,44.945381
3.1656773,0.072726,0.056131,0.992294,0.996538,5.289428,37.661396
3.1850996,0.063086,0.051006,0.976065,0.979431,4.751225,38.955906
3.2045212,0.064062,0.058571,0.979482,0.983320,5.064305,42.436230
3.2239423,0.072970,0.044539,0.984363,0.988068,4.963530,31.398550
3.2433646,0.063086,0.043318,0.975089,0.978087,4.487466,34.475586
3.2627864,0.062842,0.043684,0.978261,0.981251,4.473389,34.804932
3.2822096,0.067845,0.039047,0.975211,0.978347,4.589280,29.922129
3.3016300,0.067113,0.029164,0.974113,0.976857,4.296007,23.487137
3.3210506,0.066625,0.025747,0.972892,0.975511,4.198946,21.128868
3.3404715,0.064306,0.033068,0.980458,0.983121,4.218026,27.213657
3.3598928,0.069187,0.021964,0.970086,0.972798,4.279335,17.612576
3.3793128,0.059913,0.023428,0.979604,0.981714,3.757235,21.357422
3.3987343,0.060280,0.029286,0.974479,0.976781,3.934177,25.911875
3.4181564,0.062354,0.026723,0.971184,0.973551,3.995765,23.198591
3.4375787,0.064672,0.027821,0.982044,0.984564,4.100500,23.276829
3.4570010,0.063574,0.034167,0.984363,0.987005,4.193439,28.254833
3.4764223,0.065527,0.040390,0.988511,0.991504,4.452543,31.649153
3.4958439,0.068455,0.041122,0.983875,0.987110,4.640301,30.993788
3.5152671,0.061256,0.046979,0.993392,0.996387,4.443516,37.485764
3.5346889,0.072970,0.045759,0.989854,0.993594,4.972993,32.091427
3.5541103,0.079925,0.048687,0.997175,1.001557,5.361656,31.348114
3.5735323,0.079559,0.051616,0.987047,0.991593,5.488194,32.974419
3.5929558,0.081634,0.047589,0.995223,0.999699,5.423758,30.240463
3.6123769,0.095666,0.050518,0.976553,0.982527,6.321581,27.836800
3.6317966,0.097985,0.056985,0.982288,0.988807,6.582489,30.180962
3.6512163,0.105550,0.061012,0.979238,0.986798,7.096802,30.029400
3.6706371,0.121047,0.064184,0.979848,0.989380,7.960008,27.934406
3.6900587,0.132395,0.062720,0.982166,0.993032,8.483713,25.348448
3.7094803,0.124952,0.054422,0.957395,0.967047,8.101860,23.535381
3.7289002,0.140327,0.066015,0.977529,0.989754,9.014498,25.193926
3.7483208,0.136422,0.065160,0.963619,0.975406,8.916608,25.530947
3.7677402,0.139595,0.046125,0.955565,0.966809,8.746622,18.284569
3.7871625,0.131785,0.063818,0.983020,0.993866,8.472108,25.839016
3.8065851,0.164732,0.044783,0.975333,0.990160,9.927769,15.208422
3.8260088,0.152895,0.026723,0.990708,1.002793,8.904084,9.914043
3.8454323,0.150089,0.050152,0.991684,1.004230,9.066421,18.476862
3.8648560,0.156190,0.043196,0.997663,1.010739,9.226115,15.459449
3.8842793,0.149235,0.011714,0.964839,0.976382,8.819066,4.488258
3.9037030,0.144232,0.039658,1.010964,1.021970,8.416526,15.374001
3.9231262,0.144842,0.041732,0.981312,0.992821,8.732619,16.072817
3.9425495,0.137886,0.021476,0.972404,0.982366,8.166714,8.852816
3.9619725,0.122389,0.035143,0.993392,1.001520,7.304469,16.020819
3.9813933,0.116166,0.045027,0.973258,0.981200,7.294793,21.186583
4.0008140,0.111651,0.032946,0.965327,0.972321,6.876204,16.440382
4.0202365,0.098839,0.047467,0.981800,0.987904,6.372307,25.652504
4.0396571,0.084318,0.041244,0.966669,0.971216,5.546129,26.065390
4.0590754,0.082854,0.034777,0.964473,0.968650,5.322665,22.769495
4.0784950,0.089199,0.046979,0.990220,0.995338,5.813251,27.774689
4.0979156,0.076753,0.031238,0.973747,0.977266,4.864216,22.146088
4.1173353,0.074190,0.044539,0.975577,0.979407,5.068790,30.977613
4.1367579,0.073458,0.039536,0.972892,0.976462,4.900889,28.289400
4.1561766,0.070285,0.027943,0.979115,0.982033,4.417299,21.681255
4.1755962,0.085538,0.039536,0.988755,0.993236,5.444133,24.806231
4.1950169,0.086637,0.034411,0.969720,0.974190,5.491014,21.662140
4.2144380,0.092616,0.018059,0.993392,0.997864,5.426142,11.033844
4.2338576,0.107259,0.032458,1.002788,1.009030,6.376367,16.836685
4.2532783,0.128857,0.022452,0.990830,0.999426,7.520057,9.884123
4.2726979,0.118973,0.026113,0.996199,1.003618,6.970913,12.379391
4.2921190,0.141669,0.024283,1.003520,1.013762,8.151096,9.726209
4.3115406,0.147282,0.018670,0.993392,1.004425,8.499856,7.224316
4.3309612,0.166440,0.019646,0.988511,1.002618,9.622612,6.731771
4.3503819,0.161681,0.021598,0.999005,1.012235,9.273410,7.608805
4.3698025,0.172907,0.008054,0.972526,0.987810,10.092081,2.666754
4.3892202,0.183523,0.026357,1.007425,1.024344,10.427981,8.172765
4.4086409,0.157532,0.011714,0.965693,0.978528,9.290094,4.252742
4.4280620,0.161071,0.017571,0.976309,0.989662,9.422812,6.225830
4.4474826,0.175836,0.013423,0.991318,1.006881,10.086915,4.365258
4.4669018,0.139595,0.022574,0.965083,0.975388,8.335927,9.185966
4.4863219,0.164610,0.040756,0.983142,0.997660,9.786511,13.906254
4.5057421,0.123488,0.030628,0.957883,0.966296,7.565922,13.929622
4.5251641,0.100425,0.034167,0.945315,0.951248,6.402635,18.789267
4.5445848,0.114702,0.047345,0.977773,0.985616,7.232723,22.429165
4.5640059,0.105672,0.044294,0.946535,0.953445,6.902199,22.741901
4.5834260,0.067967,0.049053,0.955443,0.959113,5.013681,35.818871
4.6028457,0.082976,0.044661,0.951782,0.956436,5.654161,28.290707
4.6222644,0.084074,0.058205,0.960690,0.966117,6.075670,34.695156
4.6416860,0.036729,0.066747,0.945193,0.948259,4.608234,61.177143
4.6611056,0.044417,0.049297,0.937018,0.939364,4.050671,47.981461
4.6805267,0.042952,0.060524,0.967035,0.969879,4.388607,54.637539
4.6999478,0.038925,0.053446,0.942142,0.944460,4.014394,53.933754
4.7193694,0.049664,0.044294,0.978139,0.980401,3.892041,41.729511
4.7387910,0.053934,0.048687,0.969964,0.972681,4.284000,42.073040
4.7582116,0.083830,0.027455,0.975333,0.979314,5.167898,18.134186
4.7776313,0.066991,0.036119,1.004496,1.007376,4.332868,28.331863
4.7970514,0.087979,0.028065,0.959958,0.964390,5.494868,17.692757
4.8164716,0.129101,0.006833,1.028901,1.036991,7.161715,3.029841
4.8358927,0.101157,0.015619,0.988145,0.993432,5.913838,8.777321
4.8553128,0.118729,0.005857,0.999005,1.006053,6.785818,2.824224
4.8747339,0.163023,-0.014277,1.051841,1.064496,8.843290,354.995087
4.8941560,0.158264,-0.021964,1.036101,1.048348,8.766722,352.098846
4.9135785,0.133372,-0.008298,1.015723,1.024475,7.494833,356.439972
4.9329987,0.148502,-0.023917,0.982654,0.994100,8.702786,350.850983
4.9524202,0.155336,-0.027577,1.042690,1.054557,8.603890,349.932983
4.9718418,0.126538,-0.022818,1.020970,1.029034,7.177968,349.777832
4.9912629,0.151553,-0.031482,1.001934,1.013820,8.782146,348.264862
5.0106850,0.120071,-0.035387,1.006693,1.014446,7.088034,343.578949
5.0301085,0.110675,-0.031604,0.997053,1.003675,6.585021,344.062958
5.0495300,0.110187,-0.036241,0.973869,0.980752,6.792289,341.793762
5.0689535,0.068455,-0.043928,0.954589,0.958048,4.870213,327.311249
5.0883746,0.064672,-0.051006,0.953857,0.957406,4.935227,321.737885
5.1077967,0.025625,-0.054544,0.945803,0.947721,3.645777,295.164063
5.1272187,0.002440,-0.066015,0.924815,0.927172,4.085715,272.117188
5.1466422,0.022208,-0.076509,0.939458,0.942830,4.847109,286.186493
5.1660633,0.005979,-0.086149,0.931771,0.935764,5.294982,273.970245
5.1854863,0.004027,-0.084440,0.940312,0.944104,5.137210,272.730255
5.2049088,0.016107,-0.089565,0.935553,0.939969,5.555732,280.194885
5.2243328,-0.006223,-0.094568,0.906512,0.911452,5.968410,266.234985
5.2437534,-0.004759,-0.081512,0.934333,0.937894,4.994340,266.658691
5.2631755,-0.019646,-0.064916,0.918470,0.920971,4.223316,253.162521
5.2825966,-0.016107,-0.030262,0.918592,0.919231,2.137258,241.975494
5.3020177,0.046125,-0.010250,0.929940,0.931140,2.908653,347.471191
5.3214407,0.006467,-0.025503,0.917860,0.918237,1.641871,284.229584
5.3408647,0.035021,-0.007077,0.939458,0.940137,2.177986,348.574951
5.3602867,0.058327,-0.019524,0.985583,0.987500,3.571058,341.493164
5.3797083,0.040878,-0.017571,0.960934,0.961964,2.651144,336.739502
5.3991308,0.074312,-0.000366,1.003032,1.005781,4.237205,359.717743
5.4185524,0.111895,-0.010494,0.958616,0.965181,6.686742,354.642242
5.4379740,0.071506,0.011836,0.978505,0.981186,4.236188,9.398890
5.4573965,0.120681,-0.010860,0.968744,0.976292,7.129428,354.857819
5.4768176,0.145940,-0.007565,1.010110,1.020626,8.232061,357.032471
5.4962397,0.148136,-0.005003,0.999615,1.010545,8.434240,358.065704
5.5156603,0.164732,-0.025259,1.034880,1.048214,9.148364,351.282532
5.5350823,0.184011,-0.015741,1.017065,1.033697,10.291895,355.110596
5.5545039,0.198044,-0.026723,1.013770,1.033279,11.151413,352.315186
5.5739255,0.194505,-0.029774,1.048913,1.067210,10.624935,351.297058
5.5933452,0.178642,-0.032092,1.022312,1.038299,10.067436,349.815735
5.6127653,0.170467,-0.055399,1.036711,1.052092,9.809188,341.996765
5.6321850,0.159241,-0.067479,0.952271,0.967848,10.293634,337.034973
5.6516070,0.176080,-0.061378,1.023776,1.040619,10.322701,340.782501
5.6710267,0.182059,-0.083342,0.984973,1.005118,11.490685,335.402893
5.6904473,0.195603,-0.082610,1.079053,1.099745,11.132238,337.104065
5.7098689,0.191089,-0.054788,1.050987,1.069622,10.710610,344.001465
5.7292910,0.155336,-0.081512,0.997175,1.012488,9.977405,332.311981
5.7487111,0.164610,-0.064062,1.050377,1.065126,9.545775,338.735138
5.7681332,0.120681,-0.064306,0.992904,1.002276,7.841574,331.948578
5.7875547,0.078095,-0.047711,0.957273,0.961638,5.460917,328.577667
5.8069773,0.055155,-0.037339,0.945803,0.948146,4.028224,325.902344
5.8263984,0.004393,-0.027943,0.925791,0.926223,1.749995,278.934082
5.8458204,-0.015131,-0.042586,0.907000,0.908125,2.852590,250.439835
5.8652406,-0.046857,-0.043562,0.887232,0.889536,4.124500,222.913223
5.8846602,-0.082732,-0.032580,0.878568,0.883056,5.778961,201.494781
5.9040809,-0.086759,-0.044172,0.874664,0.880065,6.351287,206.982559
5.9235029,-0.121657,-0.018914,0.874664,0.883286,8.012389,188.836823
5.9429226,-0.126416,-0.018792,0.878324,0.887574,8.279011,188.455032
5.9623432,-0.109943,-0.037095,0.884547,0.892125,7.473228,198.644547
5.9817643,-0.147038,-0.031970,0.862461,0.875489,9.896781,192.266754
6.0011868,-0.105306,-0.027943,0.861729,0.868589,7.205819,194.861145
6.0206075,-0.033678,-0.095910,0.908098,0.913770,6.387059,250.651535
6.0400281,-0.038071,-0.042220,0.978261,0.979912,3.325902,227.957947
6.0594487,0.083586,-0.009518,0.936041,0.939814,5.135646,353.503784
6.0788698,0.185109,-0.117142,0.991684,1.015591,12.456503,327.673218
6.0982909,0.041732,-0.016107,1.022312,1.023290,2.505460,338.895172
6.1177135,0.185964,-0.039536,0.955687,0.974414,11.251251,347.997711
6.1371336,0.189868,-0.074922,1.094550,1.113419,10.563414,338.465729
6.1565547,0.153139,-0.049175,1.009377,1.022112,9.053777,342.197357
6.1759758,0.183645,-0.018181,1.044276,1.060457,10.021775,354.345947
6.1953969,0.265279,-0.086759,1.065752,1.101693,14.675392,341.889832
6.2148175,0.207074,-0.048443,1.138844,1.158530,10.577451,346.832886
6.2342391,0.222693,-0.037583,1.029267,1.053753,12.375704,350.420624
6.2536588,0.239166,-0.074922,1.124323,1.151919,12.566522,342.606049
6.2730789,0.196946,-0.097009,1.051476,1.074150,11.793562,333.776764
6.2925000,0.177666,-0.025747,1.033904,1.049374,9.850336,351.754242
6.3119211,0.135812,-0.069675,1.013770,1.025197,8.562634,332.840912
6.3313403,0.132151,-0.090297,1.000470,1.013192,9.089148,325.655701
6.3507619,0.083220,-0.065160,0.965327,0.971096,6.248522,321.939362
6.3701830,0.036729,-0.086393,0.933235,0.937944,5.744160,293.032349
6.3896074,0.024283,-0.103232,0.951660,0.957551,6.358569,283.236755
6.4090295,0.008542,-0.063818,0.945925,0.948114,3.894053,277.623352
6.4284515,-0.054300,-0.085904,0.864414,0.870367,6.705369,237.702927
6.4478726,-0.072482,-0.099937,0.886988,0.895538,7.923748,234.047577
6.4672923,-0.071750,-0.071262,0.904437,0.910073,6.379748,224.804459
6.4867120,-0.091151,-0.082976,0.869051,0.877748,8.072754,222.311844
6.5061316,-0.071750,-0.085050,0.872833,0.879897,7.265120,229.848495
6.5255518,-0.079925,-0.063086,0.894553,0.900330,6.493802,218.284485
6.5449748,0.008054,-0.104696,0.915908,0.921907,6.540200,274.398712
6.5643950,-0.015741,-0.041366,0.977895,0.978896,2.591481,249.166626
6.5838151,0.100547,0.003905,1.013892,1.018873,5.667733,2.223961
6.6032352,0.018181,-0.087735,0.894431,0.898908,5.720465,281.707825
6.6226559,0.094446,-0.023428,1.049645,1.054146,5.296499,346.068298
6.6420755,0.099693,0.000122,0.962520,0.967669,5.913308,0.070130
6.6614976,0.067235,-0.026845,0.962887,0.965604,4.299789,338.234467
6.6809182,0.099449,-0.044294,0.981068,0.987090,6.332087,335.991882
6.7003384,0.094080,0.004393,1.009133,1.013519,5.331971,2.673348
6.7197585,0.079803,-0.021232,0.985217,0.988671,4.791256,345.101318
6.7391791,0.114580,-0.046369,1.004375,1.011952,7.016016,337.967529
6.7585988,0.114092,-0.029652,0.983874,0.990911,6.832280,345.431519
6.7780213,0.107381,-0.031238,1.016333,1.022467,6.279259,343.779816
6.7974439,0.135446,-0.047101,1.014258,1.024346,8.047447,340.825012
6.8168659,0.137398,-0.043806,1.013526,1.023735,8.098152,342.316284
6.8362861,0.132273,-0.034899,0.999249,1.008570,7.795432,345.220032
6.8557086,0.126294,-0.044172,0.980092,0.989182,7.773623,340.722290
6.8751292,0.127514,-0.054544,0.985827,0.995535,8.008076,336.841125
6.8945522,0.097619,-0.042586,0.996199,1.001876,6.102296,336.430756
6.9139729,0.131419,-0.049419,0.979848,0.989856,8.154491,339.391510
6.9333954,0.104940,-0.051860,0.963985,0.971066,6.923451,333.702057
6.9528155,0.107503,-0.061378,0.974113,0.981947,7.242319,330.276123
6.9722371,0.106526,-0.039780,0.978750,0.985333,6.626908,339.523102
6.9916592,0.090541,-0.083098,0.939946,0.947946,7.448954,317.454590
7.0110822,0.072238,-0.060524,1.007669,1.012066,5.342948,320.042450
7.0305014,0.073092,-0.045027,0.974113,0.977888,5.036373,328.365814
7.0499234,0.086637,-0.077485,0.933113,0.940324,7.100394,318.191620
7.0693450,0.058693,-0.072238,0.990098,0.994463,5.370421,309.093872
7.0887656,0.058571,-0.054300,0.977529,0.980787,4.671015,317.166901
7.1081862,0.052592,-0.067723,0.956541,0.960377,5.122391,307.832062
7.1276088,0.052592,-0.061378,0.971672,0.975028,4.755140,310.591919
7.1470304,0.070163,-0.054178,0.961300,0.965379,5.268642,322.325623
7.1664515,0.041854,-0.061134,0.953247,0.956122,4.444221,304.396729
7.1858726,0.059547,-0.062476,0.942264,0.946209,5.233491,313.625153
7.2052960,0.075777,-0.040634,0.968255,0.972066,5.074701,331.798370
7.2247167,0.083220,-0.050762,0.956541,0.961495,5.818879,328.618042
7.2441387,0.075410,-0.046003,0.953247,0.957331,5.294316,328.615448
7.2635603,0.101035,-0.039170,0.960446,0.966540,6.437179,338.809631
7.2829843,0.093470,-0.038315,0.963497,0.968778,5.985367,337.710205
7.3024073,0.102500,-0.032214,0.978872,0.984750,6.263816,342.552826
7.3218307,0.095422,-0.032092,0.978872,0.984035,5.872060,341.411316
7.3412523,0.120315,-0.033068,0.975699,0.983645,7.287688,344.631866
7.3606744,0.116654,-0.014033,0.998395,1.005285,6.711918,353.140686
7.3800974,0.106892,-0.020622,0.960080,0.966232,6.469115,349.080505
7.3995209,0.126172,-0.010372,0.976919,0.985088,7.383762,355.300568
7.4189425,0.113604,0.001952,0.968621,0.975263,6.690290,0.984578
7.4383655,0.117509,-0.005003,0.975943,0.983005,6.871810,357.562103
7.4577889,0.116654,-0.013179,0.954223,0.961417,7.013751,353.554596
7.4772110,0.088833,0.018304,0.999982,1.004086,5.182550,11.642517
7.4966335,0.132761,-0.012812,0.989732,0.998678,7.675063,354.487610
7.5160561,0.079437,0.025381,1.017553,1.020965,4.685211,17.719122
7.5354786,0.177910,0.017327,0.907732,0.925165,11.140230,5.562703
7.5549002,0.118119,0.000488,1.031342,1.038084,6.533630,0.236758
7.5743217,0.115068,0.009274,0.968499,0.975355,6.797340,4.607728
7.5937438,0.130443,0.040146,1.029145,1.038156,7.554242,17.106495
7.6131644,0.147038,-0.017449,0.917616,0.929486,9.166454,353.232239
7.6325870,0.188404,0.016351,0.957762,0.976253,11.169498,4.960133
7.6520100,0.163755,0.014521,1.018407,1.031591,9.169948,5.067370
7.6714334,0.161071,-0.016961,0.945681,0.959450,9.718448,353.988739
7.6908569,0.187184,0.005735,0.935065,0.953634,11.325173,1.754928
7.7102785,0.196458,0.014399,0.983630,1.003161,11.324408,4.191823
7.7296996,0.195848,-0.032458,0.894065,0.915840,12.518888,350.589783
7.7491226,0.205853,0.012690,0.971550,0.993200,11.985037,3.527700
7.7685456,0.230136,-0.018548,0.966547,0.993740,13.434675,355.392273
7.7879672,0.194871,-0.011470,0.926279,0.946626,11.900656,356.631439
7.8073883,0.213053,-0.001708,0.933967,0.957961,12.850591,359.540588
7.8268104,0.240264,-0.015375,0.927744,0.958474,14.547718,356.338531
7.8462310,0.256859,-0.016717,0.964351,0.998112,14.944868,356.276276
7.8656521,0.251490,-0.016839,0.915541,0.949604,15.392499,356.169312
7.8850751,0.242949,-0.011226,0.927622,0.958975,14.691371,357.354370
7.9044962,0.241728,-0.036363,0.913101,0.945256,14.987317,351.445190
7.9239173,0.256859,-0.052226,0.977529,1.012061,15.010200,348.506989
7.9433389,0.217202,-0.028798,0.942631,0.967759,13.085303,352.447540
7.9627600,0.274553,-0.031970,0.899678,0.941181,17.078487,353.358124
7.9821830,0.271502,-0.075410,0.923107,0.965156,16.974909,344.477203
8.0016060,0.213053,-0.087735,0.950074,0.977614,13.632084,337.618225
8.0210285,0.280044,-0.029652,1.029145,1.066979,15.303457,353.955902
8.0404491,0.166928,-0.116654,0.813774,0.838869,14.049899,325.052979
8.0598707,0.237091,-0.057473,0.954833,0.985506,14.332349,346.373840
8.0792933,0.248440,-0.042708,0.894675,0.929511,15.735719,350.245880
8.0987148,0.207806,-0.119583,0.878934,0.911048,15.258000,330.081512
8.1181364,0.237091,-0.104696,1.045618,1.077261,13.921394,336.174469
8.1375599,0.177178,-0.051250,0.917128,0.935490,11.370941,343.867157
8.1569824,0.222937,-0.091396,0.835006,0.869074,16.095682,337.708252
8.1764040,0.189258,-0.123854,0.944705,0.971404,13.464364,326.798615
8.1958256,0.140205,-0.069065,0.966059,0.978620,9.189898,333.775055
8.2152500,0.156068,-0.065405,0.917128,0.932608,10.454043,337.262543
8.2346716,0.193041,-0.121047,0.851113,0.881085,14.987344,327.910065
8.2540941,0.130199,-0.087247,0.935675,0.948711,9.508925,326.173828
8.2735167,0.092250,-0.071140,0.932503,0.939751,7.120838,322.361877
8.2929392,0.149601,-0.058327,0.856604,0.871523,10.616800,338.699890
8.3123608,0.089199,-0.083708,0.833664,0.842591,8.347579,316.818939
8.3317823,0.065160,-0.079925,0.915907,0.921694,6.423793,309.189240
8.3512030,0.156434,-0.126050,0.898092,0.920288,12.609176,321.139099
8.3706236,0.085782,-0.056009,0.932259,0.937871,6.271198,326.858826
8.3900452,0.288707,-0.072848,0.850137,0.900773,19.302546,345.838470
8.4094658,0.102500,-0.056497,0.897238,0.904839,7.431891,331.136871
8.4288883,0.073946,-0.001464,0.710054,0.713896,5.946563,358.865570
8.4483109,0.216103,-0.097253,0.821583,0.855078,16.089731,335.770905
8.4677324,0.146062,-0.061256,0.902607,0.916398,9.952756,337.247711
8.4871559,0.272722,-0.153627,0.775092,0.835911,21.990971,330.606964
8.5065765,0.214151,-0.251002,1.026583,1.078302,17.817390,310.470276
8.5259991,0.624638,-0.224279,0.983752,1.186694,34.005291,340.249084
8.5454206,0.813164,-0.312868,1.022800,1.343593,40.426136,338.955566
8.5648432,0.563504,-0.391085,1.197171,1.379748,29.810514,325.238464
8.5842638,0.457100,-0.555816,1.334448,1.516121,28.336836,309.433655
8.6036863,0.564114,-0.364484,1.825104,1.944756,20.203106,327.132813
8.6231089,0.113360,-0.772652,1.059529,1.316223,36.391991,278.346619
8.6425323,0.284314,-0.523846,2.011311,2.097766,16.506561,298.490631
8.6619539,0.409877,-0.584614,1.434263,1.602149,26.464357,305.034546
8.6813765,-0.474427,-0.296639,1.670988,1.762180,18.513157,212.015976
8.7007990,-0.132883,-0.518233,0.745441,0.917554,35.666801,255.618286
8.7202215,0.003783,-0.197312,1.960550,1.970457,5.748014,271.098297
8.7396431,-0.539465,-0.298103,0.781316,0.995160,38.268597,208.924591
8.7590675,-0.346424,-0.149601,0.919202,0.993641,22.318886,203.356720
8.7784910,-0.318237,-0.052958,1.062580,1.110475,16.888990,189.448074
8.7979145,-0.395234,-0.071994,0.815482,0.909068,26.226601,190.323532
8.8173370,-0.218300,0.040390,0.879911,0.907485,14.160409,169.517700
8.8367586,-0.154970,0.103354,0.861973,0.881870,12.194141,146.299530
8.8561773,-0.236847,-0.049419,0.425618,0.489581,29.616674,191.785965
8.8756018,0.019036,0.087369,0.572534,0.579474,8.876772,77.708649
8.8950205,-0.032336,0.116166,0.429766,0.446362,15.672936,105.555145
8.9144430,-0.037583,0.048565,0.368755,0.373833,9.454777,127.735191
8.9338655,0.121169,0.013179,0.273454,0.299388,24.023428,6.207168
8.9532871,0.527141,0.197190,0.994613,1.142810,29.503963,20.509520
8.9727097,0.242460,0.009152,0.599379,0.646626,22.038475,2.161622
8.9921341,0.450998,0.201705,0.829393,0.965389,30.781212,24.096115
9.0115538,0.647090,-0.013423,0.686626,0.943589,43.308216,358.811676
9.0309772,0.637328,0.136178,1.430114,1.571610,24.499125,12.061041
9.0503988,0.524579,0.168636,1.175939,1.298635,25.106701,17.821045
9.0698195,0.368755,0.262228,1.147996,1.233952,21.512022,35.417336
9.0892410,0.331904,0.112017,1.363245,1.407532,14.410843,18.649538
9.1086617,0.170589,0.131053,1.585084,1.599614,7.728601,37.532917
9.1280842,0.052836,0.026845,1.351409,1.352708,2.511078,26.934355
9.1475067,-0.074678,-0.049053,1.270141,1.273280,4.023798,213.299423
9.1669273,-0.006345,-0.088955,1.343721,1.346678,3.797049,265.919983
9.1863508,-0.346912,0.017693,1.263308,1.310194,15.374309,177.080307
9.2057734,-0.296029,-0.139351,1.129326,1.175768,16.157318,205.207947
9.2251959,-0.428668,-0.173273,1.216207,1.301130,20.815222,202.009201
9.2446165,-0.399627,-0.164365,0.975089,1.066544,23.900396,202.357254
9.2640400,-0.364362,-0.276871,1.118344,1.208350,22.254139,217.230453
9.2834616,-0.500418,-0.216591,1.066728,1.198015,27.074759,203.403992
9.3028831,-0.385350,-0.210124,0.786807,0.900950,29.154699,208.602829
9.3223038,-0.148258,-0.156068,0.764598,0.794323,15.723814,226.469971
9.3417253,-0.261740,-0.162169,0.743732,0.804950,22.489668,211.781540
9.3611450,-0.188282,-0.193285,0.714325,0.763590,20.693754,225.751190
9.3805647,-0.131785,-0.200484,0.694313,0.734596,19.062571,236.681717
9.3999882,-0.039780,-0.163023,0.616706,0.639129,15.221726,256.287109
9.4194088,-0.032458,-0.189746,0.692971,0.719212,15.524916,260.292877
9.4388285,0.009518,-0.157410,0.689798,0.707595,12.877327,273.460175
9.4582491,0.080535,-0.124342,0.707614,0.722955,11.824551,302.930878
9.4776707,0.105550,-0.104208,0.735557,0.750363,11.400764,315.366638
9.4970932,0.153505,-0.088589,0.683331,0.705941,14.540278,330.010468
9.5165138,0.156800,-0.083952,0.817801,0.836918,12.269932,331.835022
9.5359364,0.177788,-0.069431,0.810357,0.832531,13.253412,338.667938
9.5553589,0.200362,-0.054300,0.792176,0.818924,14.684219,344.836456
9.5747814,0.214395,-0.032946,0.869295,0.895948,14.010682,351.263641
9.5942030,0.214639,-0.005491,0.867830,0.893996,13.896461,358.534546
9.6136265,0.207196,-0.031360,0.868928,0.893840,13.558846,351.393341
9.6330471,0.203291,-0.041610,0.972770,0.994656,12.041512,348.432373
9.6524715,0.146794,-0.079071,0.960080,0.974451,9.852193,331.690735
9.6718941,0.179252,-0.020622,0.982044,0.998483,10.411043,353.437286
9.6913147,0.104330,-0.062720,0.978505,0.986048,7.091492,328.987000
9.7107363,0.032092,-0.103354,0.944949,0.951126,6.533390,287.249969
9.7301598,0.060890,-0.106160,1.061115,1.068149,6.579123,299.837006
9.7495813,-0.004881,-0.055277,0.995833,0.997378,3.189421,264.953857
9.7690020,-0.026601,-0.058327,0.929574,0.931782,3.945112,245.483841
9.7884235,-0.037827,-0.151675,0.891625,0.905224,9.944098,255.996292
9.8078451,-0.041610,-0.121535,0.887354,0.896604,8.237402,251.100357
9.8272667,-0.069797,-0.087491,0.874542,0.881674,7.292910,231.418243
9.8466892,-0.130931,-0.136056,0.773506,0.796220,13.718365,226.099686
9.8661118,-0.074556,-0.138619,0.789857,0.805387,11.269842,241.726318
9.8855352,-0.076997,-0.120071,0.854896,0.866714,9.472452,237.329559
9.9049578,-0.118119,-0.142279,0.785342,0.806820,13.249747,230.300919
9.9243822,-0.090419,-0.162291,0.852211,0.872226,12.297926,240.875946
9.9438038,-0.034167,-0.137398,0.874297,0.885687,9.198555,256.035614
9.9632244,-0.074312,-0.125928,0.862095,0.874407,9.626309,239.454453
9.9826431,-0.034777,-0.144232,0.857702,0.870440,9.813878,256.443787
10.0020638,0.081512,-0.171931,0.952881,0.971692,11.292484,295.365387
10.0214844,0.001830,-0.147648,1.071365,1.081493,7.847304,270.710236
10.0409069,-0.004637,-0.165342,0.940190,0.954629,9.977878,268.393616
10.0603275,0.025259,-0.270526,1.040615,1.075501,14.633126,275.334198
10.0797510,0.078827,-0.230868,1.186189,1.211015,11.621526,288.851837
10.0991707,0.204511,-0.176568,1.181918,1.212408,12.876592,319.193817
10.1185932,0.178764,-0.280776,1.176305,1.222492,15.799675,302.484070
10.1380138,0.109089,-0.411341,1.209984,1.282639,19.377155,284.853119
10.1574354,0.123366,-0.276261,1.481974,1.512543,11.538742,294.063385
10.1768560,0.073580,-0.378761,1.318707,1.373994,16.308987,280.993652
10.1962757,-0.123488,-0.403897,1.450858,1.511083,16.230581,252.999496
10.2156954,-0.222815,-0.261008,1.372763,1.415009,14.035769,229.513611
10.2351170,-0.091884,-0.288463,1.296620,1.331495,13.142351,252.331879
10.2545376,-0.451242,-0.301276,1.345430,1.450713,21.962837,213.729385
10.2739611,-0.531656,-0.264791,1.038541,1.196386,29.765419,206.475555
10.2933817,-0.211711,-0.092860,1.260502,1.281526,10.392752,203.683060
10.3128033,-0.329829,-0.209636,0.918592,0.998271,23.047211,212.439636
10.3322229,-0.380835,-0.161559,0.907488,0.997332,24.506306,202.987778
10.3516445,-0.288829,-0.105794,0.946047,0.994797,18.011276,200.117096
10.3710651,-0.287853,-0.072604,0.758497,0.814524,21.374880,194.156189
10.3904886,-0.223913,-0.067479,0.722012,0.758941,17.947128,196.770828
10.4099092,-0.235627,-0.007443,0.693947,0.732897,18.763439,181.809357
10.4293299,-0.196214,0.013423,0.652703,0.681690,16.768578,176.086609
10.4487505,-0.100791,0.017205,0.682355,0.689973,8.522216,170.312851
10.4681711,-0.088833,0.000610,0.645870,0.651950,7.831505,179.606491
10.4875937,-0.132517,0.068211,0.705295,0.720871,11.932147,152.763626
10.5070152,-0.075166,0.116288,0.684673,0.698534,11.433147,122.877815
10.5264359,-0.068943,0.053812,0.688944,0.694473,7.234757,142.026855
10.5458584,-0.036363,0.065405,0.764598,0.768252,5.589879,119.072754
10.5652809,-0.007443,0.083220,0.865024,0.869050,5.517042,95.111092
10.5847015,0.038315,0.083464,0.959104,0.963491,5.469666,65.341835
10.6041241,0.052226,0.080413,0.990098,0.994730,5.531480,56.997528
10.6235456,-0.065038,0.035753,1.080029,1.082576,3.931090,151.201584
10.6429672,-0.191577,0.072970,1.248665,1.265382,9.323523,159.148575
10.6623888,-0.164121,0.053324,1.309677,1.320997,7.506214,162.000656
10.6818094,-0.197922,-0.046003,1.318951,1.334511,8.758135,193.084885
10.7012310,-0.410609,-0.102988,1.367028,1.431073,17.206171,194.080307
10.7206507,-0.408168,0.091396,1.376180,1.438341,16.906097,167.378723
10.7400723,-0.315674,-0.123610,1.223894,1.269979,15.482461,201.383987
10.7594948,-0.508593,-0.236725,1.077588,1.214867,27.501245,204.959671
10.7789164,-0.446240,-0.106770,1.247201,1.328924,20.198153,193.456024
10.7983379,-0.256493,-0.187062,1.124079,1.168048,15.770613,216.103470
10.8177595,-0.459418,-0.304692,1.061725,1.196312,27.439426,213.552887
10.8371830,-0.450266,-0.297737,1.020237,1.154241,27.883114,213.474533
10.8566046,-0.291636,-0.260764,1.119931,1.186294,19.255379,221.801239
10.8760262,-0.342764,-0.312868,0.908342,1.020029,27.063051,222.389221
10.8954496,-0.308353,-0.320677,0.918836,1.020870,25.835087,226.122437
10.9148693,-0.228428,-0.281752,0.981190,1.046087,20.287842,230.966919
10.9342909,-0.280776,-0.236603,0.824512,0.902572,24.004461,220.120071
10.9537134,-0.268451,-0.263815,0.780828,0.866808,25.735516,224.500870
10.9731359,-0.218178,-0.258445,0.863071,0.926978,21.399443,229.829178
10.9925575,-0.215127,-0.222571,0.778875,0.838131,21.674067,225.974274
11.0119791,-0.235505,-0.199386,0.725307,0.788218,23.046757,220.252319
11.0313988,-0.172053,-0.199020,0.768747,0.812517,18.891937,229.156570
11.0508213,-0.196458,-0.153383,0.815726,0.852955,16.990389,217.980774
11.0702438,-0.235993,-0.156312,0.756789,0.807995,20.507572,213.518814
11.0896654,-0.236237,-0.092982,0.799253,0.838605,17.622087,201.484344
11.1090879,-0.203901,-0.086515,0.848551,0.876983,14.629395,202.991364
11.1285114,-0.253199,-0.073946,0.833908,0.874631,17.552814,196.280350
11.1479330,-0.228428,-0.069431,0.826098,0.859906,16.119562,196.906815
11.1673555,-0.228672,-0.043562,0.908464,0.937814,14.372219,190.785706
11.1867781,-0.256127,-0.042464,0.880155,0.917647,16.434736,189.413620
11.2062006,-0.258690,-0.044050,0.923107,0.959681,15.868964,189.663803
11.2256222,-0.248684,-0.036607,0.962276,0.994565,14.639533,188.373978
11.2450466,-0.234041,-0.044661,0.998517,1.026551,13.420836,190.803513
11.2644672,-0.259422,-0.046979,1.002910,1.036984,14.728477,190.264526
11.2838907,-0.244291,-0.056375,1.027559,1.057702,13.711537,192.994614
11.3033133,-0.255273,-0.051128,1.035856,1.068072,14.107979,191.325729
11.3227329,-0.270038,-0.055521,1.031342,1.067553,14.965724,191.618286
11.3421535,-0.183401,-0.076509,1.018285,1.037494,11.042557,202.644226
11.3615742,-0.240020,-0.076875,1.050011,1.079835,13.497165,197.759460
11.3809948,-0.248440,-0.069431,0.979848,1.013235,14.749297,195.614059
11.4004173,-0.189746,-0.080047,1.037687,1.057925,11.225072,202.873169
11.4198389,-0.200362,-0.099327,0.997541,1.022301,12.635805,206.369308
11.4392605,-0.181937,-0.109943,0.994246,1.016718,12.068477,211.144257
11.4586802,-0.170711,-0.121169,1.007303,1.028826,11.740326,215.366852
11.4781017,-0.154360,-0.133494,0.990342,1.011150,11.643781,220.853973
11.4975243,-0.151675,-0.135690,1.020481,1.040577,11.278384,221.816132
11.5169449,-0.168148,-0.142767,0.986071,1.010442,12.609332,220.333145
11.5363655,-0.130443,-0.151065,1.011086,1.030597,11.166695,229.189743
11.5557880,-0.123000,-0.146184,1.017797,1.035572,10.631045,229.922668
11.5752106,-0.144720,-0.149235,1.000226,1.021600,11.740896,225.879944
11.5946350,-0.099083,-0.141303,1.011940,1.026551,9.678329,234.961517
11.6140566,-0.117997,-0.127148,1.013526,1.028263,9.712032,227.137970
11.6334772,-0.119949,-0.127514,0.976187,0.991760,10.167091,226.751099
11.6528988,-0.098351,-0.122511,0.997419,1.009716,8.951200,231.242889
11.6723204,-0.106282,-0.102744,0.980336,0.991418,8.575010,224.030106
11.6917419,-0.106770,-0.112872,0.956297,0.968837,9.228245,226.591141
11.7111645,-0.084440,-0.111651,0.954833,0.965040,8.340613,232.900360
11.7305841,-0.096887,-0.093104,0.976675,0.985875,7.833510,223.859390
11.7500057,-0.091640,-0.073092,0.933235,0.940568,7.159139,218.575974
11.7694273,-0.097009,-0.104940,0.930672,0.941581,8.729875,227.249130
11.7888498,-0.091640,-0.100425,0.978261,0.987663,7.911898,227.619080
11.8082724,-0.101157,-0.078827,0.950440,0.959053,7.684595,217.927582
11.8276930,-0.099327,-0.068455,0.952636,0.960244,7.216892,214.574188
11.8471155,-0.089931,-0.105306,0.929818,0.940074,8.470995,229.502747
11.8665380,-0.070774,-0.087369,0.979726,0.986156,6.546883,230.990601
11.8859587,-0.104208,-0.067235,0.940068,0.948213,7.515175,212.830063
11.9053802,-0.088345,-0.075654,1.020725,1.027331,6.500834,220.575211
11.9247999,-0.109699,-0.090541,0.916396,0.927369,8.822719,219.534958
11.9442225,-0.066991,-0.076753,0.999127,1.004308,5.822044,228.885086
11.9636421,-0.070407,-0.080169,0.964229,0.970114,6.314444,228.709290
11.9830627,-0.089565,-0.081024,0.960690,0.968252,7.165493,222.133499
12.0024824,-0.068455,-0.086637,0.991196,0.997327,6.356441,231.686295
12.0219040,-0.050152,-0.075654,0.974479,0.978697,5.321450,236.459473
12.0413265,-0.064550,-0.071262,0.972770,0.977511,5.644933,227.829025
12.0607491,-0.036363,-0.094324,0.960934,0.966237,6.005443,248.917801
12.0801716,-0.036607,-0.086759,1.000348,1.004770,5.377604,247.123123
12.0995941,-0.044539,-0.058449,0.949952,0.952790,4.423370,232.692444
12.1190176,-0.019158,-0.095788,0.971062,0.975963,5.744398,258.690063
12.1384401,0.003295,-0.081268,0.982166,0.985528,4.733917,272.321533
12.1578617,-0.017083,-0.068333,0.959958,0.962538,4.196520,255.963760
12.1772833,0.037095,-0.085416,0.949342,0.953898,5.602417,293.474609
12.1967058,0.022818,-0.102012,0.969110,0.974731,6.156382,282.608612
12.2161283,0.042830,-0.089931,0.967035,0.972152,5.881000,295.466370
12.2355471,0.044661,-0.074068,0.965693,0.969558,5.117952,301.088531
12.2549667,0.082244,-0.096398,0.945559,0.954012,7.632755,310.469635
12.2743845,0.079193,-0.102134,0.988511,0.996924,7.448664,307.789581
12.2938061,0.083098,-0.066625,0.952515,0.958451,6.380209,321.278687
12.3132267,0.105184,-0.093592,0.948854,0.959243,8.440199,318.337585
12.3326483,0.104574,-0.099083,0.967157,0.977827,8.471992,316.544464
12.3520689,0.092128,-0.084440,0.979970,0.987906,7.267415,317.492981
12.3714914,0.103842,-0.083098,0.945803,0.955108,8.004398,321.331970
12.3909121,0.128247,-0.091029,0.984607,0.997088,9.075064,324.632874
12.4103336,0.111773,-0.087857,0.967767,0.978154,8.357219,321.831726
12.4297523,0.112628,-0.077485,0.965693,0.975321,8.057467,325.473053
12.4491730,0.118485,-0.089077,0.965937,0.977245,8.724630,323.064087
12.4685946,0.121535,-0.081634,0.976675,0.987588,8.525350,326.111267
12.4880152,0.130931,-0.082732,0.986315,0.998401,8.924184,327.712311
12.5074368,0.122145,-0.094690,0.960690,0.973042,9.139080,322.216278
12.5268564,0.106282,-0.077973,0.979848,0.988675,7.661882,323.734741
12.5462780,0.115800,-0.087979,0.982532,0.993237,8.419536,322.774353
12.5656986,0.116654,-0.089321,0.960446,0.971619,8.697346,322.559052
12.5851192,0.095056,-0.073824,0.956419,0.963962,7.172444,322.165771
12.6045408,0.109211,-0.092860,0.955687,0.966379,8.530738,319.626160
12.6239624,0.087979,-0.090785,0.954223,0.962561,7.546938,314.100555
12.6433830,0.101767,-0.075288,0.959226,0.967543,7.517917,323.505646
12.6628017,0.088345,-0.092860,0.959470,0.967993,7.608806,313.572723
12.6822214,0.068089,-0.083220,0.939336,0.945470,6.530208,309.289398
12.7016401,0.098595,-0.093836,0.971428,0.980917,7.976022,316.416656
12.7210617,0.075654,-0.094446,0.973259,0.980753,7.087535,308.695892
12.7404823,0.088589,-0.073458,0.959226,0.966105,6.841345,320.334442
12.7599039,0.097741,-0.088467,0.993880,1.002586,7.555800,317.851166
12.7793255,0.076997,-0.088833,0.934211,0.941578,7.172171,310.917389
12.7987471,0.116898,-0.071384,1.020115,1.029270,7.647346,328.589783
12.8181696,0.066381,-0.093714,0.927134,0.934219,7.061137,305.311218
12.8375893,0.108967,-0.077729,0.993636,1.002611,7.671917,324.498749
12.8570099,0.065771,-0.090175,0.938726,0.945338,6.780527,306.105682
12.8764315,0.092494,-0.079315,0.968377,0.976013,7.171432,319.386261
12.8958530,0.119339,-0.096520,0.969842,0.981912,8.992960,321.034302
12.9152746,0.070163,-0.087613,0.956053,0.962620,6.696121,308.688995
12.9346933,0.107503,-0.073458,0.989732,0.998259,7.494441,325.654633
12.9541140,0.097863,-0.082610,0.960568,0.969068,7.594220,319.830963
12.9735384,0.098717,-0.086881,0.979115,0.987907,7.649578,318.649017
12.9929600,0.107381,-0.087491,0.972404,0.982220,8.106777,320.827789
13.0123835,0.096887,-0.082000,0.974113,0.982347,7.423939,319.757172
13.0318069,0.089565,-0.085538,0.943851,0.951942,7.475486,316.317383
13.0512304,0.133250,-0.084806,0.977895,0.990569,9.175068,327.525421
13.0706539,0.111773,-0.090785,0.976797,0.987354,8.386000,320.915558
13.0900764,0.115434,-0.079071,0.972038,0.982057,8.191103,325.589264
13.1094990,0.121657,-0.086149,0.972526,0.983885,8.714583,324.696777
13.1289215,0.111651,-0.090663,0.972282,0.982862,8.414496,320.922638
13.1483440,0.103354,-0.097253,0.990586,1.000700,8.152975,316.742035
13.1677647,0.132883,-0.087247,0.968011,0.980977,9.325778,326.712463
13.1871862,0.111895,-0.085416,0.967645,0.977831,8.277208,322.643372
13.2066078,0.097375,-0.085294,0.955077,0.963810,7.718691,318.783600
13.2260294,0.084196,-0.086149,0.965571,0.973056,7.111189,314.343353
13.2454538,0.103598,-0.087613,0.957273,0.966841,8.067013,319.778778
13.2648792,0.108479,-0.085416,0.967767,0.977567,8.119578,321.783051
13.2843018,0.090907,-0.094690,0.941044,0.950155,7.940848,313.832397
13.3037252,0.083464,-0.079193,0.978628,0.985368,6.705369,316.504059
13.3231487,0.086026,-0.080535,0.954711,0.961956,7.036480,316.888184
13.3425732,0.063818,-0.102256,0.936041,0.943770,7.337754,301.968506
13.3619947,0.091273,-0.084196,0.982410,0.990227,7.203968,317.309692
13.3814163,0.096398,-0.092250,0.949342,0.958672,8.000301,316.259857
13.4008389,0.074190,-0.089443,0.956053,0.963090,6.930275,309.674622
13.4202623,0.086759,-0.069431,0.975455,0.981764,6.498933,321.330353
13.4396839,0.099815,-0.077363,0.951294,0.959640,7.561875,322.222137
13.4591064,0.086149,-0.093470,0.961422,0.969789,7.531712,312.665863
13.4785290,0.085050,-0.086393,0.975943,0.983444,7.081056,314.551422
13.4979506,0.098107,-0.082244,0.980946,0.989264,7.435428,320.026611
13.5173721,0.109699,-0.093592,0.949586,0.960472,8.634676,319.530182
13.5367956,0.128979,-0.087003,0.989854,1.002006,8.932348,325.998352
