Keuwl Accelerometer Data File
2021-05-23 11-13-01

Time (s), X (g), Y (g), Z (g), R (g), Theta (deg), Phi (deg)
0.0000000,-0.011104,-0.123610,0.959226,0.967221,7.372141,264.866760
0.0194095,0.005491,-0.122511,0.996687,1.004203,7.014534,272.566315
0.0388193,-0.001952,-0.115922,0.964961,0.971901,6.851143,269.035095
0.0582285,0.022574,-0.089443,0.945803,0.950291,5.570704,284.164917
0.0776392,0.020378,-0.091884,0.942020,0.946710,5.705438,282.504639
0.0970495,0.005491,-0.105428,0.952758,0.958590,6.322915,272.981476
0.1164600,-0.042586,-0.116532,1.004619,1.012251,7.040382,249.925415
0.1358703,-0.022086,-0.076875,1.003642,1.006824,4.556468,253.970551
0.1552794,0.002807,-0.039047,0.901265,0.902114,2.487190,274.111053
0.1746907,-0.035631,-0.039536,1.019749,1.021137,2.987669,227.973740
0.1941013,-0.008786,0.000000,0.956175,0.956216,0.526376,180.000000
0.2135112,-0.017571,-0.001952,0.963863,0.964025,1.050902,186.340195
0.2329218,-0.046491,-0.000366,0.992904,0.993992,2.680880,180.451141
0.2523334,-0.016107,0.015131,0.967767,0.968020,1.308208,136.789902
0.2717433,-0.004149,0.015131,0.979238,0.979363,0.917919,105.333282
0.2911513,-0.011348,0.021354,0.995467,0.995760,1.391564,117.987450
0.3105633,-0.018426,0.021476,0.965205,0.965620,1.679347,130.628098
0.3299734,-0.003173,0.021232,0.990464,0.990696,1.241750,98.498558
0.3493837,0.004637,0.020866,0.987535,0.987767,1.240016,77.471191
0.3687938,-0.014643,0.015497,0.973380,0.973614,1.254762,133.376663
0.3882044,0.003539,0.018548,0.992050,0.992230,1.090560,79.198380
0.4076129,-0.008664,0.019646,0.975699,0.975935,1.260674,113.797180
0.4270223,-0.000366,0.023428,0.987291,0.987569,1.359555,90.895172
0.4464332,0.007809,0.031360,0.975455,0.975990,1.897645,76.016228
0.4658448,-0.019158,0.030872,0.982654,0.983326,2.117478,121.821808
0.4852570,-0.001830,0.036363,0.963497,0.964184,2.164103,92.881584
0.5046687,0.006101,0.027699,0.978017,0.978429,1.661186,77.578140
0.5240791,-0.012568,0.023062,0.961788,0.962147,1.564355,118.589218
0.5434905,0.000976,0.027333,0.970818,0.971203,1.613739,87.954590
0.5629000,-0.016717,0.006589,0.966913,0.967080,1.064592,158.487595
0.5823135,-0.007809,0.013423,0.965205,0.965330,0.921748,120.191628
0.6017254,-0.001220,0.012812,0.965693,0.965779,0.763614,95.440331
0.6211379,-0.013911,0.007077,0.969964,0.970089,0.921960,153.034286
0.6405481,-0.020378,0.014399,0.969476,0.969797,1.474323,144.755478
0.6599578,-0.007077,0.006345,0.964107,0.964154,0.564753,138.122131
0.6793680,-0.007443,0.017205,0.981922,0.982101,1.093785,113.394470
0.6987792,-0.017693,0.007199,0.965937,0.966126,1.132806,157.858765
0.7181888,-0.003173,0.011104,0.980580,0.980648,0.674927,105.945396
0.7375991,-0.015253,0.010372,0.981800,0.981973,1.076292,145.784302
0.7570091,-0.014155,0.007321,0.983264,0.983393,0.928727,152.650116
0.7764199,0.010372,0.008542,0.978017,0.978110,0.787085,39.472462
0.7958297,-0.014521,0.012446,0.988023,0.988208,1.109064,139.398712
0.8152394,0.001342,0.007443,0.984240,0.984270,0.440575,79.777832
0.8346485,-0.014521,0.002318,0.983508,0.983618,0.856608,170.928497
0.8540589,0.014643,0.016473,0.976309,0.976558,1.293163,48.366459
0.8734696,0.003661,0.008542,0.983264,0.983308,0.541764,66.801414
0.8928810,0.004515,0.005003,0.962642,0.962666,0.401051,47.935680
0.9122919,-0.000854,0.013545,0.996443,0.996535,0.780093,93.608467
0.9317033,-0.000366,0.016839,0.960812,0.960960,1.004442,91.245361
0.9511138,0.017449,0.007809,0.983996,0.984182,1.113115,24.111021
0.9705265,-0.006711,0.015009,0.966669,0.966809,0.974581,114.092018
0.9899371,0.020988,0.011348,0.984607,0.984896,1.388044,28.399986
1.0093486,0.010128,0.007932,0.967279,0.967365,0.761818,38.065655
1.0287563,-0.002807,0.008664,0.975455,0.975497,0.534857,107.949409
1.0481660,0.001952,0.015131,0.971428,0.971548,0.899834,82.647621
1.0675745,0.019280,0.004515,0.978872,0.979072,1.158934,13.179868
1.0869839,-0.000488,0.007077,0.973624,0.973650,0.417310,93.945183
1.1063941,0.008908,0.017327,0.969720,0.969916,1.150971,62.793007
1.1258062,-0.000854,0.003905,0.991562,0.991570,0.230700,102.339081
1.1452167,-0.013423,0.007077,0.960812,0.960932,0.904822,152.198532
1.1646281,0.021476,0.013057,0.989366,0.989685,1.455218,31.297701
1.1840383,-0.010494,0.006223,0.971306,0.971383,0.719549,149.331070
1.2034487,-0.001708,-0.000976,0.983386,0.983388,0.115350,209.744873
1.2228563,-0.000488,0.005735,0.968133,0.968151,0.340349,94.864517
1.2422669,-0.001952,0.002196,0.993514,0.993519,0.169020,131.633530
1.2616773,-0.011348,-0.000610,0.965327,0.965394,0.674347,183.077454
1.2810864,-0.001464,0.000488,0.986315,0.986316,0.088469,161.565048
1.3004965,-0.018548,0.002929,0.975455,0.975636,1.102871,171.027374
1.3199081,-0.007199,0.002562,0.974723,0.974753,0.449370,160.407715
1.3393195,-0.000366,0.005247,0.978505,0.978519,0.307741,93.990913
1.3587312,-0.023184,0.004027,0.972648,0.972933,1.385928,170.146912
1.3781418,-0.011470,0.006955,0.974845,0.974937,0.788327,148.768097
1.3975531,-0.010738,0.006833,0.977041,0.977124,0.746510,147.528809
1.4169630,-0.023184,0.005979,0.968134,0.968430,1.416789,165.538834
1.4363742,-0.012324,0.014277,0.983874,0.984055,1.098249,130.802322
1.4557852,-0.018670,0.012568,0.976553,0.976812,1.320121,146.051453
1.4751955,-0.028920,0.010860,0.976309,0.976798,1.812293,159.417465
1.4946047,-0.024771,0.021720,0.980824,0.981377,1.923764,138.754181
1.5140157,-0.018426,0.023917,0.986071,0.986533,1.753681,127.610947
1.5334247,-0.024405,0.022086,0.973136,0.973693,1.937146,137.854904
1.5528340,-0.023062,0.025137,0.983142,0.983734,1.987314,132.535629
1.5722411,-0.030140,0.026113,0.973503,0.974319,2.345769,139.094452
1.5916500,-0.024161,0.027455,0.979482,0.980164,2.138356,131.347778
1.6110593,-0.019280,0.027821,0.977895,0.978481,1.982384,124.721275
1.6304708,-0.021964,0.029286,0.976309,0.976995,2.147307,126.869896
1.6498810,-0.008542,0.025503,0.978139,0.978509,1.575077,108.517151
1.6692922,-0.022330,0.026967,0.970330,0.970961,2.066491,129.626602
1.6887002,-0.004759,0.033190,0.978994,0.979568,1.961543,98.159592
1.7081081,-0.006223,0.028431,0.977895,0.978328,1.704791,102.346420
1.7275146,-0.005613,0.038315,0.976553,0.977321,2.270813,98.334366
1.7469238,0.000488,0.034655,0.986193,0.986802,2.012756,89.193069
1.7663314,-0.006101,0.037949,0.963985,0.964751,2.283362,99.133385
1.7857392,0.008908,0.036485,0.988145,0.988859,2.176638,76.279808
1.8051485,-0.001586,0.031848,0.965205,0.965731,1.892068,92.851456
1.8245569,0.010372,0.036241,0.988267,0.988986,2.184357,74.029129
1.8439647,-0.001220,0.032946,0.963619,0.964182,1.959446,92.121094
1.8633735,-0.005491,0.029530,0.972282,0.972746,1.769457,100.533859
1.8827829,-0.007809,0.039536,0.964473,0.965314,2.392611,101.173836
1.9021932,-0.011226,0.033434,0.963375,0.964020,2.096579,108.560318
1.9216033,-0.006467,0.031360,0.978505,0.979029,1.874193,101.652504
1.9410132,-0.026113,0.041488,0.959470,0.960721,2.924827,122.186798
1.9604236,0.003051,0.046735,0.983508,0.984623,2.726347,86.265366
1.9798340,-0.028431,0.030628,0.962764,0.963671,2.485380,132.870148
1.9992417,-0.022696,0.038681,0.994735,0.995745,2.581416,120.402313
2.0186510,-0.031726,0.034289,0.989976,0.991077,2.701608,132.777069
2.0380599,-0.017205,0.040878,0.982288,0.983289,2.585129,112.826012
2.0574706,-0.029408,0.034777,0.994124,0.995167,2.623087,130.218323
2.0768802,-0.045637,0.039047,0.989610,0.991431,3.473107,139.449203
2.0962894,-0.001708,0.042952,0.992416,0.993347,2.480256,92.277611
2.1156998,-0.044050,0.063818,0.973625,0.976708,4.553760,124.615326
2.1351106,-0.040024,0.044539,0.991562,0.993368,3.455871,131.943817
2.1545198,-0.030384,0.054056,0.974357,0.976328,3.641531,119.339333
2.1739302,-0.011104,0.061500,0.973380,0.975385,3.673545,100.234802
2.1933374,-0.015009,0.061134,0.983386,0.985399,3.662655,103.793808
2.2127461,-0.026479,0.055887,0.963375,0.965357,3.672958,115.351555
2.2321537,0.000976,0.065405,0.984729,0.986899,3.800348,89.144905
2.2515619,-0.015497,0.061500,0.963497,0.965582,3.766084,104.143188
2.2709699,-0.021476,0.069309,0.987047,0.989710,4.204400,107.216072
2.2903781,-0.007809,0.063208,0.970330,0.972418,3.755306,97.043320
2.3097892,0.014521,0.078583,0.989365,0.992588,4.617916,79.530823
2.3291991,0.012080,0.075410,0.980580,0.983549,4.453423,80.898872
2.3486071,-0.006467,0.077119,0.977041,0.980101,4.528786,94.793648
2.3680162,0.006589,0.088101,0.991806,0.995733,5.090275,85.722687
2.3874242,-0.012202,0.082854,0.956541,0.960200,5.003667,98.378029
2.4068339,-0.016351,0.086881,0.969842,0.973863,5.208421,100.658524
2.4262416,-0.011226,0.083220,0.959714,0.963381,5.000573,97.682671
2.4456491,-0.030384,0.082488,0.956541,0.960572,5.250723,110.220932
2.4650564,0.003661,0.087735,0.961666,0.965667,5.217292,87.610741
2.4844670,-0.041122,0.086271,0.961910,0.966646,5.673988,115.485359
2.5038762,-0.031970,0.089321,0.984851,0.989410,5.502316,109.693481
2.5232856,-0.023184,0.091396,0.964961,0.969557,5.580861,104.234062
2.5426948,-0.040390,0.095300,0.974845,0.980324,6.060745,112.967987
2.5621066,-0.018792,0.097619,0.994124,0.999083,5.710485,100.896149
2.5815165,-0.044050,0.106282,0.961300,0.968160,6.824754,112.512352
2.6009274,-0.035265,0.101279,0.996809,1.002561,6.140631,109.197746
2.6203363,-0.029164,0.108235,0.964351,0.970844,6.630251,105.080070
2.6397476,-0.004027,0.104940,0.990586,0.996137,6.051617,92.197479
2.6591580,-0.020744,0.108723,0.979116,0.985352,6.449625,100.802025
2.6785672,-0.020744,0.101279,0.982410,0.987835,6.007303,101.575188
2.6979754,-0.016473,0.112139,0.979970,0.986503,6.597517,98.356911
2.7173858,-0.017205,0.104086,0.985827,0.991456,6.108269,99.386055
2.7367966,-0.013057,0.112872,0.979970,0.986535,6.613727,96.598404
2.7562065,-0.009152,0.124220,0.988634,0.996449,7.180782,94.213593
2.7756145,-0.020500,0.120803,0.966913,0.974646,7.222218,99.631172
2.7950234,-0.002807,0.131175,0.971428,0.980249,7.692049,91.225677
2.8144326,-0.018304,0.138375,0.971306,0.981284,8.177621,97.535065
2.8338437,-0.002807,0.127270,0.971306,0.979613,7.466714,91.263268
2.8532522,-0.008176,0.125928,0.971794,0.979953,7.398788,93.714569
2.8726616,-0.003417,0.126538,0.980336,0.988474,7.357514,91.546669
2.8920710,-0.000732,0.126172,0.975089,0.983218,7.372993,90.332466
2.9114790,-0.003417,0.126904,0.981678,0.989853,7.368573,91.542206
2.9308879,-0.001952,0.133250,0.982410,0.991408,7.725019,90.839439
2.9502993,0.002074,0.132761,0.987047,0.995938,7.661447,89.104828
2.9697084,0.001830,0.121657,0.987535,0.995002,7.023812,89.138039
2.9891193,-0.009884,0.127880,0.988145,0.996435,7.395684,94.419609
3.0085304,-0.006833,0.133494,0.993270,1.002224,7.664469,92.930313
3.0279415,-0.005735,0.122511,0.987047,0.994637,7.082994,92.680214
3.0473521,-0.021964,0.117875,0.981922,0.989216,6.961959,100.555183
3.0667648,-0.032336,0.128857,0.994979,1.003809,7.605298,104.087296
3.0861757,-0.020012,0.125684,0.985827,0.994008,7.356021,99.046883
3.1055877,-0.014277,0.117997,0.985949,0.993087,6.873894,96.898842
3.1249986,-0.009152,0.122145,0.985339,0.992923,7.086096,94.284882
3.1444094,-0.010494,0.123366,0.975943,0.983765,7.230091,94.862122
3.1638191,-0.008786,0.121535,0.972526,0.980130,7.141634,94.134674
3.1832306,0.006955,0.125318,0.973259,0.981318,7.348255,86.823257
3.2026401,0.000976,0.125928,0.967035,0.975200,7.419577,89.555855
3.2220521,0.000976,0.123610,0.967767,0.975630,7.279015,89.547523
3.2414637,0.014887,0.118729,0.958372,0.965813,7.116869,82.853241
3.2608752,0.012080,0.115556,0.979970,0.986833,6.761438,84.031937
3.2802875,0.007687,0.114458,0.983386,0.990055,6.653695,86.157547
3.2996998,-0.009396,0.111407,0.983875,0.990207,6.483013,94.820763
3.3191111,0.002929,0.107625,0.984485,0.990354,6.241145,88.441315
3.3385227,0.001708,0.088711,0.983630,0.987624,5.154383,88.896782
3.3579338,0.001464,0.085660,0.982044,0.985774,4.985820,89.020683
3.3773446,-0.001586,0.092372,0.986681,0.990997,5.349143,90.983849
3.3967526,0.006101,0.072848,0.982776,0.985491,4.254088,85.212532
3.4161623,0.013789,0.053080,0.971672,0.973219,3.230406,75.438118
3.4355719,0.018792,0.059913,0.991440,0.993426,3.623906,72.586197
3.4549828,0.004271,0.053934,0.973503,0.975005,3.181000,85.472450
3.4743917,0.016961,0.040146,0.968133,0.969114,2.577470,67.096306
3.4938023,0.008664,0.040146,0.967767,0.968638,2.430030,77.822014
3.5132117,0.006955,0.035265,0.987657,0.988311,2.084314,78.842651
3.5326216,0.008420,0.025015,0.974113,0.974470,1.552047,71.397522
3.5520320,-0.005125,0.023428,0.977285,0.977579,1.405696,102.339088
3.5714421,0.002929,0.018181,0.981678,0.981851,1.074836,80.849739
3.5908523,0.014521,0.007443,0.976309,0.976445,0.957362,27.139908
3.6102612,-0.000244,0.008420,0.978994,0.979030,0.492975,91.660278
3.6296682,0.006223,-0.001342,0.967523,0.967544,0.376905,347.828552
3.6490777,0.008298,0.000854,0.982044,0.982080,0.486583,5.877394
3.6684856,-0.013301,-0.003905,0.970452,0.970551,0.818288,196.361084
3.6878932,0.006955,-0.012690,0.972038,0.972146,0.852946,298.726135
3.7073014,-0.004027,-0.019036,0.950318,0.950517,1.172865,258.055817
3.7267118,-0.012690,-0.020744,0.958494,0.958802,1.453200,238.543182
3.7461193,0.015863,-0.022696,0.963375,0.963772,1.646394,304.950653
3.7655294,-0.002562,-0.020622,0.972282,0.972504,1.224293,262.916718
3.7849383,-0.006223,-0.017083,0.971672,0.971842,1.072102,249.984039
3.8043468,0.009274,-0.015375,0.963863,0.964030,1.067162,301.097321
3.8237553,0.000000,-0.025259,0.982166,0.982491,1.473128,270.000000
3.8431640,-0.003417,-0.019524,0.974845,0.975046,1.164829,260.073761
3.8625715,0.014643,-0.018548,0.997663,0.997943,1.356962,308.290161
3.8819816,-0.010128,-0.015497,0.979115,0.979290,1.083178,236.833649
3.9013906,0.018181,-0.014033,0.997053,0.997318,1.319676,322.338593
3.9208012,0.015009,-0.020134,0.979604,0.979926,1.468604,306.702850
3.9402106,0.012080,-0.026113,1.004252,1.004665,1.641156,294.826050
3.9596198,0.002807,-0.010738,0.986803,0.986865,0.644373,284.647369
3.9790304,0.010372,-0.013789,0.973991,0.974143,1.014907,306.950928
3.9984400,0.017449,-0.017693,0.984729,0.985042,1.445639,314.602112
4.0178509,0.004393,-0.017449,0.973259,0.973425,1.059063,284.130493
4.0372615,0.020256,-0.004515,0.978017,0.978238,1.215631,347.434662
4.0566711,0.009518,-0.013423,0.976065,0.976204,0.965908,305.340118
4.0760813,0.001220,-0.020256,0.967767,0.967980,1.201219,273.447388
4.0954895,-0.000976,-0.007077,0.979116,0.979142,0.417778,262.146698
4.1148992,0.001098,-0.011958,0.977163,0.977237,0.704156,275.247131
4.1343069,-0.000610,-0.017815,0.968011,0.968176,1.055176,268.038574
4.1537151,-0.002562,-0.005003,0.978750,0.978766,0.329244,242.878693
4.1731219,0.004515,-0.013667,0.967035,0.967142,0.852716,288.281342
4.1925292,-0.003173,-0.022818,0.969110,0.969383,1.361713,262.084473
4.2119360,-0.002929,-0.019402,0.968744,0.968942,1.160453,261.416382
4.2313452,-0.004027,-0.018426,0.978628,0.978809,1.104113,257.672241
4.2507539,-0.007565,-0.020622,0.963985,0.964235,1.305363,249.853729
4.2701645,-0.002196,-0.019402,0.980214,0.980408,1.141067,263.541168
4.2895737,-0.011836,-0.031360,0.971062,0.971640,1.976947,249.321899
4.3089848,-0.001708,-0.022940,0.984607,0.984875,1.338376,265.741150
4.3283939,-0.004881,-0.014399,0.979482,0.979600,0.889115,251.274216
4.3478055,-0.009396,-0.037827,0.972404,0.973185,2.295331,256.050781
4.3672152,-0.000732,-0.027577,0.985705,0.986091,1.603032,268.479218
4.3866243,0.007077,-0.023184,0.975943,0.976244,1.422853,286.975494
4.4060345,-0.009274,-0.037461,0.973869,0.974633,2.269347,256.095581
4.4254436,0.007077,-0.033190,0.979360,0.979947,1.984654,282.037201
4.4448552,0.005003,-0.030506,0.978505,0.978994,1.809484,279.313599
4.4642658,-0.009762,-0.023062,0.973991,0.974313,1.472862,247.058014
4.4836745,0.003417,-0.026723,0.976919,0.977291,1.579667,277.285950
4.5030842,0.008786,-0.016107,0.982166,0.982338,1.070275,298.610474
4.5224943,-0.010372,-0.015863,0.976065,0.976249,1.112411,236.821487
4.5419040,0.027943,-0.025381,0.972160,0.972893,2.223696,317.751221
4.5613136,0.000244,-0.016839,0.972282,0.972428,0.992092,270.830322
4.5807238,-0.021354,-0.025259,0.974723,0.975284,1.943501,229.788467
4.6001329,0.004881,-0.033312,0.971550,0.972133,1.984654,278.335663
4.6195445,-0.015497,-0.022452,0.979604,0.979984,1.595323,235.385880
4.6389565,-0.022330,-0.012202,0.981434,0.981764,1.485299,208.654312
4.6583686,-0.014643,-0.018670,0.967157,0.967448,1.405278,231.892426
4.6777802,-0.019280,-0.029042,0.975455,0.976077,2.046601,236.421188
4.6971912,-0.035875,-0.015131,0.980214,0.980987,2.274602,202.868500
4.7166038,-0.005491,-0.016229,0.980946,0.981096,1.000538,251.306961
4.7360163,-0.021354,-0.022574,0.976919,0.977413,1.821879,226.591141
4.7554245,-0.013423,-0.023184,0.969598,0.969968,1.582638,239.931412
4.7748346,-0.004393,-0.015619,0.979115,0.979250,0.949563,254.291367
4.7942438,-0.000122,-0.026845,0.975943,0.976312,1.575698,269.739563
4.8136511,-0.000366,-0.023428,0.976553,0.976834,1.374443,269.104828
4.8330603,-0.007565,-0.015741,0.972648,0.972805,1.028696,244.330124
4.8524718,0.011104,-0.026601,0.977285,0.977710,1.689570,292.657166
4.8718829,-0.014399,-0.026845,0.963009,0.963490,1.811754,241.792511
4.8912950,0.007443,-0.018548,0.984240,0.984443,1.163316,291.866364
4.9107051,0.002440,-0.016839,0.970452,0.970601,1.004442,278.246307
4.9301171,0.000732,-0.019036,0.975699,0.975885,1.118551,272.202606
4.9495282,0.003295,-0.017815,0.971916,0.972085,1.067895,280.477417
4.9689393,0.001098,-0.019646,0.981312,0.981509,1.148588,273.199554
4.9883471,-0.009640,-0.018059,0.971916,0.972132,1.206745,241.907425
5.0077591,-0.008664,-0.013423,0.978383,0.978514,0.935445,237.159592
5.0271692,-0.005613,-0.026967,0.973259,0.973648,1.621120,258.242065
5.0465813,-0.020012,-0.022452,0.986315,0.986773,1.746525,228.289246
5.0659924,-0.011104,-0.034045,0.982166,0.982819,2.088066,251.935501
5.0854030,-0.002440,-0.031604,0.982532,0.983043,1.847797,265.584381
5.1048126,-0.021110,-0.036729,0.996199,0.997099,2.435019,240.111832
5.1242232,-0.019646,-0.042098,0.985583,0.986677,2.698709,244.983109
5.1436324,-0.004759,-0.050274,0.974479,0.975786,2.966429,264.592468
5.1630430,-0.016473,-0.041976,0.988877,0.989905,2.610895,248.572876
5.1824532,-0.008176,-0.047345,0.973259,0.974444,2.826116,260.202759
5.2018638,-0.011470,-0.051860,0.974479,0.975925,3.119792,257.528290
5.2212720,-0.012446,-0.047467,0.969598,0.970839,2.897257,255.307205
5.2406802,-0.008664,-0.050884,0.967767,0.969143,3.053001,260.337280
5.2600899,-0.003295,-0.050274,0.970208,0.971515,2.972626,266.250549
5.2795005,-0.007932,-0.051982,0.971184,0.972607,3.099204,261.324585
5.2989101,-0.013911,-0.049053,0.962887,0.964236,3.031122,254.167618
5.3183198,-0.001830,-0.053568,0.974601,0.976073,3.147902,268.043060
5.3377285,-0.007932,-0.046735,0.964229,0.965393,2.814456,260.367950
5.3571372,0.000366,-0.046125,0.980336,0.981420,2.693845,270.454712
5.3765454,-0.020500,-0.043806,0.956907,0.958129,2.893538,244.921982
5.3959560,0.004637,-0.047711,0.972770,0.973951,2.821194,275.550964
5.4153643,-0.014155,-0.049297,0.951782,0.953163,3.084515,253.979706
5.4347730,-0.004393,-0.051006,0.972526,0.973873,3.013309,265.077576
5.4541821,0.008664,-0.036119,0.979360,0.980064,2.171957,283.488403
5.4735913,-0.003417,-0.042098,0.972892,0.973809,2.485774,265.360077
5.4929996,0.011104,-0.060768,0.972038,0.973999,3.636258,280.355469
5.5124092,0.013545,-0.055399,0.983142,0.984795,3.319892,283.738922
5.5318179,-0.005857,-0.054911,0.976431,0.977991,3.236945,263.911469
5.5512271,0.003905,-0.054788,0.979238,0.980777,3.210467,274.076538
5.5706372,0.006223,-0.061744,0.969964,0.971947,3.660676,275.755432
5.5900469,0.003661,-0.061744,0.968744,0.970716,3.653234,273.393005
5.6094575,0.012812,-0.049786,0.961056,0.962430,3.061901,284.432068
5.6288691,0.005735,-0.065527,0.970086,0.972313,3.879038,275.001984
5.6482778,-0.002807,-0.062110,0.961544,0.963552,3.699570,267.412750
5.6676884,-0.002074,-0.046613,0.972404,0.973523,2.747089,267.451874
5.6870980,0.000000,-0.060158,0.966913,0.968783,3.560130,270.000000
5.7065086,-0.006467,-0.064916,0.972892,0.975077,3.836247,264.310730
5.7259173,-0.012690,-0.052592,0.983996,0.985483,3.147032,256.433899
5.7453270,0.001464,-0.050518,0.989732,0.991021,2.923154,271.660278
5.7647357,-0.013911,-0.065771,0.970696,0.973021,3.961706,258.057770
5.7841458,-0.019890,-0.053934,0.981068,0.982751,3.353396,249.757126
5.8035550,-0.009640,-0.051738,0.983630,0.985037,3.062668,259.445618
5.8229656,-0.010860,-0.057351,0.969720,0.971475,3.444635,259.277344
5.8423762,-0.015375,-0.055643,0.977651,0.979354,3.379219,254.553680
5.8617873,-0.009762,-0.044050,0.977285,0.978326,2.643306,257.504791
5.8811994,-0.004149,-0.051372,0.966425,0.967798,3.052681,265.382813
5.9006104,-0.012690,-0.058937,0.972404,0.974271,3.547734,257.848541
5.9200201,-0.002929,-0.042830,0.971550,0.972498,2.530103,266.088440
5.9394307,-0.010982,-0.043684,0.969110,0.970156,2.661166,255.888474
5.9588418,0.001220,-0.055399,0.964351,0.965941,3.288607,271.261810
5.9782524,0.006223,-0.043928,0.975089,0.976098,2.605116,278.063232
5.9976625,-0.010372,-0.053202,0.956297,0.957832,3.244074,258.968323
6.0170746,0.005003,-0.055033,0.983875,0.985425,3.214672,275.194427
6.0364842,-0.001708,-0.047833,0.962154,0.963344,2.847920,267.954590
6.0558953,-0.002685,-0.061622,0.973380,0.975333,3.625797,267.505524
6.0753055,-0.005857,-0.062598,0.973014,0.975043,3.697029,264.654541
6.0947156,0.002562,-0.063086,0.966913,0.968973,3.736016,272.326019
6.1141238,-0.002196,-0.061134,0.965815,0.967750,3.624176,267.942352
6.1335340,-0.002196,-0.060158,0.963619,0.965497,3.574620,267.908997
6.1529436,-0.000488,-0.059181,0.972770,0.974569,3.481553,269.527466
6.1723509,-0.003173,-0.060646,0.961544,0.963460,3.613842,267.005371
6.1917567,0.012690,-0.073946,0.970452,0.973348,4.420801,279.738068
6.2111659,0.001220,-0.063330,0.965205,0.967281,3.754628,271.103821
6.2305741,-0.003661,-0.065160,0.966547,0.968748,3.862850,266.784515
6.2499838,0.004027,-0.061744,0.977529,0.979486,3.621798,273.731384
6.2693934,-0.014521,-0.066259,0.974967,0.977324,3.979805,257.638885
6.2888036,-0.016839,-0.067235,0.979115,0.981566,4.049220,255.939285
6.3082108,-0.003295,-0.067845,0.977651,0.980008,3.974438,267.219849
6.3276186,-0.021842,-0.071750,0.969720,0.972616,4.422617,253.068604
6.3470263,0.004637,-0.072604,0.980702,0.983397,4.242610,273.654266
6.3664355,-0.009274,-0.062964,0.961544,0.963648,3.786825,261.621338
6.3858428,-0.013545,-0.063818,0.973747,0.975930,3.833030,258.017517
6.4052525,-0.013911,-0.061988,0.953857,0.955970,3.810434,257.351837
6.4246607,-0.002685,-0.058571,0.969964,0.971734,3.459212,267.375793
6.4440703,-0.010616,-0.057107,0.963131,0.964880,3.451279,259.469086
6.4634790,0.000488,-0.054422,0.985095,0.986597,3.162236,270.513855
6.4828892,-0.017571,-0.048077,0.974723,0.976066,3.006154,249.923538
6.5022974,-0.000732,-0.058815,0.987291,0.989042,3.409443,269.286804
6.5217071,-0.030628,-0.046369,0.967035,0.968631,3.288905,236.554184
6.5411172,0.007809,-0.040024,0.995223,0.996058,2.346353,281.040955
6.5605283,-0.010006,-0.015253,0.967523,0.967695,1.080103,236.735123
6.5799384,0.002074,-0.034655,0.994247,0.994852,1.999880,273.425598
6.5993500,0.019524,-0.048687,0.965205,0.966629,3.110805,291.850922
6.6187601,-0.002196,-0.035875,0.983630,0.984287,2.092654,266.496460
6.6381702,-0.007077,-0.033434,0.961910,0.962517,2.034805,258.048126
6.6575794,0.001098,-0.025991,0.980946,0.981291,1.519040,272.419495
6.6769886,0.005491,-0.032336,0.953613,0.954177,1.969906,279.637543
6.6963987,-0.005613,-0.037339,0.972404,0.973137,2.223696,261.450928
6.7158074,0.016595,-0.028187,0.969964,0.970515,1.931379,300.487213
6.7352157,-0.006467,-0.040512,0.963253,0.964126,2.438794,260.929932
6.7546248,-0.017083,-0.037705,0.959714,0.960606,2.469737,245.625931
6.7740340,-0.006467,-0.022330,0.964961,0.965241,1.380126,253.848053
6.7934437,-0.021110,-0.034777,0.952881,0.953749,2.444726,238.741516
6.8128519,-0.015619,-0.035997,0.947511,0.948324,2.371494,246.544067
6.8322616,-0.003295,-0.042952,0.981190,0.982135,2.513883,265.613739
6.8516698,-0.015375,-0.049541,0.958616,0.960018,3.097372,252.758545
6.8710780,-0.028798,-0.038071,0.985217,0.986372,2.773964,232.895767
6.8904872,-0.017205,-0.050152,0.956175,0.957644,3.173853,251.064667
6.9098964,-0.017327,-0.047467,0.982532,0.983831,2.944040,249.945969
6.9293065,-0.026723,-0.045637,0.969964,0.971404,3.120795,239.648407
6.9487143,-0.004637,-0.049297,0.989488,0.990726,2.864710,264.626617
6.9681230,-0.017083,-0.047955,0.983386,0.984703,2.963392,250.392365
6.9875326,0.007443,-0.052958,0.998639,1.000070,3.065352,278.000671
7.0069427,-0.019036,-0.050762,0.973014,0.974523,3.189053,249.443954
7.0263529,-0.012202,-0.045393,0.987047,0.988166,2.726419,254.953613
7.0457635,-0.001708,-0.050030,0.977407,0.978688,2.931913,268.044312
7.0651736,-0.008176,-0.048443,0.967157,0.968404,2.907980,260.420685
7.0845833,-0.005247,-0.046613,0.972526,0.973657,2.761375,263.577515
7.1039929,0.008298,-0.054056,0.962520,0.964073,3.252030,278.726715
7.1234031,-0.001952,-0.056741,0.967157,0.968822,3.359579,268.029297
7.1428118,-0.008054,-0.039536,0.965571,0.966414,2.392774,258.486176
7.1622205,-0.004271,-0.044783,0.963008,0.964059,2.674593,264.552307
7.1816311,-0.004271,-0.056009,0.958372,0.960016,3.354330,265.639465
7.2010417,-0.009640,-0.051128,0.972648,0.974039,3.061965,259.322571
7.2204528,0.012080,-0.046369,0.972160,0.973340,2.821749,284.602448
7.2398615,0.005613,-0.069309,0.970208,0.972696,4.099449,274.630035
7.2592711,-0.029408,-0.060402,0.970330,0.972653,3.960519,244.039993
7.2786798,0.012080,-0.052714,0.991684,0.993157,3.121423,282.907410
7.2980905,-0.012690,-0.059303,0.972282,0.974172,3.569248,257.921356
7.3175001,-0.014521,-0.050030,0.982776,0.984156,3.034285,253.814957
7.3369117,0.007932,-0.047101,0.973015,0.974186,2.810349,279.558563
7.3563209,-0.004515,-0.064794,0.961544,0.963735,3.864371,266.014069
7.3757334,-0.015741,-0.045759,0.973014,0.974217,2.847095,251.016785
7.3951435,0.018304,-0.055399,0.965327,0.967089,3.458759,288.283386
7.4145546,-0.007321,-0.055765,0.962887,0.964528,3.342929,262.520355
7.4339647,-0.015009,-0.058083,0.970086,0.971939,3.538727,255.511505
7.4533749,0.010494,-0.053690,0.966791,0.968338,3.238577,281.059296
7.4727845,0.000366,-0.054911,0.968133,0.969689,3.246306,270.381958
7.4921970,-0.013545,-0.056497,0.962642,0.964394,3.453774,256.518311
7.5116086,0.007443,-0.062476,0.972526,0.974559,3.701581,276.794220
7.5310187,-0.018059,-0.058937,0.955321,0.957308,3.691888,252.963974
7.5504284,-0.018670,-0.052592,0.979115,0.980705,3.262248,250.455719
7.5698395,0.003417,-0.057839,0.972282,0.974007,3.410304,273.380646
7.5892477,-0.007932,-0.052348,0.984240,0.985663,3.079115,261.384338
7.6086583,-0.014765,-0.052226,0.990952,0.992437,3.134878,254.213852
7.6280670,-0.027821,-0.047711,0.970086,0.971657,3.258525,239.752670
7.6474771,-0.009518,-0.049175,0.989121,0.990389,2.898878,259.045929
7.6668859,-0.035631,-0.051982,0.956663,0.958737,3.768995,235.571472
7.6862955,-0.003051,-0.043440,0.987291,0.988251,2.525535,265.983002
7.7057052,-0.000732,-0.046857,0.964229,0.965367,2.782489,269.104828
7.7251167,-0.010128,-0.044417,0.977895,0.978956,2.667338,257.154907
7.7445278,-0.000366,-0.050884,0.961056,0.962402,3.030799,269.587799
7.7639389,0.000244,-0.038559,0.974723,0.975485,2.265463,270.362640
7.7833505,0.004027,-0.054300,0.952637,0.954191,3.271238,274.241150
7.8027620,0.018914,-0.044417,0.979482,0.980671,2.821610,293.065491
7.8221736,0.015619,-0.044783,0.969964,0.971123,2.799322,289.227448
7.8415852,0.000122,-0.057351,0.950806,0.952534,3.451846,270.121918
7.8609958,0.030140,-0.049419,0.983875,0.985576,3.367088,301.378021
7.8804083,-0.005979,-0.052104,0.946779,0.948231,3.170644,263.453705
7.8998189,0.004759,-0.056863,0.980946,0.982604,3.329137,274.783997
7.9192319,0.000366,-0.050884,0.960446,0.961793,3.032736,270.412201
7.9386435,0.001830,-0.051982,0.971550,0.972941,3.064522,272.016632
7.9580545,-0.006345,-0.059913,0.973624,0.975487,3.540939,263.954559
7.9774652,-0.006101,-0.049175,0.966181,0.967451,2.935983,262.927490
7.9968758,-0.006711,-0.057351,0.975089,0.976797,3.388938,263.325531
8.0162859,-0.024649,-0.061378,0.972892,0.975138,3.889273,248.120071
8.0356970,-0.009640,-0.043562,0.997175,0.998173,2.561855,257.522186
8.0551062,-0.032214,-0.044294,0.955321,0.956890,3.281277,233.972626
8.0745163,-0.008054,-0.048687,0.977529,0.978774,2.890018,260.607544
8.0939274,-0.015497,-0.044050,0.944583,0.945737,2.830200,250.618103
8.1133385,-0.014643,-0.048443,0.974479,0.975792,2.972955,253.181656
8.1327486,-0.014887,-0.036241,0.958860,0.959660,2.339754,247.668396
8.1521587,-0.020500,-0.035509,0.974113,0.974975,2.410216,240.001312
8.1715670,-0.012080,-0.023062,0.972526,0.972875,1.533528,242.354019
8.1909761,0.006589,-0.021964,0.973625,0.973895,1.349152,286.699249
8.2103853,0.010372,-0.033800,0.974723,0.975364,2.077448,287.059113
8.2297964,0.018426,-0.031970,0.980580,0.981274,2.155041,299.956390
8.2492075,0.006833,-0.032092,0.981434,0.981982,1.914791,282.020355
8.2686167,0.022818,-0.031848,0.985461,0.986239,2.276753,305.620667
8.2880278,-0.000366,-0.013545,0.982410,0.982504,0.790310,268.451843
8.3074398,0.007077,-0.022452,0.983752,0.984034,1.370879,287.495758
8.3268528,0.022330,-0.014887,0.986193,0.986558,1.558716,326.309937
8.3462658,0.000976,-0.019524,0.977407,0.977603,1.145688,272.862396
8.3656759,-0.000244,-0.031970,0.966669,0.967198,1.894342,269.562622
8.3850870,0.005735,-0.020622,0.980458,0.980691,1.250701,285.541595
8.4044991,-0.024405,-0.029286,0.957395,0.958154,2.280189,230.194427
8.4239120,0.006101,-0.038803,0.968011,0.968808,2.323637,278.935608
8.4433222,0.003783,-0.034167,0.965571,0.966183,2.038937,276.317719
8.4627333,-0.006467,-0.034899,0.960934,0.961589,2.115351,259.501343
8.4821444,-0.001464,-0.044172,0.968133,0.969142,2.613892,268.101379
8.5015554,-0.008176,-0.037339,0.955443,0.956207,2.290893,257.649750
8.5209665,-0.005979,-0.036607,0.946169,0.946896,2.244982,260.723602
8.5403786,0.008176,-0.033068,0.952759,0.953367,2.047749,283.886902
8.5597887,0.021232,-0.048077,0.961910,0.963345,3.127438,293.827423
8.5791998,-0.005613,-0.032214,0.960934,0.961490,1.949031,260.115875
8.5986109,0.003295,-0.033678,0.968133,0.968725,2.001836,275.587250
8.6180210,0.015863,-0.044050,0.963497,0.964634,2.781997,289.804504
8.6374302,0.001098,-0.026967,0.958250,0.958630,1.613254,272.332031
8.6568413,0.041488,-0.044417,0.970452,0.972353,3.583701,313.047485
8.6762514,0.018304,-0.032092,0.982898,0.983592,2.152587,299.697937
8.6956615,-0.022330,-0.029896,0.968744,0.969462,2.205934,233.242523
8.7150698,0.025137,-0.033434,0.979848,0.980740,2.444406,306.936768
8.7344809,0.009152,-0.024649,0.966303,0.966661,1.558590,290.369324
8.7538910,-0.005369,-0.032580,0.975699,0.976258,1.938257,260.642120
8.7733040,0.005979,-0.008664,0.978505,0.978562,0.616438,304.611145
8.7927160,-0.000854,-0.014399,0.970330,0.970437,0.851798,266.605072
8.8121271,-0.011470,-0.024161,0.951660,0.952036,1.609854,244.604095
8.8315372,-0.004149,-0.025015,0.966791,0.967124,1.502459,260.583008
8.8509474,-0.029042,-0.022574,0.951294,0.952005,2.214346,217.858322
8.8703575,-0.017205,-0.011592,0.981434,0.981653,1.210954,213.970474
8.8897686,-0.010494,-0.022086,0.942875,0.943192,1.485562,244.585831
8.9091778,0.001952,-0.032946,0.994368,0.994916,1.901046,273.391327
8.9285879,-0.027699,-0.024283,0.969354,0.970053,2.176188,221.239487
8.9479980,-0.000610,-0.033800,1.003398,1.003968,1.929656,268.965881
8.9674072,-0.014643,-0.044417,0.980092,0.981207,2.731941,251.754150
8.9868145,-0.003051,-0.025015,0.994979,0.995298,1.450774,263.047028
9.0062256,0.019402,-0.042586,0.968255,0.969386,2.767040,294.493408
9.0256348,0.030262,-0.021598,0.986803,0.987503,2.157673,324.484192
9.0450478,0.010494,-0.030506,0.973136,0.973671,1.898779,288.983215
9.0644569,-0.003783,-0.040756,0.971550,0.972412,2.412407,264.697327
9.0838690,0.005247,-0.034167,0.970086,0.970702,2.040760,278.730774
9.1032782,0.021842,-0.024649,0.951050,0.951620,1.983273,311.545380
9.1226864,0.003051,-0.007443,0.950318,0.950352,0.484971,292.285583
9.1420956,-0.008908,-0.037705,0.943119,0.943914,2.352434,256.707825
9.1615057,0.029286,-0.002074,0.982410,0.982849,1.711665,355.948303
9.1809149,-0.055521,-0.009762,0.912369,0.914109,3.535627,189.972061
9.2003250,0.050396,-0.029042,0.948854,0.950635,3.507885,330.046387
9.2197332,0.101767,0.007565,0.959348,0.964760,6.071894,4.251577
9.2391434,0.002929,-0.002929,0.943851,0.943860,0.251010,315.000031
9.2585545,-0.059791,-0.028309,0.893821,0.896266,4.232904,205.336121
9.2779646,0.136544,-0.025259,1.008401,1.017917,7.840573,349.519531
9.2973757,-0.057961,-0.011104,0.956175,0.957995,3.531804,190.845261
9.3167877,0.007809,-0.033800,0.965327,0.965950,2.058235,283.009735
9.3361979,0.050518,-0.019768,0.972282,0.973794,3.193470,338.629395
9.3556080,-0.022818,-0.016595,0.959470,0.959885,1.684466,216.027374
9.3750191,0.069431,-0.034777,1.009011,1.011995,4.400818,333.394684
9.3944302,0.003905,-0.022330,0.961788,0.962055,1.350312,279.918640
9.4138412,-0.001220,-0.029286,0.992172,0.992605,1.692117,267.614044
9.4332523,0.072482,-0.020988,0.968866,0.971800,4.453423,343.850983
9.4526625,0.043196,-0.035875,0.990708,0.992298,3.243893,320.290070
9.4720745,0.015741,-0.016107,0.945071,0.945339,1.365157,314.341461
9.4914846,-0.022208,-0.012812,0.963741,0.964082,1.523927,209.981644
9.5108957,-0.031726,-0.017449,0.904315,0.905040,2.292772,208.810791
9.5303049,-0.014887,-0.016351,0.945803,0.946062,1.339399,227.683777
9.5497150,-0.069431,0.015619,0.930550,0.933268,4.373362,167.322006
9.5691261,-0.052348,-0.010006,0.892967,0.894556,3.415582,190.821121
9.5885382,-0.130321,-0.005613,0.876982,0.886630,8.460115,182.466278
9.6079483,-0.046369,0.035387,0.866854,0.868814,3.849546,142.650650
9.6273594,-0.066869,-0.024771,0.871369,0.874282,4.678474,200.326538
9.6467695,-0.098107,0.009884,0.934699,0.939886,6.021969,174.247070
9.6661806,-0.083220,0.008298,0.928476,0.932235,5.147041,174.306046
9.6855907,-0.050030,-0.018548,0.898702,0.900285,3.397708,200.341339
9.7050018,-0.023428,-0.021964,0.923839,0.924397,1.990955,223.152390
9.7244101,-0.002929,-0.038803,0.970696,0.971476,2.295672,265.683960
9.7438202,-0.026479,-0.139961,0.966669,0.977108,8.382509,259.286865
9.7632303,0.030018,-0.183279,1.057333,1.073520,9.962394,279.301422
9.7826395,-0.009762,-0.139595,1.116636,1.125370,7.143008,265.999817
9.8020506,-0.045515,-0.201949,1.133963,1.152704,10.345887,257.299011
9.8214617,-0.002929,-0.254175,1.122737,1.151152,12.756896,269.339874
9.8408709,0.110553,-0.201217,1.174963,1.197183,11.056224,298.785431
9.8602810,0.023795,-0.240020,1.198758,1.222782,11.376344,275.661560
9.8796930,0.003905,-0.264791,1.267335,1.294707,11.802582,270.844849
9.8991051,0.041732,-0.226719,1.206567,1.228392,10.816634,280.429626
9.9185162,0.077973,-0.306279,1.284540,1.322849,13.822496,284.283051
9.9379272,0.025869,-0.292612,1.263918,1.297606,13.084097,275.052216
9.9573374,0.000000,-0.168392,1.315656,1.326388,7.293690,270.000000
9.9767494,-0.025503,-0.239044,1.162151,1.186755,11.687272,263.910309
9.9961615,-0.006467,-0.114580,1.181064,1.186627,5.549908,266.769470
10.0155706,0.000488,-0.134836,1.128228,1.136257,6.815207,270.207397
10.0349817,-0.055765,-0.152163,1.117124,1.128818,8.254261,249.873154
10.0543947,-0.051860,-0.058571,1.046839,1.049758,4.273839,228.477783
10.0738077,0.010616,-0.025869,1.027559,1.027939,1.558841,292.312134
10.0932207,-0.014399,-0.046491,0.963619,0.964847,2.891373,252.791656
10.1126318,-0.031604,0.037217,0.931526,0.932805,3.000353,130.337265
10.1320438,-0.057839,0.045637,0.872589,0.875694,4.826210,141.725510
10.1514540,-0.061256,0.015863,0.788393,0.790928,4.588683,165.481384
10.1708651,-0.065893,0.055033,0.741536,0.746489,6.603994,140.131866
10.1902761,-0.085050,0.045881,0.719816,0.726274,7.646345,151.655151
10.2096891,-0.104940,0.050152,0.670762,0.680772,9.837092,154.456543
10.2290993,-0.164976,0.087369,0.590349,0.619163,17.548172,152.094940
10.2485113,-0.094934,0.074190,0.612313,0.624055,11.131902,141.992691
10.2679234,-0.092250,0.074678,0.555206,0.567751,12.066647,141.009003
10.2873363,-0.088223,0.065893,0.589129,0.599331,10.586990,143.244385
10.3067484,-0.102134,0.088467,0.631959,0.646243,12.068852,139.101257
10.3261623,-0.059303,0.092372,0.699560,0.708120,8.917709,122.700783
10.3455734,-0.057229,0.067967,0.743855,0.749142,6.811608,130.097733
10.3649864,-0.010738,0.114092,0.785953,0.794263,8.295572,95.376709
10.3843985,-0.014155,0.084440,0.911881,0.915891,5.363885,99.516022
10.4038095,0.018548,-0.010616,0.998151,0.998380,1.226369,330.214539
10.4232206,-0.051128,0.119461,1.201930,1.208934,6.170346,113.170334
10.4426336,-0.048443,0.119217,1.254034,1.260619,5.858894,112.114166
10.4620447,0.010982,0.058937,1.223040,1.224509,2.806237,79.444817
10.4814548,0.067479,0.122023,1.400950,1.407872,5.683997,61.057407
10.5008669,-0.028920,0.122023,1.413031,1.418584,5.071573,103.333099
10.5202780,-0.041854,0.054422,1.446709,1.448337,2.716925,127.562386
10.5396891,0.026113,0.059913,1.410224,1.411738,2.653506,66.450256
10.5590992,-0.015497,0.029164,1.505768,1.506131,1.256476,117.985313
10.5785093,0.072726,0.005369,1.490271,1.492055,2.801419,4.222231
10.5979214,0.002929,0.071628,1.361293,1.363179,3.014478,87.658714
10.6173334,-0.007809,-0.012568,1.338230,1.338312,0.633347,238.144867
10.6367464,-0.031238,-0.066869,1.307236,1.309318,3.231436,244.960220
10.6561565,-0.002562,-0.022574,1.218892,1.219103,1.067895,263.523865
10.6755676,-0.060646,-0.029774,1.085032,1.087133,3.562934,206.148529
10.6949787,0.009396,-0.068577,1.079297,1.081514,3.669492,277.801544
10.7143898,-0.057229,-0.068821,0.936285,0.940554,5.460774,230.254440
10.7338009,-0.050884,-0.030140,0.933601,0.935472,3.624662,210.639374
10.7532110,-0.005735,-0.057473,0.824634,0.826654,4.006484,264.301453
10.7726212,-0.065771,-0.070774,0.723721,0.730141,7.603981,227.098373
10.7920351,-0.099083,-0.027211,0.703709,0.711171,8.307281,195.356567
10.8114462,-0.061378,-0.076143,0.669542,0.676647,8.310448,231.128067
10.8308582,-0.047345,-0.020744,0.634400,0.636502,4.658123,203.660355
10.8502693,-0.118607,-0.000854,0.589251,0.601070,11.380931,180.412613
10.8696804,-0.075654,-0.030628,0.584004,0.589680,7.955987,202.040009
10.8890924,-0.055765,0.032336,0.595962,0.599438,6.173332,149.891891
10.9085045,-0.067235,0.051128,0.661489,0.666860,7.276804,142.749359
10.9279137,-0.090541,0.026723,0.650141,0.656959,8.261822,163.556122
10.9473228,-0.060890,0.083952,0.673569,0.681506,8.753042,125.953026
10.9667292,-0.047101,0.093226,0.680768,0.688735,8.722761,116.804527
10.9861393,-0.055033,0.078949,0.727259,0.733599,7.538041,124.878937
11.0055494,-0.047467,0.098229,0.809503,0.816821,7.675498,115.791222
11.0249605,-0.037827,0.105916,0.841229,0.848714,7.615019,109.653824
11.0443716,-0.043318,0.105672,0.879667,0.887049,7.397303,112.290230
11.0637827,-0.030262,0.082976,0.906390,0.910683,5.565529,110.037209
11.0831928,-0.031360,0.102500,0.976553,0.982418,6.263878,107.011612
11.1026039,-0.029896,0.092860,1.006327,1.011044,5.536934,107.845695
11.1220140,-0.014277,0.083830,1.026339,1.029855,4.736400,99.665070
11.1414251,-0.012202,0.067357,1.052086,1.054310,3.722627,100.268303
11.1608362,0.002074,0.052470,1.089425,1.090690,2.759602,87.736000
11.1802444,0.021354,0.033068,1.094184,1.094892,2.060421,57.147388
11.1996546,0.005003,0.020622,1.096136,1.096341,1.109064,76.363304
11.2190657,-0.011226,-0.001586,1.081005,1.081065,0.601008,188.042892
11.2384729,0.013301,-0.000976,1.094794,1.094875,0.697735,355.802338
11.2578831,-0.000610,-0.031116,1.072708,1.073159,1.661775,268.876709
11.2772942,-0.029042,-0.047833,1.078077,1.079528,2.971375,238.736267
11.2967052,-0.022818,-0.056375,1.056966,1.058715,3.293069,247.963776
11.3161154,-0.007687,-0.063086,1.030121,1.032080,3.530418,263.052368
11.3355265,-0.034533,-0.087979,1.028535,1.032869,5.250237,248.569473
11.3549356,-0.013423,-0.102256,1.047937,1.052999,5.620612,262.521820
11.3743477,-0.027821,-0.055521,1.037687,1.039543,3.424798,243.384598
11.3937588,-0.041366,-0.072238,0.955077,0.958698,4.981260,240.203033
11.4131699,-0.036241,-0.091029,0.931160,0.936301,6.006650,248.291336
11.4325809,-0.052104,-0.053202,0.943973,0.946905,4.510540,225.597504
11.4519920,-0.050518,-0.057107,0.920788,0.923940,4.733462,228.503525
11.4714003,-0.122023,-0.004271,0.850503,0.859222,8.169550,182.004532
11.4908094,-0.074678,-0.011104,0.774848,0.778518,5.565212,188.457504
11.5102196,-0.080413,-0.064306,0.741292,0.748409,7.907704,218.649200
11.5296297,-0.045759,-0.005369,0.788759,0.790104,3.342929,186.692108
11.5490398,-0.086271,0.062110,0.762890,0.770261,7.932612,144.248245
11.5684509,-0.061378,-0.030018,0.708834,0.712119,5.505770,206.061676
11.5878620,-0.025625,0.043684,0.776069,0.777719,3.733814,120.395554
11.6072741,-0.096398,0.050518,0.796203,0.803606,7.783564,152.343185
11.6266861,-0.015375,0.025869,0.746661,0.747267,2.308002,120.724693
11.6460981,0.033800,0.070163,0.805720,0.809476,5.521054,64.278061
11.6655102,-0.048687,0.078095,0.749712,0.755339,6.998155,121.940964
11.6849232,0.009152,0.082610,0.777533,0.781963,6.101493,83.678383
11.7043343,0.053568,0.040024,0.863559,0.866145,4.427840,36.765339
11.7237463,0.070041,-0.066259,0.857580,0.862983,6.414690,316.589722
11.7431574,0.019280,-0.250636,1.011330,1.042103,13.958578,274.398712
11.7625704,0.155824,-0.171809,1.267213,1.288265,10.372438,312.206787
11.7819815,0.163633,-0.133494,1.262576,1.280115,9.495418,320.792114
11.8013926,-0.219032,-0.379127,1.221576,1.297675,19.719196,239.983780
11.8208036,0.000244,-0.366070,1.514066,1.557692,13.592092,270.038208
11.8402157,0.351793,-0.367534,1.592771,1.672053,17.714523,313.746399
11.8596287,0.028675,-0.298957,1.704789,1.731041,9.991174,275.478943
11.8790417,-0.339347,-0.346912,1.415105,1.496004,18.928608,225.631607
11.8984528,0.255639,-0.218056,1.635601,1.669758,11.608871,319.536377
11.9178658,-0.006589,-0.348987,1.408150,1.450766,13.921749,268.918335
11.9372759,-0.055277,-0.115434,1.378620,1.384548,5.303930,244.412186
11.9566870,-0.155458,-0.075410,1.221454,1.233614,8.051447,205.877396
11.9760971,-0.146306,-0.110797,1.162517,1.176914,8.971173,217.136566
11.9955091,-0.017205,-0.020012,1.073562,1.073886,1.408338,229.312500
12.0149193,-0.078949,0.032458,1.019383,1.022951,4.786715,157.651047
12.0343304,-0.167782,0.004149,0.866732,0.882832,10.959086,178.583527
12.0537415,-0.158386,0.067357,0.792908,0.811373,12.247011,156.961426
12.0731525,-0.069431,0.097131,0.711396,0.721346,9.527245,125.558098
12.0925608,-0.067723,0.085538,0.665760,0.674640,9.306686,128.369583
12.1119719,-0.086515,0.140327,0.572412,0.595677,16.066240,121.654732
12.1313820,-0.077485,0.108601,0.496391,0.514006,15.043248,125.507217
12.1507950,-0.041244,0.209880,0.523968,0.565945,22.206251,101.117622
12.1702080,-0.016961,0.178642,0.454293,0.488449,21.554005,95.423706
12.1896181,-0.035265,0.151797,0.361433,0.393599,23.324305,103.078682
12.2090273,0.027943,0.189624,0.480162,0.517005,21.761015,81.617134
12.2284403,-0.008542,0.178032,0.427204,0.462895,22.646744,92.746834
12.2478523,0.045149,0.132639,0.481016,0.501007,16.240047,71.202126
12.2672653,0.070530,0.235993,0.668932,0.712838,20.214180,73.360565
12.2866755,0.100181,0.092738,0.876738,0.887303,8.850374,42.790443
12.3060856,0.069675,0.142645,1.219990,1.230275,7.414048,63.966728
12.3254967,-0.068333,0.295297,1.392897,1.425493,12.276406,103.029198
12.3449087,-0.052104,0.105672,1.223040,1.228702,5.502494,116.246597
12.3643208,0.078949,0.209636,1.533224,1.549502,8.312290,69.363594
12.3837309,-0.009030,0.308231,1.889532,1.914529,9.268724,91.678017
12.4031429,-0.318847,0.102500,1.611807,1.646235,11.738462,162.178986
12.4225540,0.002196,0.064794,1.591063,1.592383,2.333304,88.058510
12.4419622,0.022696,0.193407,1.651342,1.662785,6.725550,83.306946
12.4613733,-0.150211,-0.055521,1.398266,1.407407,6.533630,200.285233
12.4807835,-0.052104,-0.064672,1.464159,1.466512,3.246487,231.142990
12.5001926,-0.063208,-0.047345,1.254034,1.256518,3.603425,216.834488
12.5196028,-0.153871,-0.077729,1.321757,1.332952,7.430808,206.800827
12.5390129,-0.120559,-0.236969,1.035368,1.068960,14.401880,243.035110
12.5584221,0.000000,-0.218544,1.135916,1.156748,10.890324,270.000000
12.5778313,-0.060646,-0.176446,1.041836,1.058410,10.153191,251.031815
12.5972414,-0.093592,-0.150211,0.935675,0.952266,10.710923,238.074173
12.6166534,-0.031604,-0.269062,0.727747,0.776537,20.418287,263.300720
12.6360636,0.032946,-0.163999,0.770822,0.788763,12.243904,281.359100
12.6554756,-0.024405,-0.158752,0.734947,0.752293,12.327745,261.260468
12.6748867,-0.036119,-0.181815,0.666858,0.692142,15.534431,258.764038
12.6943007,-0.000366,-0.151431,0.612557,0.630998,13.885793,269.861481
12.7137108,0.032458,-0.124586,0.662343,0.674739,10.999845,284.602600
12.7331219,0.037095,-0.077607,0.649530,0.655201,7.543714,295.547211
12.7525339,0.038559,-0.064550,0.673813,0.677995,6.367228,300.852142
12.7719460,0.046125,-0.032458,0.719328,0.721536,4.483274,324.865814
12.7913561,0.025991,-0.020256,0.681256,0.682053,2.769161,322.069183
12.8107681,0.045515,-0.004149,0.755447,0.756828,3.462097,354.791718
12.8301802,0.058815,0.003539,0.801572,0.803734,4.204074,3.443105
12.8495922,-0.015741,0.023184,0.823536,0.824012,1.948931,124.174438
12.8690042,0.032214,0.092006,0.872833,0.878260,6.372645,70.703186
12.8884172,0.063696,0.095300,0.787783,0.796079,8.278773,56.242271
12.9078293,0.010128,0.057961,0.834640,0.836711,4.032500,80.088387
12.9272394,-0.029164,0.019890,0.798643,0.799423,2.530799,145.705688
12.9466515,0.072360,0.065160,1.038297,1.042853,5.357708,42.003223
12.9660645,-0.040634,0.032092,0.967035,0.968420,3.064905,141.698685
12.9854755,-0.052226,0.068211,1.044886,1.048412,4.700155,127.439583
13.0048857,0.006589,0.007932,1.009621,1.009674,0.585506,50.281235
13.0242977,-0.026357,0.042098,1.108827,1.109938,2.564756,122.050140
13.0437088,-0.041366,-0.026357,1.012794,1.013981,2.772693,212.503998
13.0631189,-0.029774,-0.015009,1.097112,1.097619,1.740688,206.752594
13.0825291,-0.062354,-0.008542,1.031586,1.033504,3.491269,187.800186
13.1019411,-0.025015,-0.077973,1.089791,1.092863,4.297101,252.213043
13.1213551,-0.108235,-0.061866,1.010964,1.018621,7.029981,209.751831
13.1407652,-0.013179,-0.072848,1.045862,1.048479,4.048833,259.745819
13.1601782,-0.019646,-0.073946,1.006571,1.009475,4.346813,255.121552
13.1795893,-0.003905,-0.090663,1.015235,1.019282,5.107873,267.533875
13.1990004,-0.005247,-0.111773,1.009255,1.015439,6.326573,267.312317
13.2184124,-0.028187,-0.124098,1.027559,1.035409,7.059914,257.203033
13.2378235,-0.021476,-0.118973,1.044398,1.051372,6.602984,259.767578
13.2572327,-0.011592,-0.106160,1.029511,1.035035,5.922119,263.768250
13.2766447,0.002440,-0.104574,1.007059,1.012477,5.930025,271.336884
13.2960567,0.025625,-0.101279,1.004008,1.009429,5.940494,284.198547
13.3154678,0.017449,-0.079315,1.009377,1.012639,4.599981,282.407410
13.3348780,0.003417,-0.082610,0.967279,0.970806,4.885635,272.368347
13.3542900,0.026967,-0.074068,0.980214,0.983378,4.597553,290.005829
13.3737001,0.009762,-0.054666,0.967279,0.968872,3.285689,280.124664
13.3931103,0.011714,-0.047955,0.948610,0.949893,2.978941,283.727112
13.4125223,0.020744,-0.048565,0.964351,0.965796,3.134566,293.129059
13.4319363,0.021354,-0.030384,0.953979,0.954701,2.229322,305.099976
13.4513483,-0.011836,-0.024649,0.947389,0.947784,1.653274,244.349777
13.4707584,0.012934,-0.025015,0.954345,0.954760,1.690149,297.342285
13.4901695,0.011104,-0.024039,0.914809,0.915192,1.658002,294.793579
13.5095825,0.022086,-0.038071,0.942020,0.943048,2.675032,300.119232
13.5289936,-0.001464,-0.008176,0.952636,0.952673,0.499285,259.845734
13.5484066,-0.008054,-0.008664,0.937262,0.937336,0.723076,227.090164
13.5678186,-0.013667,-0.033434,0.949586,0.950273,2.178346,247.767258
13.5872316,-0.038803,-0.032946,0.949708,0.951071,3.068097,220.333145
13.6066437,-0.045881,-0.028187,0.953125,0.954645,3.233617,211.564972
13.6260529,-0.010738,-0.029896,0.957395,0.957922,1.900325,250.242538
13.6454630,-0.043806,-0.032336,0.944339,0.945907,3.299899,216.433319
13.6648731,-0.036241,-0.035509,0.948244,0.949600,3.062796,224.415375
13.6842852,-0.023795,-0.040024,0.965571,0.966693,2.760878,239.267990
13.7036982,-0.042708,-0.033312,0.942997,0.944551,3.287357,217.954239
13.7231083,-0.035509,-0.042098,0.953857,0.955445,3.304464,229.853104
13.7425194,-0.014155,-0.049053,0.967157,0.968504,3.021743,253.904129
13.7619267,-0.026357,-0.042830,0.969354,0.970657,2.969859,238.392502
13.7813377,-0.027333,-0.043196,0.971306,0.972650,3.012529,237.675659
13.8007488,-0.005003,-0.051738,0.985461,0.986831,3.019345,264.476776
13.8201609,-0.026601,-0.046369,0.970208,0.971679,3.153743,240.157791
13.8395729,-0.020134,-0.041976,0.982654,0.983757,2.712455,244.375244
13.8589849,-0.009884,-0.056863,0.983020,0.984713,3.360103,260.139374
13.8783970,-0.015009,-0.057839,0.979360,0.981181,3.491493,255.452957
13.8978071,-0.014521,-0.042708,1.003154,1.004168,2.574583,251.221970
13.9172163,-0.019158,-0.049786,0.972770,0.974232,3.138872,248.953079
13.9366283,0.003661,-0.056131,0.990464,0.992060,3.250404,273.731384
13.9560375,0.006467,-0.043928,0.961788,0.962813,2.643232,278.375061
13.9754496,-0.004759,-0.038315,0.995833,0.996581,2.220261,262.919891
13.9948616,-0.024405,-0.053202,0.948976,0.950779,3.529530,245.358337
14.0142727,0.009030,-0.053202,0.997175,0.998634,3.097562,279.632721
14.0336828,-0.017693,-0.050762,0.958494,0.960000,3.210040,250.783600
14.0530939,-0.009152,-0.046735,0.987535,0.988683,2.760878,258.920410
14.0725040,-0.011836,-0.048931,0.957517,0.958840,3.009604,256.401642
14.0919161,-0.002196,-0.050152,0.986193,0.987470,2.913965,267.492310
14.1113281,-0.027211,-0.036607,0.960568,0.961650,2.718654,233.375351
14.1307402,-0.006101,-0.046369,0.959714,0.960853,2.789866,262.504150
14.1501503,-0.057717,-0.051860,0.970696,0.973792,4.570247,221.940323
14.1695614,-0.023551,-0.046613,0.952270,0.953701,3.138997,243.195465
14.1889734,-0.039170,-0.024893,0.978261,0.979362,2.716133,212.436523
14.2083864,-0.050640,-0.044294,0.947634,0.950019,4.060956,221.176147
14.2278004,-0.024161,-0.061988,0.970574,0.972852,3.921314,248.705963
14.2472124,-0.045759,-0.039170,0.990586,0.992415,3.479697,220.563522
14.2666235,-0.021354,-0.045881,0.952148,0.953492,3.042403,245.041534
14.2860346,-0.023551,-0.054056,0.980214,0.981986,3.442418,246.458878
14.3054457,-0.038315,-0.045271,0.948244,0.950097,3.578944,229.756714
14.3248577,-0.018426,-0.040268,0.979604,0.980604,2.588307,245.412323
14.3442688,-0.041976,-0.055155,0.946169,0.948704,4.189701,232.726624
14.3636789,-0.004637,-0.049664,0.978383,0.979654,2.918529,264.665985
14.3830919,-0.011226,-0.034411,0.985827,0.986491,2.102731,251.931549
14.4025040,-0.035387,-0.052470,0.956053,0.958146,3.787238,236.003540
14.4219160,-0.006345,-0.065771,0.971794,0.974038,3.889776,264.489441
14.4413300,-0.032946,-0.041854,0.963008,0.964480,3.165886,231.791168
14.4607420,-0.027089,-0.047711,0.963253,0.964814,3.259907,240.413177
14.4801540,-0.013057,-0.062232,0.977407,0.979473,3.722207,258.150970
14.4995661,-0.029652,-0.053080,0.966547,0.968458,3.599456,240.811371
