Keuwl Accelerometer Data File
2021-05-23 11-17-27

Time (s), X (g), Y (g), Z (g), R (g), Theta (deg), Phi (deg)
0.0000000,0.010006,0.041244,1.025484,1.026362,2.369925,76.363304
0.0194171,0.044661,0.066137,0.784488,0.788537,5.808562,55.969757
0.0388366,0.025137,0.025747,1.047327,1.047945,1.967818,45.686966
0.0582553,-0.014521,0.010372,1.000592,1.000751,1.021825,144.462326
0.0776743,-0.006711,0.015253,0.991928,0.992068,0.962458,113.749489
0.0970905,0.025381,0.029896,0.944827,0.945641,2.376852,49.669422
0.1165080,-0.004271,0.050030,0.966913,0.968216,2.972758,94.879272
0.1359265,0.035509,0.019646,0.991562,0.992392,2.343599,28.954201
0.1553449,-0.030628,0.036973,0.951294,0.952505,2.889273,129.637772
0.1747635,-0.008176,0.044417,0.932503,0.933596,2.772764,100.429466
0.1941829,-0.018059,0.035509,1.006083,1.006871,2.267449,116.957481
0.2136014,0.017449,0.024771,0.938360,0.938849,1.849491,54.837849
0.2330203,-0.019890,0.022452,1.002178,1.002627,1.714407,131.536758
0.2524387,-0.020988,0.034289,0.948488,0.949339,2.427048,121.470787
0.2718584,0.037827,0.034533,0.994857,0.996174,2.947230,42.393055
0.2912748,-0.017693,0.022818,0.998761,0.999179,1.655994,127.790039
0.3106935,-0.028431,0.051006,0.951660,0.953450,3.511288,119.136009
0.3301129,0.040634,0.035143,0.997663,0.999109,3.082356,40.855377
0.3495324,-0.038681,0.030994,0.975699,0.976957,2.908249,141.296143
0.3689494,0.002807,0.054056,0.966059,0.967574,3.206989,87.027946
0.3883680,0.016351,0.041000,0.987535,0.988521,2.559256,68.257416
0.4077846,-0.000854,0.035997,0.938482,0.939172,2.197222,91.359306
0.4272017,0.002196,0.054300,0.993636,0.995121,3.130503,87.683678
0.4466187,0.014399,0.043196,0.938970,0.940073,2.776221,71.565048
0.4660385,0.020744,0.031482,0.977407,0.978134,2.209037,56.618523
0.4854572,0.002807,0.044539,0.978994,0.980010,2.609996,86.394348
0.5048776,0.030994,0.035509,0.956419,0.957580,2.821333,48.883842
0.5242957,0.020012,0.025137,1.019261,1.019768,1.805477,51.476124
0.5437127,0.045393,0.056741,0.987169,0.989840,4.209846,51.340195
0.5631288,0.074922,0.064794,0.943851,0.949034,5.991063,40.853931
0.5825467,0.073580,0.042952,1.036711,1.040206,4.698112,30.274157
0.6019654,0.061988,0.051372,0.953613,0.957005,4.825722,39.649906
0.6213852,0.061500,0.044417,1.012916,1.015753,4.283132,35.837654
0.6408035,0.064062,0.039414,0.997297,1.000129,4.313024,31.601414
0.6602225,0.035509,0.037095,0.993270,0.994597,2.959492,46.251640
0.6796374,0.038681,0.041000,0.973259,0.974889,3.314639,46.666637
0.6990538,0.043562,0.048443,0.994491,0.996622,3.748104,48.036713
0.7184721,0.037583,0.035509,0.971672,0.973047,3.045940,43.374344
0.7378917,0.004881,0.046003,0.963985,0.965094,2.747517,83.943535
0.7573115,0.030994,0.050518,0.981922,0.983709,3.454171,58.469784
0.7767317,-0.005003,0.040634,0.984485,0.985336,2.381295,97.019112
0.7961520,-0.001586,0.044417,0.975211,0.976223,2.609471,92.045410
0.8155714,0.017937,0.046613,0.976065,0.977342,2.929241,68.952446
0.8349890,-0.005857,0.035631,1.006693,1.007340,2.054332,99.334999
0.8544079,-0.026845,0.045759,0.965571,0.967027,3.144854,120.398727
0.8738258,-0.021720,0.060524,0.979238,0.981347,3.757026,109.741592
0.8932448,-0.035509,0.061012,0.981922,0.984456,4.112041,120.199409
0.9126623,0.003173,0.062476,0.990342,0.992315,3.614330,87.092949
0.9320805,-0.036363,0.071140,0.968133,0.971424,4.717585,117.073814
0.9514988,-0.034045,0.080901,0.965327,0.969309,5.195351,112.822067
0.9709190,-0.014765,0.081512,0.974479,0.977993,4.858897,100.267105
0.9903373,-0.011348,0.089321,0.962642,0.966844,5.343498,97.240593
1.0097570,-0.000732,0.090907,0.980214,0.984421,5.298755,90.461433
1.0291749,-0.021354,0.085660,0.968866,0.972879,5.206352,103.997826
1.0485951,-0.000732,0.093592,0.981922,0.986373,5.444889,90.448196
1.0680162,-0.019158,0.097253,0.976553,0.981571,5.795759,101.143936
1.0874348,-0.002929,0.100181,0.987291,0.992365,5.796503,91.674431
1.1068524,-0.030384,0.094812,0.958494,0.963651,5.930223,107.768745
1.1262722,-0.011104,0.097985,0.973991,0.978970,5.781232,96.465462
1.1456923,0.004271,0.094324,0.972282,0.976856,5.546729,87.407524
1.1651096,0.002929,0.096887,0.973991,0.978802,5.683342,88.268661
1.1845293,0.028431,0.097253,0.988145,0.993326,5.854577,73.703918
1.2039485,0.018670,0.086637,0.975699,0.979716,5.190106,77.839127
1.2233660,0.010128,0.099937,0.984485,0.989596,5.825847,84.213226
1.2427862,0.014643,0.106282,0.978872,0.984733,6.254795,82.155594
1.2622033,0.004759,0.099937,0.981190,0.986278,5.822246,87.273689
1.2816207,-0.016351,0.099693,0.943851,0.949242,6.109392,99.314415
1.3010390,-0.024405,0.122389,0.963375,0.971424,7.381185,101.276970
1.3204579,-0.023551,0.104330,0.956419,0.962381,6.380824,102.720238
1.3398757,-0.028187,0.094080,0.952271,0.957322,5.888361,106.678787
1.3592924,-0.019280,0.134836,0.996077,1.005346,7.786539,98.137360
1.3787090,-0.052470,0.119827,0.971550,0.980317,7.668283,113.647743
1.3981267,-0.047955,0.109089,0.942142,0.949649,7.208623,113.730164
1.4175432,-0.037705,0.124342,0.967401,0.976088,7.649706,106.869324
1.4369600,-0.037339,0.124098,0.968622,0.977252,7.620455,106.745750
1.4563783,-0.032336,0.109821,0.970086,0.976818,6.730505,106.406769
1.4757979,-0.034777,0.119095,0.978261,0.986098,7.228002,106.278236
1.4952152,-0.015497,0.129711,0.983874,0.992509,7.563173,96.813019
1.5146315,-0.010128,0.127514,0.972770,0.981145,7.491219,94.541229
1.5340483,-0.003051,0.130199,0.974479,0.983143,7.612210,91.342201
1.5534658,-0.015497,0.136910,0.984363,0.993959,7.968118,96.457863
1.5728835,0.005369,0.132639,0.977773,0.986744,7.731521,87.682022
1.5923003,0.007321,0.127514,0.971306,0.979668,7.491298,86.713898
1.6117158,0.008054,0.131297,0.985095,0.993839,7.605942,86.489975
1.6311344,0.026967,0.137886,0.976431,0.986487,8.188082,78.934044
1.6505542,0.039902,0.136544,0.993636,1.003768,8.147410,73.710304
1.6699737,0.028675,0.134470,0.974723,0.984372,8.029106,77.962067
1.6893909,0.031482,0.146672,0.989732,1.001036,8.618670,77.885712
1.7088087,0.026723,0.135568,0.984973,0.994617,7.985615,78.848839
1.7282263,0.027211,0.125928,0.979848,0.988281,7.490538,77.806702
1.7476428,0.030262,0.138130,1.014380,1.024189,7.936002,77.642799
1.7670592,0.036363,0.128857,0.992660,1.001649,7.681683,74.241096
1.7864776,0.036607,0.123610,1.002178,1.010436,7.330049,73.503342
1.8058958,0.035997,0.116898,0.981556,0.989148,7.103212,72.884666
1.8253142,0.035753,0.108357,0.987535,0.994105,6.590915,71.739441
1.8447328,0.054666,0.097863,0.973991,0.980420,6.565248,60.812122
1.8641518,0.041732,0.097497,0.974601,0.980354,6.210283,66.827377
1.8835698,0.043196,0.094446,0.968866,0.974416,6.118338,65.422333
1.9029889,0.041488,0.072482,0.956663,0.960302,4.989237,60.213585
1.9224056,0.027577,0.082976,0.983020,0.986901,5.082995,71.615623
1.9418215,0.013545,0.071994,0.957517,0.960316,4.375019,79.345169
1.9612384,0.019646,0.049664,0.959714,0.961199,3.185244,68.417366
1.9806560,0.021842,0.046369,0.965693,0.967052,3.038218,64.777092
2.0000751,0.030994,0.049175,0.999371,1.001060,3.328843,57.777882
2.0194933,0.008542,0.038803,0.968744,0.969558,2.348687,77.585709
2.0389104,0.005613,0.047467,0.990952,0.992104,2.761516,83.255981
2.0583291,0.001708,0.040390,0.975577,0.976414,2.372814,87.578056
2.0777454,-0.011470,0.030018,0.973258,0.973789,1.891137,110.912544
2.0971644,-0.003905,0.028065,0.968134,0.968548,1.676548,97.920738
2.1165829,-0.003295,0.007809,0.973991,0.974028,0.498893,112.873665
2.1360016,0.017327,0.004515,0.967767,0.967933,1.059987,14.604447
2.1554201,0.017571,0.003051,0.979115,0.979278,1.043615,9.849014
2.1748388,0.020500,-0.020744,0.950318,0.950765,1.757805,314.660980
2.1942585,0.019036,-0.041854,0.978872,0.979951,2.689336,294.456543
2.2136781,0.025503,-0.023428,0.986925,0.987532,2.009740,317.427551
2.2330971,0.046491,-0.013545,0.986925,0.988112,2.809026,343.757111
2.2525175,0.055033,-0.044172,0.950562,0.953178,4.245747,321.247345
2.2719388,0.056131,-0.055887,0.968011,0.971247,4.677888,315.124817
2.2913587,0.037949,-0.036363,0.953613,0.955060,3.154736,316.222870
2.3107774,0.061500,-0.037583,0.959226,0.961930,4.297010,328.570435
2.3301983,0.076265,-0.050640,0.952148,0.956539,5.491907,326.415833
2.3496175,0.080047,-0.040634,0.976797,0.980914,5.250872,333.086639
2.3690367,0.079803,-0.036363,0.959958,0.963955,5.219808,335.503265
2.3884547,0.082000,-0.055155,0.963131,0.968187,5.858392,326.074463
2.4078753,0.078949,-0.049908,0.980824,0.985261,5.439704,327.701050
2.4272964,0.078217,-0.041976,0.969354,0.973410,5.232293,331.779266
2.4467163,0.088345,-0.035875,0.991074,0.995650,5.495510,337.899048
2.4661334,0.094324,-0.040146,0.975699,0.981069,5.997799,336.944702
2.4855547,0.069065,-0.039658,0.993148,0.996336,4.584796,330.135345
2.5049727,0.072238,-0.030262,0.983386,0.986500,4.553630,337.270264
2.5243921,0.056375,-0.041122,0.977163,0.979652,4.084565,323.891602
2.5438092,0.053934,-0.042708,0.992294,0.994676,3.966004,321.625885
2.5632308,0.034289,-0.037583,0.987535,0.988845,2.949089,312.375366
2.5826507,0.021842,-0.038315,0.984607,0.985594,2.564756,299.685883
2.6020710,0.001098,-0.048321,0.974113,0.975311,2.840556,271.301941
2.6214898,-0.002929,-0.044783,0.981556,0.982581,2.617784,266.258453
2.6409092,-0.027089,-0.043074,0.979848,0.981168,2.972758,237.834412
2.6603284,-0.032702,-0.046613,0.978750,0.980404,3.329490,234.947632
2.6797490,-0.046369,-0.052104,0.980092,0.982570,4.070637,228.333160
2.6991661,-0.063940,-0.050640,0.970574,0.973995,4.803669,218.378693
2.7185845,-0.090907,-0.051860,0.971550,0.977171,6.148416,209.703445
2.7380030,-0.102622,-0.062110,0.972770,0.980138,7.029730,211.183655
2.7574234,-0.113848,-0.064306,0.970086,0.978858,7.676418,209.459702
2.7768424,-0.121535,-0.067113,0.971428,0.981299,8.133494,208.907867
2.7962615,-0.116044,-0.073946,0.977651,0.987287,8.011630,212.506271
2.8156786,-0.127880,-0.075166,0.955687,0.967130,8.822674,210.446426
2.8350983,-0.152163,-0.074068,0.983386,0.997842,9.764486,205.955353
2.8545172,-0.131785,-0.081146,0.948976,0.961513,9.262553,211.622299
2.8739376,-0.134226,-0.081024,0.983508,0.995927,9.057508,211.116714
2.8933570,-0.143744,-0.076265,0.967645,0.981232,9.545714,207.948639
2.9127774,-0.150333,-0.074678,0.971062,0.985464,9.807323,206.416046
2.9321964,-0.128003,-0.078705,0.960324,0.972009,8.893045,211.586166
2.9516163,-0.137764,-0.080169,0.969232,0.982251,9.338878,210.196442
2.9710360,-0.151919,-0.078827,0.972648,0.987592,9.979888,207.423691
2.9904568,-0.153017,-0.081268,0.955077,0.970665,10.282123,207.972794
3.0098772,-0.136300,-0.078583,0.980458,0.993001,9.116346,209.965363
3.0292974,-0.121047,-0.084562,0.972404,0.983551,8.634380,214.937714
3.0487156,-0.143866,-0.094080,0.975821,0.990845,9.990465,213.182449
3.0681362,-0.141303,-0.086515,0.988999,1.002782,9.510290,211.477570
3.0875533,-0.127514,-0.092128,0.973747,0.986372,9.177124,215.847656
3.1069734,-0.152529,-0.100303,0.982044,0.998868,10.530614,213.328918
3.1263905,-0.141791,-0.085538,0.991806,1.005535,9.478821,211.101334
3.1458106,-0.132883,-0.092494,0.986803,0.999997,9.317492,214.839905
3.1652308,-0.165220,-0.092006,0.979604,0.997690,10.926380,209.112061
3.1846511,-0.167416,-0.080657,0.970208,0.987845,10.843043,205.723770
3.2040706,-0.163755,-0.089565,0.961788,0.979732,10.982541,208.676224
3.2234902,-0.175592,-0.099571,0.968866,0.989670,11.768925,209.555847
3.2429090,-0.165708,-0.089565,0.991440,1.009175,10.757441,208.391251
3.2623301,-0.176324,-0.091273,0.962642,0.982905,11.653962,207.368210
3.2817504,-0.183279,-0.090907,0.979482,1.000620,11.797839,206.381653
3.3011703,-0.179862,-0.096154,0.968134,0.989383,11.896250,208.128952
3.3205903,-0.190601,-0.096398,0.978628,1.001665,12.312059,206.828552
3.3400102,-0.189014,-0.092738,0.973136,0.995651,12.207845,206.134369
3.3594282,-0.186818,-0.099083,0.966547,0.989410,12.341063,207.940231
3.3788466,-0.186818,-0.096643,0.980092,1.002407,12.112369,207.352936
3.3982658,-0.185842,-0.096154,0.967889,0.990249,12.198765,207.357040
3.4176862,-0.189624,-0.093226,0.969354,0.992116,12.297109,206.180328
3.4371037,-0.187062,-0.082610,0.979115,1.000242,11.796786,203.827103
3.4565229,-0.190478,-0.086637,0.963985,0.986435,12.247398,204.457779
3.4759421,-0.174982,-0.094202,0.967889,0.988080,11.602743,208.295990
3.4953625,-0.166318,-0.081390,0.980214,0.997550,10.697243,206.075348
3.5147808,-0.146184,-0.090419,0.953735,0.969100,10.216520,211.738068
3.5341995,-0.161559,-0.088467,0.982898,1.000008,10.614094,208.704361
3.5536184,-0.155458,-0.071384,0.974845,0.989740,9.952796,204.663818
3.5730369,-0.137764,-0.077851,0.978261,0.990977,9.188337,209.470871
3.5924551,-0.127880,-0.083952,0.967157,0.979181,8.988021,213.284439
3.6118739,-0.127270,-0.085782,0.984607,0.996497,8.859981,213.980652
3.6312928,-0.134104,-0.066991,0.983386,0.994746,8.667325,206.544189
3.6507115,-0.135324,-0.068333,0.966303,0.978123,8.916145,206.791931
3.6701305,-0.141669,-0.076143,0.976675,0.989829,9.351307,208.256592
3.6895499,-0.135934,-0.068333,0.973258,0.985078,8.884757,206.688354
3.7089694,-0.132151,-0.079071,0.960934,0.973196,9.104895,210.893677
3.7283888,-0.138252,-0.087369,0.972282,0.985941,9.548205,212.290863
3.7478080,-0.134104,-0.080535,0.974479,0.986954,9.119601,210.986755
3.7672284,-0.135202,-0.084562,0.963741,0.976845,9.395509,212.023972
3.7866464,-0.123854,-0.084684,0.976309,0.987770,8.736757,214.362122
3.8060651,-0.125806,-0.078705,0.969110,0.980406,8.705923,212.030350
3.8254840,-0.112017,-0.078217,0.957517,0.967215,8.120400,214.924942
3.8449030,-0.098839,-0.076143,0.971428,0.979408,7.318825,217.609589
3.8643229,-0.099449,-0.070041,0.959470,0.967149,7.225205,215.156830
3.8837421,-0.096276,-0.063696,0.969720,0.976567,6.788795,213.488495
3.9031596,-0.082976,-0.062110,0.970086,0.975607,6.098505,216.815933
3.9225786,-0.083220,-0.065038,0.962520,0.968298,6.262156,218.008514
3.9419959,-0.075288,-0.060280,0.965327,0.970133,5.705541,218.682449
3.9614129,-0.069187,-0.064184,0.961422,0.966043,5.606263,222.851761
3.9808331,-0.063574,-0.063574,0.966425,0.970598,5.314965,225.000000
4.0002537,-0.062720,-0.058327,0.967645,0.971429,5.058266,222.921631
4.0196738,-0.037583,-0.062110,0.967767,0.970486,4.289894,238.821533
4.0390935,-0.046735,-0.060646,0.971428,0.974441,4.506500,232.381302
4.0585127,-0.046857,-0.055643,0.962642,0.965387,4.321462,229.899094
4.0779343,-0.035387,-0.059547,0.974723,0.977181,4.064860,239.278580
4.0973539,-0.030750,-0.065527,0.968499,0.971201,4.274206,244.860565
4.1167746,-0.027333,-0.057107,0.985339,0.987371,3.676368,244.422714
4.1361933,-0.032092,-0.053446,0.975333,0.977323,3.657252,239.017014
4.1556120,-0.006833,-0.060158,0.976797,0.978672,3.546796,263.519531
4.1750307,-0.004393,-0.059547,0.978628,0.980447,3.491493,265.780914
4.1944494,-0.014521,-0.054666,0.987779,0.989397,3.277277,255.124313
4.2138667,0.003417,-0.061622,0.962032,0.964010,3.670612,273.173553
4.2332864,0.020744,-0.049786,0.993514,0.994977,3.107342,292.619873
4.2527056,0.001708,-0.047589,0.957761,0.958945,2.846407,272.055878
4.2721267,0.018304,-0.052470,0.983508,0.985077,3.233919,289.230682
4.2915425,0.021842,-0.053080,0.960324,0.962038,3.420508,292.366882
4.3109593,0.031238,-0.049664,0.978872,0.980628,3.430053,302.169586
4.3303771,0.028798,-0.053568,0.954955,0.956890,3.644057,298.261841
4.3497968,0.031726,-0.056985,0.972160,0.974346,3.838135,299.106659
4.3692160,0.032458,-0.060035,0.967767,0.970171,4.033908,298.397888
4.3886352,0.038315,-0.051128,0.977773,0.979859,3.738584,306.848022
4.4080529,0.032092,-0.050518,0.956541,0.958412,3.580257,302.426392
4.4274712,0.024405,-0.050518,0.972038,0.973656,3.303279,295.784790
4.4468908,0.035997,-0.063818,0.949952,0.952773,4.410510,299.425323
4.4663095,0.021720,-0.052470,0.988389,0.990019,3.288310,292.487274
4.4857273,0.037827,-0.046735,0.960690,0.962570,3.581187,308.986694
4.5051451,0.053080,-0.059547,0.968622,0.971901,4.707983,311.713593
4.5245614,0.028798,-0.045271,0.965205,0.966695,3.181677,302.461212
4.5439787,0.034411,-0.047345,0.958250,0.960035,3.495192,306.009796
4.5633969,0.047467,-0.055521,0.965693,0.968452,4.325675,310.528625
4.5828152,0.043196,-0.053080,0.963253,0.965681,4.063848,309.138458
4.6022320,0.046979,-0.049297,0.983996,0.986350,3.958838,313.620514
4.6216516,0.046979,-0.051738,0.964717,0.967245,4.143260,312.240051
4.6410694,0.047223,-0.050152,0.976797,0.979223,4.033908,313.277344
4.6604881,0.033312,-0.044050,0.963863,0.965444,3.279367,307.097778
4.6799035,0.068943,-0.053812,0.980092,0.983986,5.099236,322.026855
4.6993227,0.066381,-0.058571,0.973380,0.977398,5.196633,318.576324
4.7187414,0.069065,-0.046003,0.972404,0.975939,4.877689,326.333282
4.7381611,0.069919,-0.048443,0.953247,0.957034,5.099197,325.284058
4.7575798,0.082610,-0.046979,0.970696,0.975337,5.591597,330.373749
4.7769990,0.085538,-0.046735,0.962398,0.967322,5.783267,331.349457
4.7964177,0.092616,-0.048443,0.968011,0.973638,6.162589,332.387878
4.8158374,0.097741,-0.042464,0.975699,0.981501,6.233192,336.517120
4.8352571,0.106038,-0.039902,0.953125,0.959835,6.778907,339.378937
4.8546772,0.115556,-0.050518,0.966425,0.974619,7.434927,336.386505
4.8740959,0.119461,-0.049053,0.973258,0.981789,7.558345,337.675812
4.8935151,0.121169,-0.039170,0.971916,0.980223,7.464506,342.085907
4.9129324,0.118729,-0.042220,0.966181,0.974364,7.430729,340.424561
4.9323521,0.138863,-0.049664,0.969598,0.980749,8.648427,340.320679
4.9517689,0.133982,-0.046613,0.970330,0.980645,8.317510,340.816956
4.9711862,0.126904,-0.038925,0.962032,0.971147,7.855978,342.947601
4.9906030,0.137886,-0.039536,0.954223,0.964944,8.548906,344.001038
5.0100207,0.136056,-0.046369,0.952637,0.963420,8.580460,341.180511
5.0294371,0.122389,-0.052226,0.956297,0.965511,7.921717,336.891083
5.0488548,0.143255,-0.048687,0.977651,0.989290,8.797410,341.228973
5.0682712,0.118485,-0.048077,0.959104,0.967590,7.593858,337.914307
5.0876880,0.124586,-0.048077,0.976919,0.986004,7.783842,338.898590
5.1071048,0.124098,-0.047711,0.968866,0.977945,7.813640,338.970032
5.1265206,0.119339,-0.051494,0.968744,0.977424,7.641646,336.660156
5.1459360,0.109211,-0.047101,0.969720,0.976986,6.992351,336.670197
5.1653533,0.127514,-0.035143,0.975943,0.984865,7.718183,344.591888
5.1847687,0.111041,-0.062354,0.943973,0.952524,7.683343,330.684113
5.2041855,0.110797,-0.055399,0.988267,0.996001,7.144518,333.434937
5.2236004,0.127026,-0.031116,0.969110,0.977894,7.685667,346.236023
5.2430167,0.112262,-0.045759,0.958494,0.966130,7.208432,337.823761
5.2624340,0.096398,-0.059059,0.964595,0.971197,6.684630,328.505951
5.2818527,0.116898,-0.046613,0.965083,0.973254,7.429594,338.260498
5.3012691,0.092616,-0.049664,0.965571,0.971273,6.211514,331.798370
5.3206859,0.110431,-0.060646,0.959226,0.967464,7.482596,331.225677
5.3401036,0.109455,-0.053446,0.982898,0.990417,7.064442,333.973999
5.3595204,0.112017,-0.050030,0.964351,0.972123,7.250062,335.933350
5.3789377,0.095788,-0.055643,0.971184,0.977481,6.507256,329.848053
5.3983550,0.119705,-0.062598,0.974479,0.983797,7.892175,332.393311
5.4177732,0.112017,-0.058937,0.989366,0.997430,7.290622,332.249176
5.4371924,0.104330,-0.048687,0.973625,0.980408,6.743896,334.983093
5.4566102,0.127148,-0.050030,0.991684,1.001053,7.845003,338.521637
5.4760299,0.124464,-0.057961,0.957395,0.967190,8.161014,335.029236
5.4954481,0.131419,-0.050518,0.981312,0.991361,8.164814,338.973175
5.5148659,0.134470,-0.049175,0.963008,0.973594,8.456749,339.912598
5.5342827,0.143377,-0.048687,0.972648,0.984364,8.848576,341.243835
5.5537019,0.158630,-0.049541,0.953003,0.967384,9.891891,342.656006
5.5731211,0.158020,-0.049053,0.970208,0.984215,9.678085,342.754364
5.5925412,0.147526,-0.052104,0.946535,0.959379,9.385818,340.547577
5.6119580,0.166440,-0.043684,0.972648,0.987753,10.032739,345.293671
5.6313772,0.163023,-0.051250,0.944949,0.960277,10.250851,342.548340
5.6507950,0.173151,-0.052958,0.953003,0.970051,10.757880,342.993805
5.6702137,0.174737,-0.045759,0.957029,0.973926,10.688261,345.325378
5.6896315,0.157044,-0.053202,0.954467,0.968762,9.855146,341.285034
5.7090516,0.158630,-0.046247,0.951416,0.965658,9.852392,343.746552
5.7284703,0.167050,-0.037339,0.946657,0.962008,10.249334,347.400299
5.7478890,0.153505,-0.049786,0.955687,0.969216,9.584517,342.030853
5.7673054,0.154848,-0.053446,0.948366,0.962409,9.800043,340.957703
5.7867241,0.159607,-0.047711,0.980214,0.994268,9.645121,343.357025
5.8061404,0.153139,-0.051372,0.961422,0.974897,9.537061,341.455566
5.8255587,0.143744,-0.054056,0.982532,0.994462,8.883585,339.390686
5.8449769,0.160095,-0.061256,0.970330,0.985354,10.018222,339.062042
5.8643947,0.145086,-0.052836,0.991928,1.003874,8.847865,339.989807
5.8838129,0.141059,-0.052104,0.964473,0.976125,8.861842,339.726929
5.9032326,0.158020,-0.058327,0.984363,0.998670,9.710251,339.740295
5.9226494,0.148624,-0.049541,0.969964,0.982534,9.174918,341.565063
5.9420686,0.152041,-0.054300,0.960690,0.974161,9.539576,340.346161
5.9614868,0.149357,-0.053934,0.970452,0.983358,9.293014,340.144775
5.9809055,0.146916,-0.051738,0.958250,0.970826,9.232482,340.599792
6.0003219,0.153505,-0.047833,0.960202,0.973571,9.505948,342.692657
6.0197415,0.152529,-0.051006,0.958250,0.971653,9.527637,341.510071
6.0391593,0.140083,-0.051128,0.968499,0.979913,8.753200,339.948792
6.0585775,0.128979,-0.048321,0.966181,0.975949,8.113096,339.461792
6.0779948,0.147404,-0.046003,0.967645,0.979889,9.066767,342.667572
6.0974126,0.135446,-0.048565,0.978750,0.989270,8.363349,340.274261
6.1168289,0.115190,-0.047101,0.971306,0.979246,7.301191,337.760437
6.1362476,0.133982,-0.040390,0.976431,0.986408,8.155791,343.224182
6.1556664,0.123854,-0.047467,0.961666,0.970770,7.852980,339.030609
6.1750836,0.132273,-0.044172,0.978994,0.988876,8.107019,341.533356
6.1945009,0.128979,-0.043440,0.970208,0.979707,7.985172,341.386353
6.2139187,0.136178,-0.048321,0.975333,0.985979,8.427159,340.463348
6.2333360,0.126172,-0.055887,0.965571,0.975382,8.133397,336.109528
6.2527552,0.141791,-0.049297,0.979360,0.990798,8.714471,340.828644
6.2721753,0.123000,-0.045271,0.959592,0.968501,7.777636,339.793579
6.2915959,0.137276,-0.052592,0.966669,0.977783,8.646996,339.037598
6.3110142,0.141791,-0.053934,0.958250,0.970183,8.995953,339.174255
6.3304324,0.139473,-0.042830,0.968744,0.979669,8.564858,342.928986
6.3498487,0.138252,-0.044050,0.944827,0.955904,8.730932,342.326904
6.3692675,0.137764,-0.037339,0.970574,0.981013,8.366072,344.835083
6.3886867,0.141059,-0.016229,0.945071,0.955678,8.544333,353.436859
6.4081044,0.138130,-0.012324,0.956419,0.966421,8.250287,354.901428
6.4275217,0.150455,-0.009152,0.944583,0.956534,9.066593,356.519135
6.4469409,0.133616,-0.001708,0.962764,0.971994,7.901844,359.267487
6.4663596,0.137154,-0.010616,0.962520,0.972301,8.133712,355.574005
6.4857769,0.136544,-0.008176,0.962886,0.972554,8.085390,356.573517
6.5051956,0.161803,0.011226,0.975699,0.989088,9.438068,3.968913
6.5246143,0.141425,0.005125,0.968011,0.978301,8.317415,2.075384
6.5440316,0.145818,0.002440,0.971672,0.982556,8.535825,0.958836
6.5634503,0.154848,0.006833,0.988145,1.000228,8.914647,2.526780
6.5828681,0.155702,0.001464,0.978505,0.990817,9.041615,0.538816
6.6022854,0.143255,-0.000366,0.994491,1.004756,8.197069,359.853577
6.6216993,0.141791,0.007321,0.983752,0.993945,8.212504,2.955849
6.6411157,0.143011,0.003539,0.983752,0.994099,8.273815,1.417439
6.6605315,0.125928,-0.005735,0.979482,0.987560,7.333608,357.392395
6.6799488,0.119705,0.003539,1.001324,1.008460,6.820126,1.693266
6.6993651,0.127514,0.001708,0.978994,0.987265,7.421666,0.767553
6.7187829,0.113848,0.004759,0.985461,0.992027,6.595704,2.393607
6.7381997,0.109211,0.009518,0.966425,0.972623,6.471600,4.980791
6.7576180,0.111773,0.005247,0.955931,0.962458,6.676381,2.687676
6.7770352,0.109089,0.007199,0.966791,0.972953,6.451693,3.775790
6.7964525,0.118485,0.011714,0.956419,0.963802,7.096110,5.646321
6.8158712,0.114214,0.011958,0.958738,0.965591,6.830385,5.977140
6.8352895,0.111163,0.009152,0.950196,0.956720,6.695066,4.706383
6.8547072,0.085294,0.014155,0.963741,0.967611,5.126520,9.422441
6.8741255,0.078217,0.016473,0.954833,0.958173,4.785283,11.893163
6.8935442,0.096520,0.014399,0.947146,0.952160,5.882699,8.484714
6.9129629,0.085416,0.028431,0.967157,0.971338,5.317840,18.410389
6.9323802,0.091884,0.026357,0.945681,0.950500,5.771834,16.005678
6.9517984,0.077119,0.025381,0.959104,0.962534,4.838533,18.217096
6.9712181,0.066869,0.036485,0.953979,0.957015,4.565316,28.617785
6.9906368,0.072482,0.036729,0.960568,0.963999,4.835293,26.872883
7.0100541,0.067723,0.047833,0.968866,0.972407,4.891286,35.233803
7.0294719,0.070041,0.051616,0.964351,0.968268,5.155409,36.387756
7.0488901,0.068699,0.048931,0.963985,0.967667,5.000338,35.460590
7.0683103,0.069187,0.054544,0.993758,0.997656,5.066355,38.250820
7.0877275,0.047711,0.040634,0.967401,0.969429,3.706550,40.419788
7.1071453,0.061256,0.059669,0.999860,1.003510,4.888361,44.248432
7.1265631,0.060646,0.065527,0.976797,0.980869,5.222585,47.215366
7.1459818,0.056009,0.056985,0.974357,0.977627,4.688011,45.494984
7.1653996,0.040390,0.064550,0.981068,0.984019,4.438090,57.965420
7.1848159,0.088345,0.063696,0.977163,0.983214,6.359833,35.791397
7.2042313,0.041976,0.055033,0.977651,0.980098,4.049559,52.665443
7.2236500,0.053690,0.057717,0.964717,0.967932,4.671351,47.070026
7.2430687,0.061744,0.041732,0.985339,0.988153,4.325222,34.054337
7.2624879,0.030872,0.055155,0.966669,0.968733,3.741044,60.762749
7.2819066,0.030262,0.053690,0.972038,0.973990,3.627902,60.592815
7.3013253,0.050030,0.031116,0.962520,0.964322,3.502690,31.879599
7.3207407,0.048321,0.043196,0.998151,1.000253,3.715204,41.794785
7.3401585,0.023673,0.034533,0.967767,0.968673,2.477176,55.568882
7.3595757,0.037583,0.032336,0.981556,0.982807,2.891576,40.708363
7.3789935,0.032580,0.034655,0.977529,0.978686,2.785723,46.767181
7.3984113,0.024283,0.033068,0.969354,0.970221,2.423497,53.709518
7.4178281,-0.010372,0.032092,0.976065,0.976647,1.979025,107.910515
7.4372458,0.013301,0.023795,0.942387,0.942781,1.656821,60.795929
7.4566650,0.037461,0.036363,0.958494,0.959914,3.117657,44.147728
7.4760842,0.010006,0.038925,0.938726,0.939586,2.451602,75.584038
7.4955029,0.018914,0.009518,0.950196,0.950432,1.276409,26.712723
7.5149207,0.037705,0.024405,0.962276,0.963324,2.672323,32.912930
7.5343399,0.041244,0.014155,0.948732,0.949733,2.631506,18.941977
7.5537572,0.058693,0.004637,0.942997,0.944833,3.572647,4.517104
7.5731745,0.096154,0.020500,0.945681,0.950778,5.935278,12.035159
7.5925932,0.113604,-0.017205,0.924449,0.931562,7.084906,351.388000
7.6120110,0.076143,-0.027943,0.989610,0.992928,4.685462,339.847504
7.6314268,0.075166,-0.033434,0.947756,0.951319,4.960963,336.020264
7.6508436,0.125440,-0.048931,0.975821,0.985066,7.856179,338.690338
7.6702623,0.091151,-0.027943,0.966913,0.971602,5.631203,342.956573
7.6896806,0.095788,-0.032092,0.955809,0.961133,6.033319,341.477509
7.7090969,0.100791,-0.030750,0.961910,0.967665,6.251847,343.033844
7.7285142,0.092250,-0.008176,0.975821,0.980206,5.421481,354.935425
7.7479300,0.114580,-0.026357,0.950196,0.957442,7.053632,347.045502
7.7673469,0.097253,-0.046979,0.978628,0.984569,6.297904,334.216614
7.7867641,0.063452,-0.025991,0.951782,0.954249,4.120605,337.725250
7.8061824,0.089443,-0.022330,0.957029,0.961459,5.502210,345.982147
7.8255992,0.032580,0.001952,0.904803,0.905392,2.066017,3.429353
7.8450174,0.020500,-0.017937,0.876006,0.876429,1.781142,318.814087
7.8644328,0.043318,-0.023428,0.959836,0.961099,2.937183,331.593475
7.8838501,0.000000,-0.003905,0.906024,0.906032,0.247082,270.000000
7.9032674,0.026113,-0.034533,0.891137,0.892188,2.781434,307.095978
7.9226856,-0.079071,0.009884,0.917372,0.920826,4.964477,172.874985
7.9421034,0.016839,0.000000,0.793030,0.793209,1.216436,0.000000
7.9615226,0.093226,0.022208,0.970452,0.975172,5.639792,13.399257
7.9809399,0.075654,-0.008664,0.847696,0.851110,5.133090,353.467163
8.0003567,0.073458,-0.042342,1.000226,1.003813,4.845290,330.040344
8.0197716,0.169857,-0.031726,0.916762,0.932904,10.674055,349.420105
8.0391903,0.197678,-0.099815,0.981434,1.006108,12.715179,333.209045
8.0586081,0.256615,-0.086393,1.002666,1.038583,15.112120,341.393585
8.0780268,0.319213,-0.147404,1.044520,1.102110,18.604115,335.213745
8.0974426,0.350207,-0.196458,1.080639,1.152832,20.384233,330.708649
8.1168604,0.290538,-0.175958,1.182773,1.230579,16.022907,328.799744
8.1362782,0.136300,-0.174860,1.194975,1.215368,10.510695,307.935822
8.1556950,0.229770,-0.221594,1.154341,1.197665,15.457955,316.037689
8.1751108,0.339469,-0.241606,1.218525,1.287795,18.877872,324.559845
8.1945286,0.181449,-0.279800,1.239391,1.283473,15.059937,302.963226
8.2139463,0.083708,-0.265279,1.333472,1.362177,11.783349,287.512970
8.2333651,0.192553,-0.174615,1.225237,1.252506,11.977864,317.796875
8.2527838,0.204267,-0.245633,1.244150,1.284512,14.401111,309.746735
8.2722025,0.002685,-0.235749,1.253180,1.275165,10.654677,270.652405
8.2916203,-0.061622,-0.174005,1.204615,1.218676,8.712216,250.499039
8.3110371,0.025747,-0.153505,1.155195,1.165634,7.673733,279.521393
8.3304539,-0.018548,-0.095666,1.104800,1.109089,5.040728,259.027771
8.3498726,-0.035631,-0.088223,1.058797,1.063063,5.134998,248.007553
8.3692904,-0.061012,-0.071628,1.045984,1.050208,5.140146,229.576019
8.3887072,-0.094080,-0.016717,0.961910,0.966645,5.673021,190.075790
8.4081240,-0.114092,-0.010128,0.899678,0.906940,7.255446,185.072845
8.4275446,-0.138863,-0.024527,0.822438,0.834439,9.729124,190.016602
8.4469643,-0.122389,-0.000122,0.782414,0.791928,8.890483,180.057129
8.4663801,-0.100059,0.033678,0.745075,0.752517,8.064944,161.397522
8.4857979,-0.080413,0.045637,0.709444,0.715444,7.425446,150.423935
8.5052147,-0.113360,0.051494,0.653923,0.665671,10.780105,155.569992
8.5246315,-0.039292,0.080535,0.655266,0.661364,7.787043,116.006767
8.5440502,0.034045,0.058693,0.585346,0.589266,6.612125,59.884483
8.5634689,0.089443,0.064428,0.635132,0.644627,9.846044,35.766239
8.5828886,0.137032,0.087735,0.668322,0.687844,13.683241,32.629375
8.6023073,0.195115,0.092982,0.700292,0.732888,17.152313,25.480034
8.6217232,0.240142,0.063208,0.762524,0.801939,18.038206,14.746428
8.6411381,0.300910,0.093348,0.865024,0.920612,20.012478,17.234880
8.6605568,0.349231,0.086881,0.905536,0.974425,21.673735,13.970278
8.6799746,0.346302,0.083464,0.984240,1.046719,19.896307,13.550698
8.6993914,0.308109,0.040024,1.071243,1.115390,16.174000,7.401334
8.7188091,0.233919,0.057717,1.221210,1.244750,11.160645,13.860297
8.7382269,0.114946,0.126416,1.275388,1.286783,7.630389,47.720814
8.7576427,0.116044,0.040634,1.222796,1.228962,5.741839,19.298098
8.7770615,0.149967,-0.029042,1.348236,1.356862,6.463960,349.040131
8.7964783,0.012080,0.043440,1.425843,1.426556,1.811213,74.459290
8.8158951,-0.054422,0.094080,1.370811,1.375113,4.533282,120.048073
8.8353100,-0.042342,-0.033556,1.260502,1.261659,2.454235,218.397079
8.8547306,-0.138008,-0.075166,1.354581,1.363667,6.617550,208.574951
8.8741484,-0.205365,-0.056253,1.354215,1.370853,8.935735,195.318466
8.8935671,-0.181815,-0.065283,1.315900,1.330004,8.351624,199.751205
8.9129829,-0.250636,-0.097741,1.212424,1.241912,12.510441,201.304337
8.9324017,-0.284437,-0.120193,1.191314,1.230683,14.531299,202.907242
8.9518204,-0.251734,-0.110065,1.137624,1.170330,13.577334,203.616272
8.9712381,-0.250148,-0.128735,1.023898,1.061845,15.363665,207.231903
8.9906540,-0.262960,-0.126172,0.993514,1.035441,16.360519,205.632355
9.0100737,-0.255883,-0.117753,0.876982,0.921108,17.806438,204.710999
9.0294914,-0.217690,-0.093592,0.845012,0.877607,15.664426,203.264450
9.0489092,-0.179740,-0.113726,0.764720,0.793749,15.543241,212.322449
9.0683270,-0.175836,-0.110553,0.744465,0.772896,15.588852,212.158813
9.0877438,-0.088955,-0.060524,0.702123,0.710318,8.712149,214.230743
9.1071634,-0.048077,-0.093226,0.668322,0.676503,8.919758,242.719528
9.1265831,-0.019402,-0.082732,0.683819,0.689079,7.083687,256.801880
9.1460018,-0.020622,-0.039536,0.664417,0.665912,3.839461,242.453232
9.1654215,0.057107,-0.030750,0.671373,0.674498,5.518072,331.699249
9.1848402,0.158142,-0.017815,0.675887,0.694370,13.249375,353.572479
9.2042589,0.156068,0.016595,0.688944,0.706595,12.833489,6.069628
9.2236776,0.178520,0.013545,0.712861,0.734999,14.098125,4.338804
9.2430954,0.199264,0.010250,0.736655,0.763199,15.155287,2.944646
9.2625160,0.220374,0.044539,0.770456,0.802590,16.268002,11.425803
9.2819338,0.249782,0.033800,0.803280,0.841898,17.421150,7.706453
9.3013515,0.251612,0.018426,0.853065,0.889589,16.475077,4.188287
9.3207674,0.217812,0.036119,0.887476,0.914527,13.970424,9.415469
9.3401852,0.212931,0.024893,0.923717,0.948268,13.066178,6.667921
9.3596020,0.215127,0.010128,0.952392,0.976439,12.742056,2.695429
9.3790207,0.135324,0.014643,0.994857,1.004125,7.790722,6.175695
9.3984375,0.102866,0.000732,1.011330,1.016548,5.807887,0.407792
9.4178543,0.094446,-0.006711,1.027803,1.032155,5.263395,355.935425
9.4372740,0.045881,-0.004515,1.043300,1.044318,2.530258,354.379944
9.4566898,-0.005003,-0.015009,1.033538,1.033659,0.877150,251.565048
9.4761105,-0.018304,-0.034167,1.023044,1.023778,2.169884,241.821411
9.4955273,-0.062110,-0.069309,1.022068,1.026296,5.202850,228.135635
9.5149469,-0.079315,-0.087247,1.066362,1.072861,6.309722,227.726303
9.5343666,-0.110675,-0.080413,1.048181,1.057071,7.435956,216.001068
9.5537844,-0.108113,-0.094690,1.038297,1.048196,7.880576,221.213379
9.5732002,-0.129223,-0.101279,1.040127,1.053006,8.970057,218.087875
9.5926170,-0.153627,-0.124830,1.030609,1.049447,10.872414,219.095566
9.6120348,-0.144232,-0.137886,1.053062,1.071800,10.729411,223.711563
9.6314526,-0.151797,-0.118119,1.046961,1.064481,10.409852,217.887741
9.6508703,-0.142523,-0.121901,0.990342,1.007943,10.723319,220.540634
9.6702890,-0.128003,-0.119217,1.000714,1.015886,9.914906,222.964676
9.6897087,-0.111163,-0.120559,0.935309,0.949576,9.944532,227.321930
9.7091274,-0.083708,-0.135446,0.958250,0.971388,9.434215,238.283188
9.7285452,-0.075777,-0.097863,0.900288,0.908757,7.827920,232.248871
9.7479630,-0.027943,-0.070530,0.894553,0.897764,4.847433,248.386841
9.7673817,-0.042952,-0.107259,0.891137,0.898596,7.387402,248.176117
9.7867994,-0.044417,-0.081390,0.873809,0.878715,6.057024,241.377502
9.8062191,0.013056,-0.025869,0.848917,0.849411,1.955047,296.780853
9.8256378,0.049297,-0.030750,0.782170,0.784325,4.248238,328.045654
9.8450556,0.091273,-0.089565,0.781072,0.791471,9.298024,315.541229
9.8644705,0.076387,-0.007321,0.909684,0.912915,4.821824,354.525116
9.8838892,0.158264,0.013667,0.742512,0.759315,12.075825,4.935427
9.9033098,0.158264,-0.021598,0.761304,0.777880,11.849490,352.228912
9.9227285,0.178520,-0.015253,0.799131,0.818970,12.637116,355.116455
9.9421473,0.189014,0.029042,0.801206,0.823711,13.424234,8.735044
9.9615631,0.146794,0.014643,0.852943,0.865607,9.812635,5.696446
9.9809828,0.174371,-0.017815,0.776557,0.796092,12.719259,354.166382
10.0003986,0.174737,-0.008176,0.895408,0.912335,11.054176,357.321228
10.0198164,0.126294,-0.008908,0.829515,0.839121,8.678038,355.965515
10.0392342,0.263693,-0.118119,0.934577,0.978223,17.179806,335.870453
10.0586548,0.143988,-0.203535,1.018529,1.048599,13.754478,305.276886
10.0780735,0.315674,-0.061134,1.058309,1.106076,16.900026,349.039734
10.0974932,0.434647,-0.238312,0.944949,1.067071,27.680172,331.264587
10.1169109,0.362531,-0.320921,1.247567,1.338224,21.210772,318.483978
10.1363297,0.200484,-0.330561,1.328102,1.383228,16.230118,301.236694
10.1557474,0.170223,-0.344716,1.276120,1.332775,16.765867,296.280396
10.1751652,0.257225,-0.339103,1.435117,1.496902,16.519190,307.182007
10.1945820,-0.009884,-0.370341,1.369224,1.418459,15.140088,268.471222
10.2139997,-0.155458,-0.291880,1.548599,1.583515,12.054257,241.959854
10.2334156,-0.259666,-0.369975,1.355436,1.428815,18.442255,234.937012
10.2528324,-0.245145,-0.385594,1.464280,1.533915,17.330328,237.553452
10.2722502,-0.375710,-0.147282,1.300525,1.361696,17.238859,201.405701
10.2916708,-0.206342,-0.151919,1.249886,1.275880,11.585479,216.362381
10.3110886,-0.222815,-0.243559,1.164347,1.210236,15.828473,227.546799
10.3305082,-0.256127,-0.093226,1.179600,1.210681,13.010790,200.000641
10.3499250,-0.274309,-0.036729,1.047937,1.083866,14.793860,187.626358
10.3693419,-0.204511,-0.097009,0.939214,0.966105,13.550002,205.377029
10.3887587,-0.216347,-0.022330,0.938482,0.963355,13.048175,185.892914
10.4081755,-0.097741,0.041976,0.848673,0.855313,7.144217,156.758255
10.4275932,-0.104940,-0.013911,0.715789,0.723574,8.412489,187.550995
10.4470129,-0.107625,0.019890,0.723843,0.732070,8.598182,169.529465
10.4664288,-0.077607,0.075166,0.631349,0.640527,9.710818,135.915192
10.4858475,0.023673,0.042830,0.554474,0.556630,5.043759,61.070282
10.5052662,0.141303,0.106160,0.613167,0.638131,16.079031,36.917366
10.5246840,0.144476,0.112384,0.528849,0.559629,19.091148,37.878338
10.5441008,0.081024,0.072848,0.379615,0.394942,16.014540,41.958595
10.5635195,0.190356,0.087247,0.548617,0.587221,20.891031,24.623564
10.5829353,0.211467,0.064916,0.533608,0.577642,22.516356,17.065550
10.6023521,0.286755,0.079437,0.494317,0.576964,31.045881,15.483865
10.6217709,0.207074,0.049786,0.502248,0.545538,22.978994,13.518717
10.6411877,0.361677,0.051128,0.798521,0.878100,24.581121,8.046189
10.6606026,0.225255,0.104696,0.651483,0.697231,20.870823,24.928474
10.6800203,0.357895,-0.013545,0.867830,0.938830,22.425783,357.832672
10.6994390,0.363752,-0.024161,1.054038,1.115300,19.078634,356.199951
10.7188587,0.374002,0.174982,1.146288,1.218389,19.809847,25.073153
10.7382793,0.371317,0.038803,1.152023,1.211007,17.956102,5.965878
10.7576981,0.276627,-0.047345,1.424989,1.452363,11.141715,350.287842
10.7771168,0.095666,0.115434,1.569343,1.576488,5.457077,50.349670
10.7965336,0.104818,0.085294,1.566658,1.572476,4.930024,39.136524
10.8159504,0.061622,-0.033190,1.594113,1.595649,2.514038,331.692474
10.8353672,-0.221961,0.059303,1.678920,1.694566,7.792032,165.041138
10.8547831,-0.428790,0.153994,1.589720,1.653719,15.991959,160.245010
10.8741999,-0.252710,-0.061378,1.506379,1.528661,9.794846,193.651535
10.8936167,-0.373758,-0.129711,1.532736,1.582971,14.473121,199.139099
10.9130363,-0.455635,-0.015253,1.507111,1.574554,16.830198,181.917328
10.9324532,-0.291636,0.021354,1.303454,1.335852,12.644389,175.812180
10.9518719,-0.239776,-0.134226,1.198270,1.229373,12.915840,209.239944
10.9712915,-0.367900,-0.213053,1.144823,1.221214,20.372818,210.075317
10.9907093,-0.362898,-0.114580,1.086374,1.151100,19.305346,197.522797
11.0101261,-0.235749,-0.059791,0.937628,0.968658,14.541598,194.231461
11.0295448,-0.214761,-0.153505,0.810845,0.852735,18.033363,215.556152
11.0489626,-0.168758,-0.172541,0.768381,0.805394,17.437592,225.634995
11.0683842,-0.152041,-0.115434,0.731774,0.756264,14.620806,217.206848
11.0878019,-0.090907,-0.094934,0.614144,0.628052,12.080345,226.241272
11.1072226,0.017449,-0.141059,0.575218,0.592518,13.879544,277.051788
11.1266422,-0.000122,-0.114214,0.580831,0.591954,11.124630,269.938782
11.1460629,0.016107,-0.060646,0.573998,0.577418,6.238694,284.873993
11.1654797,0.114824,-0.072116,0.582906,0.598468,13.094939,327.868896
11.1848974,0.143499,-0.065649,0.614144,0.634093,14.410322,335.416718
11.2043161,0.115068,-0.032824,0.626834,0.638153,10.807331,344.078674
11.2237339,0.151553,-0.009396,0.598403,0.617367,14.238221,356.452393
11.2431498,0.212321,-0.014521,0.663197,0.696506,17.791178,356.087585
11.2625675,0.197678,-0.003539,0.680036,0.708194,16.210936,358.974457
11.2819843,0.167172,0.009396,0.748247,0.766752,12.613320,3.216889
11.3014021,0.151797,0.011348,0.781560,0.796245,11.021230,4.275413
11.3208218,0.157288,0.027089,0.826708,0.841974,10.927047,9.771987
11.3402386,0.119339,0.006833,0.885157,0.893192,7.690849,3.277162
11.3596573,0.071262,-0.022452,0.962764,0.965659,4.437517,342.511993
11.3790779,-0.032214,0.017815,1.051109,1.051754,2.005841,151.056076
11.3984976,-0.031360,0.022086,1.024142,1.024860,2.144845,144.843719
11.4179182,-0.051128,0.019524,1.070267,1.071665,2.927236,159.100067
11.4373379,-0.140937,-0.023428,1.089059,1.098390,7.473806,189.438187
11.4567585,-0.292612,-0.054056,1.191680,1.228269,14.020102,190.466660
11.4761782,-0.322752,-0.067479,1.157880,1.203913,15.895408,191.808945
11.4955969,-0.172419,-0.035997,1.166421,1.179645,8.587118,191.792572
11.5150146,-0.266133,0.013057,1.096380,1.128294,13.659761,177.191315
11.5344343,-0.308231,-0.068577,1.110657,1.154672,15.870825,192.543213
11.5538540,-0.271502,-0.150211,1.060993,1.105434,16.301420,208.953934
11.5732756,-0.162779,-0.147648,1.111633,1.133148,11.182960,222.209488
11.5926952,-0.247952,-0.113970,1.066728,1.101081,14.349666,204.685669
11.6121149,-0.261618,-0.124220,1.066118,1.104755,15.197658,205.399002
11.6315327,-0.183401,-0.107503,1.059773,1.080885,11.342776,210.377167
11.6509504,-0.159973,-0.120071,1.048791,1.067694,10.797546,216.890869
11.6703682,-0.158508,-0.185476,0.943363,0.974402,14.500533,229.482620
11.6897879,-0.149723,-0.093958,1.047937,1.062740,9.574338,212.110199
11.7092066,-0.144964,-0.102012,0.929696,0.946444,10.794665,215.134186
11.7286243,-0.117386,-0.121535,0.994491,1.008743,9.642735,225.994827
11.7480421,-0.108723,-0.088345,0.906268,0.917031,8.787267,219.096283
11.7674608,-0.097253,-0.085050,0.950440,0.959181,7.740933,221.170654
11.7868786,-0.130687,-0.099937,0.912003,0.926723,10.225797,217.405350
11.8062963,-0.061866,-0.084562,0.933601,0.939462,6.403401,233.810730
11.8257141,-0.068699,-0.067357,0.923229,0.928228,5.949397,224.434769
11.8451328,-0.094568,-0.079193,0.912125,0.920427,7.701458,219.943466
11.8645496,-0.061988,-0.068333,0.932869,0.937420,5.648127,227.787476
11.8839703,-0.068089,-0.043562,0.909440,0.913025,5.079177,212.610504
11.9033890,-0.053812,-0.044294,0.910660,0.913324,4.376585,219.458801
11.9228115,-0.034045,-0.056131,0.900410,0.902801,4.170022,238.762283
11.9422321,-0.033190,-0.056131,0.920666,0.922973,4.051396,239.403992
11.9616518,-0.051738,-0.048077,0.916274,0.918992,4.407712,222.899628
11.9810696,-0.061622,-0.040878,0.937140,0.940053,4.511756,213.558960
12.0004902,-0.075899,-0.050152,0.926279,0.930736,5.609129,213.455597
12.0199089,-0.090785,-0.064794,0.949464,0.955993,6.699986,215.515823
12.0393295,-0.097253,-0.054178,0.960080,0.966513,6.614142,209.121704
12.0587492,-0.138130,-0.035143,0.960690,0.971206,8.439012,194.274185
12.0781698,-0.135446,-0.045393,0.948854,0.959547,8.561579,198.527817
12.0975876,-0.143255,-0.100181,1.046839,1.061334,9.480210,214.965805
12.1170073,-0.164610,-0.068211,0.970574,0.986794,10.402800,202.508194
12.1364269,-0.149967,0.000000,1.099919,1.110095,7.764022,180.000000
12.1558475,-0.165464,-0.029408,1.057577,1.070846,9.029242,190.077866
12.1752663,-0.121291,-0.071994,0.843304,0.855018,9.495211,210.691727
12.1946859,-0.169368,-0.089443,1.061847,1.078984,10.225027,207.838440
12.2141056,-0.174249,-0.025503,0.963131,0.979098,10.361906,188.326614
12.2335262,-0.106526,-0.054178,0.999005,1.006129,6.821938,206.957489
12.2529449,-0.155336,-0.074556,0.996687,1.011471,9.808025,205.639542
12.2723656,-0.192309,-0.046125,1.024508,1.043421,10.925570,193.487488
12.2917833,-0.119095,-0.085416,1.016821,1.027328,8.201762,215.648590
12.3112020,-0.111529,0.018670,0.961056,0.967686,6.710749,170.497025
12.3306208,-0.058815,-0.051128,0.943607,0.946819,4.721280,221.000259
12.3500395,-0.003173,-0.140083,0.950318,0.960592,8.387498,268.702576
12.3694582,-0.157288,-0.059669,0.993514,1.007656,9.610407,200.774933
12.3888750,-0.076021,0.009274,0.942142,0.945250,4.647219,173.044830
12.4082918,0.019890,-0.043318,1.001568,1.002702,2.724839,294.662445
12.4277086,-0.076143,-0.101523,0.917860,0.926591,7.871879,233.130096
12.4471273,-0.074068,-0.019402,0.970574,0.973589,4.510627,194.678497
12.4665451,-0.002440,-0.038681,0.948610,0.949401,2.339754,266.389923
12.4859629,-0.041610,-0.064794,0.991074,0.994061,4.442854,237.292053
12.5053797,-0.058937,-0.030872,0.935187,0.937551,4.069434,207.645981
12.5247955,-0.008786,-0.006345,1.019017,1.019075,0.609093,215.837646
12.5442133,-0.067845,-0.049175,0.946779,0.950480,5.057646,215.935364
12.5636320,-0.094202,-0.057961,1.003154,1.009233,6.291861,211.603363
12.5830498,-0.011470,-0.023184,0.988877,0.989216,1.498416,243.676697
12.6024704,-0.053934,-0.037949,0.999493,1.001667,3.774913,215.130981
12.6218901,-0.082244,-0.042952,0.970818,0.975242,5.459374,207.576050
12.6413097,-0.047955,-0.055155,1.046595,1.049143,3.994638,228.994049
12.6607304,-0.073214,-0.043806,0.959226,0.963013,5.082802,210.893494
12.6801500,-0.110309,-0.060890,1.042202,1.049790,6.893384,208.898315
12.6995707,-0.106770,-0.064550,0.998517,1.006282,7.122297,211.155960
12.7189913,-0.069553,-0.043196,1.041348,1.044561,4.495621,211.842468
12.7384119,-0.081756,-0.043806,0.943485,0.948033,5.614612,208.183334
12.7578325,-0.036119,-0.055887,1.008157,1.010351,3.776313,237.125900
12.7772512,-0.060890,-0.040024,0.967157,0.969898,4.308572,213.317505
12.7966700,-0.068089,-0.055765,0.966059,0.970060,5.205410,219.317352
12.8160896,-0.067113,-0.059425,0.972648,0.976770,5.265629,221.523438
12.8355103,-0.044661,-0.049297,0.950074,0.952400,4.005017,227.825287
12.8549299,-0.058815,-0.040390,0.948122,0.950802,4.303523,214.478241
12.8743496,-0.032824,-0.047589,0.939336,0.941113,3.521811,235.404282
12.8937674,-0.006711,-0.043074,0.957517,0.958509,2.606769,261.144104
12.9131861,-0.031116,-0.034411,0.928842,0.930000,2.859375,227.878372
12.9326077,-0.017449,-0.046491,0.949464,0.950762,2.993821,249.427475
12.9520273,-0.013179,-0.042830,0.934577,0.935651,2.745165,252.897278
12.9714489,-0.010738,-0.043318,0.955687,0.956728,2.673641,256.077728
12.9908695,-0.029164,-0.042464,0.950684,0.952079,3.101667,235.519440
13.0102882,-0.010250,-0.045027,0.979482,0.980570,2.699289,257.175598
13.0297060,-0.014155,-0.049419,0.962887,0.964258,3.056014,254.017242
13.0491266,-0.020378,-0.052470,0.990464,0.992062,3.252632,248.775223
13.0685453,-0.022940,-0.048931,0.980458,0.981946,3.154922,244.881500
13.0879660,-0.041610,-0.042952,0.992904,0.994704,3.446738,225.909378
