Keuwl Accelerometer Data File
2021-05-23 11-14-39

Time (s), X (g), Y (g), Z (g), R (g), Theta (deg), Phi (deg)
0.0000000,-0.013667,0.004881,1.003032,1.003137,0.828979,160.346176
0.0194193,-0.000732,0.004881,0.953247,0.953259,0.297394,98.530762
0.0388386,-0.011592,0.019646,0.969232,0.969500,1.348282,120.543243
0.0582602,-0.010128,0.006101,0.996199,0.996269,0.679838,148.934830
0.0776805,-0.016351,0.000976,0.970452,0.970590,0.966921,176.583420
0.0971017,-0.012690,0.004393,0.960934,0.961028,0.800886,160.906509
0.1165228,-0.007199,0.008542,1.004740,1.004803,0.637044,130.126099
0.1359444,-0.009640,-0.001952,0.951050,0.951101,0.592483,191.449341
0.1553651,-0.019890,0.002685,0.994979,0.995181,1.155552,172.313278
0.1747858,-0.005491,0.011714,0.968133,0.968220,0.765662,115.114838
0.1942057,-0.006223,0.001342,0.991318,0.991338,0.367973,167.828537
0.2136255,-0.012568,0.002318,0.963375,0.963459,0.760018,169.548370
0.2330444,-0.007321,0.007809,0.992294,0.992352,0.618023,133.152390
0.2524641,-0.005003,0.006467,0.972038,0.972073,0.482139,127.724991
0.2718841,-0.012934,-0.005857,0.968378,0.968482,0.840000,204.362442
0.2913069,0.004271,0.017083,0.985705,0.985862,1.023355,75.963753
0.3107280,-0.001830,-0.000244,0.975089,0.975091,0.108352,187.594650
0.3301485,-0.013179,-0.003051,0.967401,0.967496,0.801130,193.033356
0.3495669,-0.000244,0.015131,0.997419,0.997534,0.869307,90.924042
0.3689858,-0.010006,0.004759,0.960324,0.960388,0.661160,154.563782
0.3884053,-0.003417,0.001830,0.975943,0.975951,0.227282,151.821411
0.4078247,-0.009640,0.022086,0.992538,0.992831,1.390720,113.579544
0.4272451,-0.003783,0.008054,0.962520,0.962562,0.529711,115.159302
0.4466647,-0.005125,0.000000,0.983875,0.983888,0.298707,180.000000
0.4660832,-0.015741,0.020012,0.979238,0.979569,1.489378,128.188065
0.4855038,0.002685,0.001220,0.979970,0.979974,0.172459,24.443964
0.5049227,-0.004637,-0.006833,0.973503,0.973538,0.486180,235.840317
0.5243431,-0.020500,0.007687,0.981678,0.981922,1.277635,159.443954
0.5437621,-0.004759,0.003539,0.976919,0.976937,0.347742,143.365891
0.5631818,0.000000,-0.009518,0.969842,0.969889,0.562322,270.000000
0.5826001,-0.026113,0.007443,0.979360,0.979736,1.588192,164.089981
0.6020204,-0.002685,0.012568,0.972648,0.972733,0.756922,102.056763
0.6214398,-0.005857,-0.001952,0.984119,0.984138,0.359365,198.434952
0.6408591,-0.021598,0.004759,0.965449,0.965702,1.312241,167.574051
0.6602768,0.004271,0.013911,0.989121,0.989229,0.843023,72.932594
0.6796967,-0.003539,-0.009518,0.972892,0.972945,0.598071,249.605118
0.6991154,-0.016595,-0.001342,0.975821,0.975963,0.977588,184.624146
0.7185359,-0.000854,0.010006,0.976553,0.976605,0.589171,94.879272
0.7379549,-0.009884,-0.008542,0.981434,0.981521,0.762589,220.833496
0.7573746,-0.029042,-0.008176,0.971916,0.972384,1.777952,195.722580
0.7767942,0.004027,0.004881,0.982532,0.982553,0.369035,50.477367
0.7962156,-0.006223,-0.005125,0.985217,0.985250,0.468555,219.472458
0.8156348,-0.015741,-0.004637,0.960080,0.960220,0.979188,196.413589
0.8350565,-0.009152,0.006467,0.993148,0.993211,0.646496,144.752426
0.8544762,-0.010616,0.001952,0.969842,0.969902,0.637658,169.579285
0.8738973,-0.015253,-0.006711,0.979970,0.980111,0.974179,203.749496
0.8933179,-0.012812,-0.002685,0.970940,0.971028,0.772278,191.833649
0.9127375,-0.011226,0.007809,0.981190,0.981285,0.798439,145.175522
0.9321579,-0.001830,-0.016961,0.978994,0.979142,0.998384,263.840851
0.9515775,-0.029652,0.005857,0.974479,0.974947,1.776521,168.826157
0.9709943,-0.003295,0.002074,0.977163,0.977171,0.228141,147.804260
0.9904137,-0.018304,-0.009396,0.977163,0.977380,1.206259,207.172943
1.0098323,-0.019768,0.002685,0.968622,0.968827,1.179851,172.266403
1.0292516,-0.010860,0.004149,0.996321,0.996389,0.668518,159.092010
1.0486692,-0.025015,-0.010006,0.956907,0.957286,1.612769,201.801407
1.0680883,-0.003051,-0.000488,0.981556,0.981561,0.180226,189.090271
1.0875070,-0.012202,0.003173,0.988511,0.988592,0.730881,165.425781
1.1069283,-0.020866,-0.011104,0.959592,0.959883,1.410976,208.020294
1.1263497,-0.010250,-0.005857,0.986437,0.986508,0.685570,209.744873
1.1457732,-0.021964,0.005125,0.977041,0.977301,1.322194,166.865982
1.1651924,-0.010860,-0.007443,0.971184,0.971273,0.776573,214.426468
1.1846133,-0.021232,-0.002440,0.982776,0.983009,1.245684,186.556946
1.2040340,-0.018670,0.009762,0.975821,0.976048,1.236856,152.396027
1.2234552,-0.013545,-0.000366,0.978872,0.978965,0.793029,181.548157
1.2428739,-0.019768,-0.000976,0.969964,0.970166,1.168854,182.827133
1.2622931,0.000122,0.008908,0.993758,0.993798,0.513581,89.215172
1.2817131,-0.008420,0.002562,0.970818,0.970858,0.519265,163.072495
1.3011354,-0.007809,0.001830,0.967035,0.967068,0.475190,166.809387
1.3205553,-0.001952,0.015497,1.002422,1.002544,0.892848,97.180534
1.3399748,-0.047345,0.000610,0.949586,0.950766,2.854511,179.261688
1.3593928,-0.005003,0.005003,0.984485,0.984510,0.412120,135.000015
1.3788122,0.002440,0.014887,0.992294,0.992409,0.871106,80.690063
1.3982317,-0.027089,0.006711,0.957762,0.958168,1.669060,166.085266
1.4176501,0.012446,0.010006,0.988511,0.988640,0.925561,38.796551
1.4370672,-0.027577,0.019402,0.986071,0.986647,1.958447,144.872086
1.4564877,-0.012080,0.009518,0.965449,0.965571,0.912574,141.766174
1.4759071,-0.007443,0.009396,0.994491,0.994563,0.690688,128.386536
1.4953272,-0.014277,0.022818,0.963375,0.963750,1.600344,122.032913
1.5147477,-0.006345,0.017693,1.003276,1.003452,1.073379,109.728882
1.5341686,-0.023795,0.018548,0.944583,0.945065,1.829490,142.064041
1.5535895,-0.008298,0.028065,1.000592,1.001020,1.675497,106.470428
1.5730116,-0.009396,0.024161,0.980580,0.980922,1.514395,111.250504
1.5924324,-0.006223,0.028065,0.975577,0.976000,1.687832,102.502426
1.6118541,-0.036851,0.036119,0.983142,0.984496,3.004461,135.574860
1.6312754,-0.005003,0.033678,0.957395,0.958001,2.036728,98.449539
1.6506982,0.000732,0.043562,1.001324,1.002271,2.491358,89.037140
1.6701165,-0.018548,0.047223,0.976309,0.977626,2.974733,111.443153
1.6895365,-0.015497,0.044417,0.998273,0.999381,2.698056,109.233940
1.7089531,-0.019402,0.051494,0.980702,0.982244,3.211503,110.645264
1.7283727,-0.016473,0.056863,0.994124,0.995886,3.407949,106.156281
1.7477912,-0.010982,0.058571,0.975455,0.977273,3.495976,100.619659
1.7672113,-0.016229,0.070163,0.993026,0.995634,4.147937,103.023727
1.7866299,-0.018426,0.071506,0.983386,0.986155,4.294229,104.449593
1.8060511,-0.015375,0.077241,0.966303,0.969507,4.659469,101.257706
1.8254730,-0.002807,0.083220,1.001202,1.004658,4.754192,91.931534
1.8448954,-0.017327,0.086026,0.984240,0.988145,5.095007,101.388054
1.8643144,-0.024649,0.087369,0.969232,0.973474,5.350754,105.754974
1.8837343,-0.014765,0.089809,0.996199,1.000348,5.220145,99.336037
1.9031556,-0.019524,0.091640,0.980824,0.985289,5.456789,102.027008
1.9225760,-0.025259,0.102744,0.978628,0.984330,6.170505,103.811867
1.9419961,-0.016473,0.104086,0.988389,0.993991,6.085858,98.993324
1.9614147,-0.021476,0.105550,0.985583,0.991451,6.236997,101.500877
1.9808342,-0.021720,0.108479,0.967157,0.973464,6.525611,101.322327
2.0002537,-0.015741,0.111285,0.978628,0.985060,6.551583,98.050926
2.0196741,-0.024405,0.111163,0.976553,0.983163,6.647444,102.382217
2.0390961,0.000000,0.117509,0.974113,0.981175,6.878429,90.000000
2.0585165,-0.034899,0.118119,0.983386,0.991070,7.138969,106.460014
2.0779366,-0.031238,0.122145,0.963252,0.971468,7.456852,104.345581
2.0973573,-0.007199,0.124830,1.000592,1.008374,7.122931,93.300789
2.1167767,-0.046125,0.127880,0.959226,0.968811,8.066428,109.833717
2.1361964,-0.009884,0.136788,0.999372,1.008738,7.813966,94.132835
2.1556165,-0.048321,0.143622,0.962764,0.974617,8.944591,108.595444
2.1750345,-0.020012,0.142157,0.982654,0.993085,8.311724,98.013016
2.1944542,-0.042952,0.155458,0.976675,0.989902,9.376872,105.445213
2.2138729,-0.040268,0.150943,0.976553,0.988970,9.088737,104.937180
2.2332940,-0.037705,0.154116,0.990830,1.003453,9.097488,103.747688
2.2527139,-0.038803,0.158142,0.969964,0.983537,9.529720,103.786316
2.2721329,-0.035753,0.158752,0.998273,1.011449,9.258372,102.691910
2.2915514,-0.044783,0.162657,0.977163,0.991620,9.795669,105.393234
2.3109710,-0.038559,0.174371,0.977285,0.993468,10.355658,102.469360
2.3303914,-0.047467,0.176568,0.978628,0.995561,10.582565,105.047188
2.3498125,-0.051860,0.172175,0.987535,1.003773,10.319651,106.762558
2.3692317,-0.036363,0.169368,0.988755,1.003815,9.937253,102.117310
2.3886530,-0.067967,0.177056,0.970452,0.988810,11.057809,111.000458
2.4080729,-0.057107,0.189868,0.985339,1.005089,11.377157,106.739769
2.4274940,-0.013911,0.173151,0.990464,1.005581,9.947439,94.593178
2.4469135,-0.078949,0.181449,0.971672,0.991617,11.510828,113.514061
2.4663346,-0.047345,0.184377,0.967035,0.985593,11.136164,104.401466
2.4857547,-0.057839,0.185598,0.983996,1.003016,11.175614,107.308968
2.5051761,-0.035875,0.158264,0.982166,0.995482,9.381985,102.771797
2.5245962,-0.062964,0.170223,1.017431,1.033492,10.114332,110.299049
2.5440178,-0.020622,0.181937,0.983875,1.000767,10.542324,96.466690
2.5634389,-0.026601,0.171931,1.007425,1.022337,9.798017,98.795044
2.5828578,-0.053446,0.183401,0.972770,0.991350,11.110212,106.247032
2.6022780,-0.048443,0.189502,0.995467,1.014501,11.116272,104.339668
2.6216991,-0.015741,0.183523,0.971062,0.988377,10.740595,94.902336
2.6411183,-0.040756,0.184499,0.974967,0.993107,10.967868,102.456566
2.6605394,-0.058083,0.194993,0.954955,0.976389,12.027459,106.587334
2.6799591,-0.010250,0.184987,0.969232,0.986780,10.821692,93.171455
2.6993783,-0.030384,0.187062,0.958494,0.977049,11.184262,99.225792
2.7187984,-0.049419,0.180229,0.964961,0.982891,10.960613,105.333862
2.7382183,-0.023306,0.189746,0.959836,0.978689,11.264319,97.002541
2.7576382,-0.037339,0.179740,0.975699,0.992819,10.655638,101.735664
2.7770572,-0.035021,0.182791,0.978383,0.995928,10.770552,100.845802
2.7964780,-0.005369,0.175836,0.981922,0.997556,10.157162,91.748947
2.8158994,-0.028187,0.176568,0.985827,1.001911,10.280229,99.070198
2.8353188,-0.016473,0.168148,0.996321,1.010545,9.624492,95.595299
2.8547399,-0.010616,0.175714,1.001934,1.017280,9.964822,93.457420
2.8741601,-0.007687,0.161803,1.004008,1.016992,9.165060,92.720154
2.8935795,-0.012202,0.154604,1.005351,1.017242,8.769276,94.512802
2.9129980,-0.016839,0.161803,0.995711,1.008912,9.278897,95.941521
2.9324186,-0.021720,0.152407,1.004740,1.016466,8.711157,98.110832
2.9518392,-0.030750,0.142645,0.984119,0.994878,8.434171,102.165031
2.9712613,-0.031848,0.153505,0.985217,0.997612,9.041507,101.720993
2.9906828,-0.034289,0.148502,0.994368,1.005981,8.714065,103.001495
3.0101047,-0.068089,0.133738,0.968621,0.980178,8.807074,116.981743
3.0295253,-0.047955,0.131663,0.995711,1.005522,8.010551,110.012947
3.0489457,-0.039536,0.124098,0.985705,0.994272,7.526995,107.671051
3.0683644,-0.051372,0.128735,1.010720,1.020179,7.808640,111.754578
3.0877855,-0.042220,0.133250,0.990098,0.999916,8.035705,107.580795
3.1072059,-0.018548,0.139595,0.973503,0.983635,8.230988,97.568398
3.1266270,-0.045027,0.124220,0.997175,1.005891,7.547874,109.924339
3.1460462,-0.062476,0.139961,0.973624,0.985615,8.946304,114.055115
3.1654661,-0.013301,0.129833,0.989488,0.998058,7.513870,95.849182
3.1848848,-0.034045,0.128613,0.953979,0.963211,7.939291,104.826477
3.2043054,-0.028920,0.139839,0.997175,1.007348,8.149507,101.684410
3.2237253,-0.046125,0.134348,0.971916,0.982241,8.314889,108.948586
3.2431471,-0.044050,0.131541,0.973747,0.983578,8.107867,108.514641
3.2625666,-0.040268,0.135690,0.967035,0.977338,8.326900,106.528923
3.2819862,-0.040024,0.122511,0.965815,0.974376,7.600935,108.091866
3.3014057,-0.033922,0.095910,0.967767,0.973100,6.000936,109.478157
3.3208261,-0.032092,0.107991,0.971672,0.978181,6.613519,106.550644
3.3402472,-0.019890,0.116166,0.966913,0.974070,6.949495,99.715889
3.3596678,-0.020012,0.074312,0.961544,0.964619,4.576072,105.071861
3.3790877,-0.038071,0.093470,0.956785,0.962094,6.021546,112.161591
3.3985105,0.006955,0.125562,0.995223,1.003136,7.201625,86.829422
3.4179323,-0.056741,0.083342,0.924449,0.929931,6.224284,124.247810
3.4373543,0.012934,0.070896,0.995589,0.998194,4.140140,79.660446
3.4567745,-0.036119,0.099083,0.980824,0.986477,6.137022,110.028419
3.4761956,-0.004759,0.112994,1.021458,1.027699,6.317952,92.411682
3.4956148,-0.028065,0.065283,0.936651,0.939343,4.338470,113.263184
3.5150363,-0.002196,0.068821,0.988877,0.991272,3.983150,91.827965
3.5344555,-0.045393,0.077973,0.960202,0.964432,5.367902,120.206238
3.5538769,-0.017327,0.050152,0.970940,0.972389,3.128001,109.059967
3.5732970,-0.028553,0.039292,0.958127,0.959358,2.902050,126.006210
3.5927193,-0.028065,0.043318,0.955321,0.956714,3.092691,122.938690
3.6121399,-0.030262,0.065038,0.956907,0.959592,4.287154,114.952126
3.6315606,-0.033190,0.068821,0.967157,0.970171,4.517050,115.746597
3.6509795,-0.044661,0.075532,0.967401,0.971373,5.182852,120.594818
3.6703980,-0.025137,0.062110,0.975943,0.978240,3.927501,112.033928
3.6898170,-0.023428,0.062842,0.994979,0.997236,3.856204,110.446236
3.7092373,-0.027943,0.070041,0.977773,0.980677,4.410155,111.749763
3.7286584,-0.013057,0.078095,0.998883,1.002017,4.532201,99.491356
3.7480786,-0.025259,0.092006,0.988755,0.993348,5.511675,105.351524
3.7674980,-0.035875,0.074312,0.979238,0.982708,4.816824,115.769325
3.7869177,-0.030018,0.054056,0.999615,1.001526,3.539557,119.043617
3.8063362,-0.010982,0.062232,1.017919,1.019879,3.552422,100.007980
3.8257570,-0.019646,0.088833,1.004374,1.008487,5.175929,102.470459
3.8451774,-0.003539,0.074678,1.006815,1.009587,4.246762,92.712967
3.8645985,0.005369,0.051006,0.977163,0.978508,3.004526,83.990997
3.8840187,-0.005003,0.067113,0.983264,0.985565,3.915467,94.263252
3.9034398,0.014033,0.076021,0.993758,0.996761,4.448097,79.541458
3.9228606,0.006345,0.053324,0.954589,0.956098,3.219783,83.214104
3.9422824,-0.000854,0.076509,0.984851,0.987818,4.442413,90.639641
3.9617028,-0.002440,0.070285,0.966669,0.969224,4.161089,91.988640
3.9811237,0.012812,0.047101,0.956785,0.958030,2.920541,74.782570
4.0005426,0.013667,0.051860,0.975699,0.977172,3.146161,75.236534
4.0199614,0.005613,0.059669,0.987047,0.988865,3.474685,84.626030
4.0393820,0.005979,0.052104,0.980214,0.981616,3.062668,83.453712
4.0588036,0.008542,0.055277,0.992172,0.993747,3.226586,81.215828
4.0782242,-0.013057,0.046613,0.979116,0.980312,2.830407,105.647812
4.0976453,-0.018426,0.057595,0.971550,0.973430,3.561560,107.740265
4.1170645,-0.003905,0.065649,0.984485,0.986679,3.821723,93.403915
4.1364841,-0.016717,0.065038,0.970818,0.973138,3.956859,104.415009
4.1559038,-0.009640,0.074800,0.962032,0.964984,4.482575,97.343483
4.1753249,0.000854,0.071262,0.979726,0.982314,4.160478,89.313271
4.1947441,-0.014765,0.068699,0.978261,0.980782,4.108468,102.129501
4.2141619,-0.012446,0.065649,0.991074,0.993324,3.857067,100.735352
4.2335820,-0.020012,0.074434,0.988877,0.991877,4.456851,105.048279
4.2530017,-0.011714,0.074556,0.983875,0.986765,4.386464,98.929283
4.2724209,-0.027699,0.069797,0.958616,0.961552,4.479078,111.645805
4.2918415,-0.030262,0.074434,0.977773,0.981069,4.697862,112.124565
4.3112607,-0.026723,0.060890,0.959958,0.962258,3.962497,113.695602
4.3306813,-0.013301,0.085660,0.997297,1.001058,4.967791,98.825874
4.3501029,0.004027,0.076875,0.973869,0.976906,4.519608,87.001534
4.3695250,-0.020012,0.065038,0.978017,0.980382,3.980051,107.102730
4.3889470,-0.011470,0.088589,0.999860,1.003842,5.105264,97.377419
4.4083691,-0.015009,0.072970,0.971428,0.974280,4.385348,101.622818
4.4277906,-0.008786,0.082732,0.994246,0.997721,4.783276,96.061790
4.4472113,-0.009274,0.086393,0.986437,0.990256,5.033804,96.126930
4.4666338,-0.009274,0.081756,0.986437,0.989863,4.768099,96.471558
4.4860549,0.001342,0.078095,0.988877,0.991957,4.516139,89.015327
4.5054765,-0.009518,0.070774,0.996077,0.998633,4.100643,97.659340
4.5248957,-0.011348,0.093226,1.000226,1.004625,5.363885,96.940338
4.5443163,0.000610,0.066869,0.976187,0.978475,3.918816,89.477242
4.5637364,-0.012202,0.081024,0.979726,0.983146,4.780695,98.564522
4.5831556,-0.017571,0.075532,0.973258,0.976343,4.555737,103.095978
4.6025758,-0.009762,0.073214,0.992538,0.995283,4.255929,97.594643
4.6219940,-0.006833,0.070041,0.967401,0.969958,4.160666,95.572197
4.6414142,-0.020744,0.071140,0.989244,0.992015,4.283909,106.256432
4.6608348,-0.009396,0.071262,0.984851,0.987470,4.174294,97.511086
4.6802559,-0.022086,0.063086,0.962887,0.965204,3.970889,109.294983
4.6996775,-0.009396,0.059791,0.996687,0.998523,3.475136,98.930588
4.7190981,-0.018670,0.052714,0.965937,0.967555,3.313398,109.502449
4.7385178,-0.015863,0.070896,1.007547,1.010163,4.124168,102.612312
4.7579384,-0.024771,0.040634,0.961300,0.962477,2.834070,121.366890
4.7773590,-0.027089,0.075044,0.993758,0.996956,4.590176,109.848351
4.7967806,-0.034655,0.058937,0.989488,0.991847,3.952650,120.455177
4.8161988,-0.003051,0.057595,1.002788,1.004445,3.291761,93.031898
4.8356185,-0.022940,0.059669,0.969842,0.971946,3.771176,111.029655
4.8550391,-0.027089,0.048565,0.992660,0.994217,3.206378,119.152298
4.8744607,-0.014155,0.052226,0.982654,0.984143,3.151818,105.164459
4.8938804,-0.027577,0.052958,0.967401,0.969242,3.531859,117.507675
4.9133034,-0.018059,0.063696,0.996687,0.998884,3.800400,105.829353
4.9327245,-0.022452,0.066869,0.983508,0.986035,4.102219,108.560318
4.9521480,-0.019768,0.057717,0.966669,0.968592,3.611241,108.906059
4.9715676,-0.047467,0.059181,0.974113,0.977062,4.453290,128.731766
4.9909902,-0.021964,0.068577,0.998395,1.000989,4.125308,107.759468
5.0104127,-0.023184,0.064428,0.959958,0.962397,4.079912,109.791191
5.0298347,-0.039902,0.066015,0.970940,0.973999,4.542346,121.150284
5.0492549,-0.016107,0.077241,0.983142,0.986303,4.588426,101.779129
5.0686774,-0.014887,0.077119,0.975211,0.978369,4.604578,100.925873
5.0880985,-0.024527,0.065649,0.968499,0.971032,4.138721,110.485985
5.1075225,-0.006711,0.073580,0.969598,0.972409,4.357614,95.211563
5.1269450,-0.016473,0.068821,0.974479,0.977045,4.153458,103.461151
5.1463690,-0.026601,0.071262,0.999738,1.002627,4.350957,110.469978
5.1657915,-0.011958,0.070285,0.983752,0.986333,4.145151,99.655777
5.1852145,-0.028309,0.089199,1.006815,1.011155,5.310465,107.608055
5.2046371,-0.027455,0.058815,0.986193,0.988327,3.765564,115.023399
5.2240610,-0.033923,0.066747,1.003642,1.006431,4.266409,116.940895
5.2434816,-0.010738,0.084196,1.004130,1.007711,4.831645,97.268051
5.2629027,-0.036973,0.077363,0.996809,1.000490,4.916415,115.543976
5.2823234,-0.004271,0.060890,0.999494,1.001356,3.494744,94.012169
5.3017449,-0.038315,0.087735,0.993026,0.997631,5.506767,113.591743
5.3211651,-0.004637,0.071872,0.983996,0.986629,4.186147,93.691383
5.3405862,-0.001220,0.062964,0.986925,0.988932,3.651089,91.110245
5.3600054,-0.011470,0.056985,0.971550,0.973288,3.423941,101.380699
5.3794255,-0.008298,0.080535,1.001202,1.004470,4.623130,95.882446
5.3988433,-0.019280,0.047345,0.964595,0.965948,3.033639,112.156960
5.4182639,-0.009884,0.048565,0.979848,0.981100,2.895567,101.503593
5.4376850,-0.018670,0.065283,0.981922,0.984267,3.955720,105.959541
5.4571037,-0.014155,0.040268,0.966181,0.967123,2.529484,109.367348
5.4765224,-0.015985,0.023062,0.947756,0.948171,1.695929,124.726669
5.4959431,-0.003783,0.056497,0.991806,0.993421,3.267465,93.830505
5.5153632,-0.006833,0.030140,0.956663,0.957162,1.850338,102.774185
5.5347838,-0.006833,0.023795,0.967523,0.967840,1.465670,106.022980
5.5542030,-0.003905,0.035509,0.973503,0.974158,2.101613,96.275352
5.5736241,-0.008664,0.027821,0.949220,0.949667,1.758362,107.296768
5.5930438,0.003173,0.016107,0.969232,0.969371,0.970557,78.857109
5.6124663,-0.014399,0.012080,0.963008,0.963192,1.118201,140.003922
5.6318884,-0.028309,0.030018,0.977773,0.978644,2.416380,133.322357
5.6513124,-0.016961,0.002562,0.977895,0.978046,1.005026,171.408768
5.6707325,-0.028798,-0.009884,0.984973,0.985443,1.770562,198.943268
5.6901546,-0.033312,-0.001342,0.978628,0.979195,1.951139,182.307373
5.7095752,-0.022940,-0.015131,0.983142,0.983526,1.601078,213.407822
5.7289982,-0.015253,-0.030506,0.979848,0.980441,1.993509,243.434952
5.7484193,-0.029530,-0.021842,0.980580,0.981268,2.145118,216.489197
5.7678418,-0.027699,-0.024649,0.980702,0.981403,2.165279,221.664856
5.7872620,-0.020866,-0.034899,0.971062,0.971913,2.397759,239.124710
5.8066802,-0.001220,-0.049297,0.970086,0.971338,2.909999,268.582092
5.8261013,-0.012202,-0.046857,0.967279,0.968490,2.865667,255.403427
5.8455219,-0.015741,-0.042342,0.974967,0.976013,2.652768,249.606979
5.8649426,-0.004515,-0.060035,0.965693,0.967568,3.567382,265.699280
5.8843632,-0.015131,-0.051128,0.961788,0.963265,3.173113,253.514267
5.9037833,-0.009274,-0.057351,0.968744,0.970484,3.431937,260.814667
5.9232035,-0.003661,-0.057717,0.977041,0.978751,3.387494,266.370880
5.9426255,-0.010860,-0.057717,0.950806,0.952618,3.534575,259.343781
5.9620466,-0.006955,-0.056009,0.969842,0.971483,3.330490,262.921082
5.9814668,0.010006,-0.039414,0.976065,0.976912,2.385647,284.244751
6.0008888,-0.017327,-0.039902,0.948244,0.949241,2.626666,246.527069
6.0203085,-0.005613,-0.064306,0.964107,0.966265,3.830474,265.011505
6.0397282,-0.020866,-0.047101,0.961300,0.962680,3.067523,246.106415
6.0591478,-0.006223,-0.025137,0.967157,0.967504,1.533783,256.094727
6.0785699,-0.020744,-0.035143,0.949098,0.949975,2.462038,239.447586
6.0979910,0.001220,-0.053568,0.948366,0.949878,3.233738,271.304932
6.1174116,-0.015741,-0.032946,0.984729,0.985405,2.123569,244.462570
6.1368308,-0.008298,-0.036851,0.986681,0.987404,2.192496,257.310577
6.1562529,-0.024649,-0.046247,0.978383,0.979786,3.065990,241.943207
6.1756754,-0.017937,-0.034289,0.999615,1.000364,2.216820,242.384506
6.1950974,-0.022452,-0.030140,0.979482,0.980202,2.197400,233.316132
6.2145166,-0.021476,-0.043928,0.967157,0.968393,2.894282,243.946503
6.2339392,-0.012934,-0.038925,0.986315,0.987168,2.381459,251.618958
6.2533598,-0.001586,-0.031970,0.990952,0.991469,1.850126,267.159424
6.2727818,-0.026845,-0.048199,0.948732,0.950335,3.328138,240.883850
6.2922015,-0.025625,-0.042342,0.965815,0.967082,2.933515,238.818207
6.3116226,-0.008908,-0.019280,0.976309,0.976540,1.246155,245.201859
6.3310442,-0.035143,-0.033312,0.942264,0.943508,2.941778,223.468399
6.3504667,-0.006711,-0.041488,0.974967,0.975872,2.468310,260.811157
6.3698883,-0.057473,-0.046613,0.963497,0.966334,4.391908,219.043442
6.3893094,-0.010860,-0.049541,0.981434,0.982744,2.958301,257.635651
6.4087267,-0.029774,-0.031726,0.957029,0.958018,2.603087,226.818298
6.4281464,-0.000488,-0.047101,0.970574,0.971716,2.778476,269.406281
6.4475665,-0.024283,-0.040512,0.973747,0.974891,2.776997,239.061630
6.4669886,-0.012202,-0.047223,0.957395,0.958637,2.916382,255.511795
6.4864097,-0.019768,-0.057107,0.970940,0.972819,3.561505,250.906509
6.5058308,-0.019158,-0.041244,0.972892,0.973955,2.676276,245.085266
6.5252514,-0.031360,-0.038437,0.939702,0.941011,3.021872,230.789917
6.5446720,0.004637,-0.051250,0.966181,0.967551,3.048766,275.169830
6.5640931,-0.016595,-0.048931,0.958982,0.960373,3.084071,251.265518
6.5835142,-0.028553,-0.030018,0.970574,0.971458,2.444245,226.432098
6.6029339,-0.009030,-0.061378,0.970208,0.972189,3.658697,261.630829
6.6223555,-0.040634,-0.044417,0.977895,0.979746,3.522645,227.546631
6.6417761,-0.004271,-0.047223,0.984973,0.986113,2.755982,264.832275
6.6611972,-0.021354,-0.060768,0.952881,0.955055,3.867056,250.638245
6.6806183,-0.003539,-0.048809,0.973136,0.974366,2.878888,265.853302
6.7000403,-0.012446,-0.056863,0.983020,0.984742,3.388823,257.653564
6.7194624,-0.005125,-0.052958,0.993148,0.994572,3.066501,264.472473
6.7388835,-0.040268,-0.051006,0.963375,0.965564,3.859047,231.709839
6.7583046,-0.008054,-0.065893,0.960080,0.962372,3.955324,263.031738
6.7777286,0.002440,-0.063086,0.959714,0.961788,3.763692,272.215363
6.7971487,-0.018181,-0.066747,0.967401,0.969872,4.090266,254.762604
6.8165712,-0.048809,-0.063696,0.960324,0.963671,4.776678,232.537643
6.8359919,0.003295,-0.050152,0.993148,0.994419,2.897122,273.758545
6.8554139,-0.022818,-0.057595,0.960202,0.962198,3.691516,248.387207
6.8748345,0.010738,-0.073580,0.982044,0.984855,4.330110,278.302948
6.8942561,-0.021476,-0.054911,0.971550,0.973338,3.472826,248.638977
6.9136763,-0.013545,-0.049053,0.966303,0.967642,3.014608,254.564133
6.9330969,-0.021598,-0.058693,0.952515,0.954565,3.756557,249.797226
6.9525166,-0.004149,-0.060768,0.974601,0.976502,3.576153,266.094299
6.9719372,-0.026723,-0.055033,0.951050,0.953016,3.680574,244.099365
6.9913564,-0.008420,-0.054666,0.954955,0.956555,3.314934,261.244232
7.0107780,-0.009030,-0.072116,0.958494,0.961245,4.336212,262.863068
7.0301991,-0.012080,-0.057961,0.964351,0.966167,3.513295,258.226898
7.0496225,-0.021232,-0.065527,0.957639,0.960113,4.114041,252.046509
7.0690455,-0.027577,-0.081390,0.983508,0.987256,4.993594,251.282043
7.0884666,-0.041000,-0.067235,0.970574,0.973763,4.638654,238.625153
7.1078868,-0.030994,-0.069797,0.986315,0.989267,4.427530,246.056107
7.1273103,-0.004393,-0.044661,0.986315,0.987335,2.605116,264.382416
7.1467314,-0.002807,-0.077363,0.933845,0.937048,4.738839,267.922363
7.1661510,0.015253,-0.065038,1.005351,1.007568,3.801533,283.198578
7.1855726,-0.004149,-0.050152,0.981556,0.982845,2.934916,265.270966
7.2049918,-0.016717,-0.053080,0.968744,0.970341,3.287833,252.518570
7.2244115,0.019646,-0.073092,0.962276,0.965248,4.497232,285.044464
7.2438340,0.006833,-0.044294,0.967401,0.968439,2.652546,278.769897
7.2632546,-0.041000,-0.029896,0.983386,0.984695,2.953798,216.098282
7.2826757,-0.006101,-0.070407,0.942387,0.945033,4.288707,265.047394
7.3020930,-0.010494,-0.045637,0.965937,0.967071,2.775445,257.050140
7.3215137,-0.007199,-0.027089,0.980946,0.981346,1.636738,255.116791
7.3409319,-0.005125,-0.033312,0.951660,0.952257,2.028447,261.253845
7.3603516,-0.033556,-0.031482,0.935431,0.936562,2.815985,223.173172
7.3797717,-0.010616,-0.047833,0.955199,0.956455,2.936383,257.486664
7.3991923,-0.001952,-0.033434,0.950684,0.951274,2.017612,266.658051
7.4186125,-0.015131,-0.022940,0.934821,0.935225,1.683769,236.592178
7.4380322,-0.037095,-0.025869,0.947511,0.948590,2.732658,214.890701
7.4574513,0.073336,-0.017327,0.992660,0.995516,4.341133,346.706360
7.4768720,-0.034655,-0.024649,0.902485,0.903486,2.697911,215.423004
7.4962907,0.037095,-0.023673,0.977773,0.978763,2.576862,327.455688
7.5157118,0.009030,-0.029652,0.967523,0.968020,1.834937,286.936890
7.5351329,-0.048931,-0.035631,0.958372,0.960281,3.613951,216.061340
7.5545540,-0.024161,-0.006711,1.017797,1.018106,1.411392,195.524109
7.5739727,-0.005003,-0.016473,0.940434,0.940592,1.048852,253.106262
7.5933938,-0.000610,-0.023673,0.937628,0.937927,1.446721,268.523621
7.6128139,-0.002807,-0.036607,0.997785,0.998460,2.107286,265.615906
7.6322355,0.002440,-0.036851,0.999127,0.999810,2.116923,273.788879
7.6516542,-0.001464,-0.033312,0.993392,0.993952,1.922543,267.483124
7.6710758,-0.020378,-0.012324,0.981190,0.981479,1.390298,211.165146
7.6904969,-0.004271,-0.046735,0.940922,0.942092,2.855334,264.778595
7.7099185,-0.006711,-0.020378,0.962276,0.962516,1.277175,251.771149
7.7293386,0.002562,-0.008298,0.947634,0.947673,0.524887,287.161926
7.7487602,-0.012202,-0.059669,0.920544,0.922557,3.785221,258.442413
7.7681813,0.001830,-0.001464,0.964107,0.964110,0.139882,321.340179
7.7876010,-0.020012,-0.012568,0.943485,0.943781,1.434769,212.130829
7.8070188,-0.009396,-0.040756,0.925181,0.926126,2.588458,257.017914
7.8264408,0.036119,0.013301,0.915663,0.916472,2.406965,20.215891
7.8458610,0.049297,-0.009518,0.908098,0.909485,3.164587,349.072388
7.8652821,0.011348,-0.015497,0.934089,0.934286,1.178025,306.214691
7.8847027,0.022940,0.005003,0.935553,0.935848,1.437630,12.302728
7.9041233,0.060035,0.006833,0.929818,0.931779,3.718048,6.493526
7.9235435,0.074190,-0.007809,0.883937,0.887080,4.824058,353.990997
7.9429650,0.144476,0.015497,0.957395,0.968359,8.629943,6.122338
7.9623857,0.041244,-0.005247,0.894065,0.895031,2.662490,352.749847
7.9818091,-0.036119,0.007321,0.956541,0.957251,2.206377,168.541245
8.0012283,-0.008298,0.064672,0.930794,0.933075,4.007021,97.311211
8.0206499,0.019768,-0.004149,0.792420,0.792677,1.460319,348.147003
8.0400696,0.032702,0.075777,0.906512,0.910261,5.202059,66.656815
8.0594912,-0.092006,0.070285,0.886622,0.894150,7.439939,142.622864
8.0789127,-0.075044,0.044294,0.862949,0.867338,5.766262,149.449036
8.0983334,-0.024039,0.061866,0.938360,0.940704,4.045930,111.234146
8.1177549,-0.071384,0.032946,0.921887,0.925233,4.874475,155.224854
8.1371765,-0.091518,-0.101645,0.918958,0.929081,8.465569,228.001389
8.1565971,-0.068943,-0.140327,1.106752,1.117741,8.040833,243.834915
8.1760197,0.032458,-0.159241,1.199734,1.210691,7.714265,281.520844
8.1954393,-0.253443,-0.176568,1.131401,1.172807,15.270194,214.864075
8.2148600,-0.114458,-0.241362,1.289299,1.316681,11.705331,244.628922
8.2342806,0.059791,-0.269672,1.298451,1.327506,12.009549,282.501343
8.2537003,0.039292,-0.421469,1.312727,1.379287,17.872200,275.326019
8.2731199,-0.018914,-0.348499,1.595212,1.632945,12.341126,266.893494
8.2925425,0.020866,-0.253809,1.453176,1.475322,9.939983,274.699799
8.3119631,0.071140,-0.456367,1.374593,1.450117,18.572927,278.860107
8.3313837,0.102744,-0.238556,1.518337,1.540393,9.707578,293.301086
8.3508043,0.084928,-0.249782,1.167154,1.196600,12.737163,288.778534
8.3702278,0.129223,-0.148747,1.359096,1.373305,8.249122,310.982300
8.3896494,0.048443,-0.105672,1.016211,1.022838,6.525792,294.628113
8.4090710,0.002929,-0.047711,1.034636,1.035740,2.645231,273.512482
8.4284945,0.058937,-0.032092,0.942265,0.944651,4.073715,331.431122
8.4479170,0.067967,-0.038559,0.819387,0.823105,5.447696,330.432678
8.4673395,-0.006101,0.025869,0.706027,0.706527,2.155858,103.270645
8.4867620,-0.000244,0.069065,0.724453,0.727737,5.445789,90.202461
8.5061836,0.038437,0.024283,0.595108,0.596842,4.368791,32.282486
8.5256071,-0.032458,0.100669,0.610483,0.619578,9.829514,107.870583
8.5450287,-0.004759,0.127636,0.627322,0.640193,11.508329,92.135277
8.5644512,-0.011836,0.115190,0.723477,0.732685,9.093384,95.866791
8.5838718,-0.003783,0.170589,0.895652,0.911760,10.786147,91.270302
8.6032944,-0.137642,0.201095,0.924205,0.955793,14.771227,124.390312
8.6227169,-0.070774,0.159973,0.962032,0.977807,10.305648,113.865097
8.6421366,-0.035387,0.245755,1.095404,1.123191,12.771148,98.193817
8.6615562,-0.042342,0.184133,1.117734,1.133591,9.594439,102.950241
8.6809769,-0.072970,0.092006,1.242686,1.248222,5.398190,128.418060
8.7003984,-0.030018,0.231234,1.356290,1.376188,9.754977,97.396507
8.7198181,-0.074922,0.116898,1.228165,1.235989,6.450051,122.656563
8.7392368,-0.076753,0.031970,1.213889,1.216733,3.918366,157.386597
8.7586584,0.029652,0.080779,1.235975,1.238967,3.982560,69.843353
8.7780819,-0.059303,0.016961,1.120175,1.121871,3.151756,164.039032
8.7975054,0.001342,-0.028920,1.067217,1.067609,1.553812,272.657379
8.8169279,-0.045759,-0.042342,0.987169,0.989136,3.613626,222.779114
8.8363504,-0.037949,-0.126782,0.985339,0.994186,7.649552,253.336182
8.8557711,-0.027699,-0.054544,0.960446,0.962392,3.644487,243.077179
8.8751907,-0.090541,-0.124464,0.796569,0.811302,10.935871,233.965942
8.8946133,0.003905,-0.174737,0.758863,0.778731,12.970165,271.280151
8.9140368,0.139351,-0.108601,0.893455,0.910755,11.185336,322.069489
8.9334574,0.005857,-0.133982,0.624150,0.638395,12.126634,272.503143
8.9528770,0.024771,-0.160217,0.764354,0.781358,11.975017,278.788788
8.9722977,0.033434,-0.180961,0.662953,0.688020,15.513671,280.467957
8.9917212,0.039414,-0.081878,0.725795,0.731461,7.136331,295.704834
9.0111446,0.057351,-0.122633,0.726527,0.739033,10.555456,295.063690
9.0305681,0.026357,-0.101767,0.717497,0.725158,8.335456,284.520142
9.0499897,0.014765,-0.069187,0.743244,0.746604,5.437290,282.046448
9.0694122,0.013057,-0.079315,0.743122,0.747457,6.173618,279.347931
9.0888348,0.027821,-0.074678,0.811944,0.815845,5.605634,290.432831
9.1082563,0.034899,-0.046735,0.850747,0.852744,3.922063,306.750031
9.1276779,0.011836,-0.023795,0.841107,0.841527,1.809700,296.447388
9.1470985,0.069065,-0.032580,0.890283,0.893552,4.902568,334.745270
9.1665192,-0.057961,-0.030018,0.921520,0.923829,4.051589,207.379395
9.1859398,0.047223,-0.058205,0.994368,0.997189,4.310616,309.053131
9.2053614,-0.044417,-0.032580,0.957273,0.958857,3.293366,216.260666
9.2247839,-0.044050,-0.008542,0.991074,0.992089,2.592312,190.973801
9.2442045,-0.031238,-0.046003,0.996077,0.997628,3.195247,235.821732
9.2636280,-0.048931,-0.051738,0.968866,0.971479,4.203654,226.596924
9.2830505,-0.056741,-0.028431,1.005351,1.007352,3.612108,206.614319
9.3024731,-0.100181,0.053934,0.921521,0.928518,7.038487,151.703400
9.3218956,-0.053934,-0.052104,0.736167,0.739977,5.816520,224.011108
9.3413181,-0.002807,-0.048809,0.846964,0.848374,3.303576,266.709106
9.3607397,-0.032458,-0.017327,0.793640,0.794493,2.654391,208.094833
9.3801632,-0.024283,-0.008908,0.787417,0.787842,1.881384,200.144760
9.3995857,-0.024161,-0.038681,0.711030,0.712491,3.670025,238.010864
9.4190073,0.093470,0.016229,0.678206,0.684809,7.962942,9.850022
9.4384289,-0.014399,-0.088711,0.678572,0.684498,7.544468,260.780670
9.4578505,-0.073580,0.032702,0.734459,0.738859,6.256456,156.037506
9.4772701,0.055033,-0.105916,0.733239,0.742890,9.245776,297.455719
9.4966927,0.051982,-0.474793,0.701634,0.848776,34.244652,276.248047
9.5161133,0.069431,-0.292368,1.050499,1.092634,15.963361,283.359100
9.5355368,0.336663,-0.274431,1.401194,1.466970,17.222418,320.814789
9.5549564,-0.179984,-0.572290,1.190216,1.332863,26.750263,252.541687
9.5743771,-0.033068,-0.401213,1.876598,1.919293,12.107745,265.288269
9.5937986,0.060524,-0.955931,1.524438,1.800383,32.142246,273.622772
9.6132202,0.317261,-0.312502,2.382506,2.423767,10.587176,315.432953
9.6326408,-0.223547,-0.702855,1.292228,1.487894,29.715887,252.356445
9.6520615,0.202315,-0.432451,2.078668,2.132793,12.935534,295.071747
9.6714830,0.037827,-0.238434,1.213156,1.236944,11.254717,279.014771
9.6909056,-0.134714,0.092860,1.503450,1.512327,6.210946,145.421051
9.7103243,-0.056497,-0.343374,0.945071,1.007103,20.214535,260.656586
9.7297468,-0.002929,0.180106,1.149582,1.163609,8.905408,90.931557
9.7491665,0.005491,-0.018059,0.814018,0.814237,1.328396,286.912109
9.7685881,-0.102500,0.073946,0.867830,0.876985,8.286170,144.192245
9.7880096,-0.142401,0.108967,0.772896,0.793423,13.061374,142.576431
9.8074284,-0.032458,0.124098,0.653923,0.666385,11.098119,104.657562
9.8268480,0.011470,0.127026,0.476867,0.493629,14.973868,84.840309
9.8462715,0.069919,0.192187,0.434525,0.480247,25.204145,70.008133
9.8656931,-0.013179,0.132395,-0.091640,0.161555,124.557602,95.684448
9.8851166,0.189502,0.074434,0.602673,0.636134,18.666124,21.444309
9.9045382,-0.044661,0.355576,0.276505,0.452641,52.347546,97.158897
9.9239597,-0.080902,-0.148502,0.333612,0.374025,26.880676,241.419235
9.9433813,0.182303,0.281508,1.154097,1.201841,16.203936,57.073139
9.9628029,-0.048687,0.278701,0.788149,0.837391,19.746637,99.909203
9.9822245,0.083342,0.187184,1.063068,1.082634,10.909594,65.999397
10.0016451,0.013423,0.175592,1.287835,1.299820,7.786564,85.628700
10.0210648,0.216836,0.340689,1.389114,1.446625,16.210079,57.524822
10.0404844,0.046003,0.189136,1.588012,1.599897,6.988170,76.329636
10.0599051,-0.017083,0.091151,1.331885,1.335110,3.983101,100.615021
10.0793247,0.045515,-0.068699,1.428650,1.431025,3.301323,303.525360
10.0987434,0.036729,0.059425,1.557873,1.559438,2.567579,58.281036
10.1181631,-0.029286,0.013179,1.297719,1.298116,1.417617,155.772247
10.1375809,0.101035,-0.119217,1.369712,1.378598,6.508762,310.281006
10.1570024,-0.065160,-0.146428,1.269653,1.279729,7.194566,246.010941
10.1764212,-0.070163,-0.153383,1.256719,1.267987,7.644214,245.418823
10.1958427,0.007565,-0.282484,1.257939,1.289289,12.660822,271.534119
10.2152615,-0.066869,-0.339469,1.276364,1.322428,15.167039,258.856506
10.2346811,-0.081268,-0.317749,1.163005,1.208366,15.748873,255.653549
10.2541027,0.033800,-0.235017,1.023044,1.050236,13.066299,278.184235
10.2735262,-0.024649,-0.245999,0.982654,1.013278,14.122234,264.278137
10.2929478,-0.088833,-0.275651,0.833176,0.882075,19.167412,252.137604
10.3123674,0.050274,-0.219764,0.855018,0.884239,14.770905,282.885376
10.3317881,0.007077,-0.178886,0.765331,0.785991,13.165896,272.265625
10.3512096,0.004515,-0.146428,0.737753,0.752158,11.231280,271.766052
10.3706303,-0.048077,-0.113482,0.742024,0.752190,9.430401,247.039764
10.3900518,-0.041244,-0.102134,0.743977,0.752086,8.421541,248.010010
10.4094706,-0.003051,0.009518,0.789369,0.789433,0.725507,107.771324
10.4288921,0.009152,-0.009274,0.655266,0.655395,1.139179,314.620575
10.4483128,0.001830,-0.059547,0.590227,0.593226,5.763746,271.760590
10.4677334,0.045515,-0.017327,0.744099,0.745691,3.744654,339.158325
10.4871511,0.000366,0.076631,0.770212,0.774014,5.681858,89.726295
10.5065718,0.046491,0.017327,0.674057,0.675881,4.209753,20.440594
10.5259914,-0.003783,0.077729,0.733482,0.737599,6.056280,92.786140
10.5454121,-0.007077,0.122267,0.786807,0.796282,8.847488,93.312828
10.5648327,0.000000,0.093958,0.799619,0.805120,6.701713,90.000000
10.5842562,0.005857,0.048931,0.847330,0.848762,3.328608,83.174133
10.6036777,-0.059059,0.093226,0.891625,0.898429,7.055773,122.354576
10.6230974,-0.028553,0.063086,0.906390,0.909031,4.368836,114.352043
10.6425190,-0.033923,0.025747,0.991196,0.992110,2.460209,142.801773
10.6619406,-0.013667,0.055765,0.953247,0.954974,3.446851,103.770439
10.6813612,-0.070774,0.013057,0.952271,0.954986,4.321915,169.547440
10.7007809,-0.041732,-0.011226,0.997297,0.998233,2.481281,195.056473
10.7202005,-0.052714,-0.032824,0.999982,1.001908,3.553469,211.909912
10.7396231,-0.079193,-0.054056,1.003764,1.008333,5.456538,214.317001
10.7590446,-0.039047,-0.076753,1.017797,1.021433,4.836185,243.035553
10.7784681,-0.058205,-0.080047,1.011086,1.015918,5.590720,233.977814
10.7978907,-0.041000,-0.091762,1.027559,1.032462,5.586267,245.924500
10.8173122,-0.030994,-0.112628,1.042690,1.049213,6.392337,254.613647
10.8367329,-0.021354,-0.126050,1.091865,1.099324,6.678349,260.384827
10.8561525,-0.015253,-0.128735,1.078565,1.086327,6.853662,263.242889
10.8755722,-0.048809,-0.136910,1.101505,1.111054,7.517107,250.378525
10.8949928,-0.022330,-0.131785,1.119442,1.127394,6.808988,260.382904
10.9144144,-0.006711,-0.130199,1.112975,1.120585,6.681079,267.049225
10.9338369,-0.044905,-0.140815,1.087716,1.097712,7.738118,252.313004
10.9532576,-0.005003,-0.095178,1.097600,1.101731,4.962819,266.991058
10.9726801,-0.034045,-0.097009,1.082103,1.086976,5.427298,250.661819
10.9921007,-0.026357,-0.114214,1.021214,1.027919,6.547811,257.005371
11.0115213,-0.038193,-0.073946,1.033782,1.037127,4.602790,242.683578
11.0309420,-0.043318,-0.050030,1.004130,1.006309,3.770605,229.112228
11.0503654,-0.015619,-0.053812,1.002178,1.003743,3.200145,253.814651
11.0697870,-0.050030,-0.038437,0.990098,0.992106,3.646045,217.534805
11.0892067,-0.032458,-0.019158,0.940922,0.941677,2.293796,210.550186
11.1086273,-0.035631,-0.024893,0.963008,0.963989,2.584296,214.939316
11.1280508,-0.050152,-0.021964,0.924449,0.926069,3.389400,203.651321
11.1474724,-0.037095,-0.003295,0.931038,0.931783,2.290551,185.075455
11.1668940,-0.059425,-0.008054,0.905536,0.907519,3.788841,187.717911
11.1863136,-0.044905,-0.010372,0.892723,0.893912,2.955256,193.005981
11.2057362,-0.054056,-0.010616,0.887964,0.889671,3.550051,191.110809
11.2251606,-0.050030,-0.007077,0.914687,0.916082,3.161803,188.051834
11.2445850,-0.048931,-0.014155,0.907610,0.909038,3.212235,196.133926
11.2640057,-0.052226,-0.019524,0.891015,0.892757,3.580640,200.497345
11.2834291,-0.052958,-0.019646,0.915785,0.917526,3.529530,200.353226
11.3028526,-0.043562,-0.013911,0.898824,0.899987,2.912487,197.709732
11.3222761,-0.066015,-0.026967,0.917128,0.919896,4.446027,202.220154
11.3416986,-0.067235,-0.029896,0.910416,0.913385,4.620757,203.972137
11.3611231,-0.049419,-0.018914,0.926523,0.928033,3.268663,200.942657
11.3805447,-0.070041,-0.042220,0.926890,0.930490,5.042321,211.081055
11.3999653,-0.056741,-0.046979,0.944705,0.947573,4.458697,219.623291
11.4193850,-0.060646,-0.033678,0.964107,0.966599,4.115469,209.044815
11.4388056,-0.048687,-0.043074,0.987047,0.989185,3.768008,221.499573
11.4582262,-0.045637,-0.036485,0.994979,0.996693,3.360686,218.641113
11.4776478,-0.040390,-0.052348,0.974723,0.976963,3.880603,232.347595
11.4970694,-0.072604,-0.051372,1.009865,1.013774,5.033143,215.281815
11.5164900,-0.027089,-0.058083,0.999372,1.001424,3.669331,244.996292
11.5359125,-0.026479,-0.058327,1.041225,1.043194,3.520421,245.583145
11.5553350,-0.069797,-0.052836,0.975943,0.979861,5.125603,217.125458
11.5747566,-0.050274,-0.081756,0.990464,0.995103,5.534703,238.411591
11.5941772,-0.031970,-0.047223,1.012916,1.014520,3.222397,235.901901
11.6135969,-0.020256,-0.066625,1.014014,1.016403,3.928598,253.089188
11.6330185,-0.086393,-0.063208,1.016943,1.022561,6.009032,216.190643
11.6524401,-0.065527,-0.038437,0.942997,0.946052,4.605854,210.395554
11.6718616,-0.045881,-0.056619,1.067094,1.069580,3.906805,230.980606
11.6912823,-0.077485,-0.055277,0.936407,0.941232,5.803904,215.503525
11.7107038,-0.056985,-0.044050,1.044520,1.047000,3.944665,217.704712
11.7301254,-0.057595,-0.036973,0.977895,0.980287,4.003501,212.698395
11.7495480,-0.046613,-0.038315,0.954467,0.956372,3.617308,219.419846
11.7689734,-0.064550,-0.042830,0.978383,0.981446,4.527185,213.564911
11.7883968,-0.047345,-0.031238,0.916152,0.917906,3.542819,213.416580
11.8078194,-0.094202,-0.061134,0.991196,0.997537,6.463929,212.982117
11.8272429,-0.069675,-0.035631,0.932869,0.936145,4.795261,207.084457
11.8466663,-0.143866,-0.016961,0.999127,1.009574,8.249741,186.723938
11.8660889,-0.081756,-0.079193,0.907976,0.915082,7.145232,224.087860
11.8855114,-0.094446,-0.038925,1.008157,1.013319,5.785808,202.398743
11.9049339,-0.123366,-0.047467,0.942997,0.952216,7.979344,201.045105
11.9243574,-0.063330,-0.031360,1.003642,1.006127,4.027690,206.343826
11.9437809,-0.053446,-0.034411,0.946535,0.948667,3.841959,212.774872
11.9632025,-0.078339,-0.055155,0.904071,0.909134,6.049252,215.147446
11.9826250,-0.005613,-0.049175,0.975577,0.976832,2.904342,263.488220
12.0020475,0.004881,-0.029164,0.980214,0.980660,1.727937,279.501190
12.0214720,-0.022086,-0.040024,0.971794,0.972869,2.693263,241.108795
12.0408936,-0.039414,-0.052348,0.955199,0.957444,3.924359,233.023407
12.0603142,0.019402,-0.069187,0.988755,0.991363,4.156569,285.664734
12.0797386,-0.027699,-0.040878,1.011818,1.013022,2.794003,235.877960
12.0991621,-0.058571,-0.083342,0.940556,0.946056,6.181171,234.901154
12.1185837,-0.054178,-0.052104,0.992294,0.995137,4.331919,223.881851
12.1380062,0.051006,-0.070530,0.934211,0.938257,5.322849,305.873840
12.1574278,-0.018914,-0.064794,0.988999,0.991300,3.904348,253.727371
12.1768503,-0.063208,-0.066991,0.900655,0.905352,5.838954,226.664169
12.1962719,0.024283,-0.073214,1.011818,1.014754,4.359546,288.348969
12.2156963,-0.072116,-0.055277,0.953735,0.958053,5.442225,217.470078
12.2351170,-0.069919,-0.054056,0.911026,0.915303,5.540967,217.708466
12.2545366,-0.079071,-0.075532,0.961056,0.967257,6.491265,223.688797
12.2739553,-0.085050,-0.093836,0.920422,0.929094,7.834311,227.811722
12.2933750,-0.084806,-0.081634,1.013404,1.020218,6.625517,223.907990
12.3127956,-0.076875,-0.065283,0.989244,0.994371,5.821236,220.338120
12.3322191,-0.186818,-0.078095,0.994491,1.014895,11.508415,202.686264
12.3516407,-0.181327,-0.079925,0.961422,0.981631,11.646234,203.786957
12.3710613,-0.151065,-0.094690,1.038663,1.053854,9.740010,212.080200
12.3904829,-0.151797,-0.071262,1.014258,1.028028,9.388038,205.147873
12.4099026,-0.075288,-0.064062,0.999127,1.004006,5.650520,220.394180
12.4293222,-0.054788,-0.080169,0.962398,0.967285,5.761467,235.650940
12.4487419,-0.071140,-0.128369,0.891991,0.903984,9.343380,241.005539
12.4681635,0.006833,-0.091273,1.072829,1.076727,4.876404,274.281525
12.4875841,-0.061622,-0.113482,0.907976,0.917113,8.094369,241.497574
12.5070038,-0.076509,-0.146306,0.954833,0.969002,9.810210,242.393326
12.5264244,0.058449,-0.130077,0.984851,0.995122,8.239119,294.196442
12.5458460,-0.010250,-0.119339,0.963252,0.970671,7.088227,265.090942
12.5652685,-0.051738,-0.166928,0.955199,0.971055,10.368093,252.779617
12.5846872,-0.002074,-0.141059,0.980092,0.990193,8.190864,269.157471
12.6041079,-0.001342,-0.127758,0.977163,0.985481,7.449270,269.398071
12.6235266,-0.002196,-0.151797,0.996565,1.008062,8.661613,269.171021
12.6429491,-0.026967,-0.162291,0.937506,0.951831,9.953092,260.565613
12.6623697,-0.018548,-0.148502,0.964351,0.975894,8.821293,262.880768
12.6817913,-0.039902,-0.135080,0.972404,0.982552,8.241787,253.543228
12.7012129,-0.064794,-0.117753,0.960446,0.969804,7.966097,241.177811
12.7206364,-0.064672,-0.131907,0.943363,0.954733,8.851484,243.881897
12.7400579,-0.088955,-0.121901,0.932137,0.944273,9.196012,233.880661
12.7594776,-0.056863,-0.117386,0.923839,0.933001,8.036267,244.154099
12.7788973,-0.034899,-0.107869,0.967523,0.974143,6.683398,252.072083
12.7983170,-0.025137,-0.100913,0.943241,0.948956,6.291737,256.012665
12.8177385,-0.071384,-0.105550,0.970208,0.978540,7.482151,235.929489
12.8371611,-0.069309,-0.127514,0.940312,0.951447,8.774135,241.474121
12.8565807,-0.090663,-0.120193,1.010720,1.021871,8.472294,232.972214
12.8760023,-0.094690,-0.118973,0.996565,1.008098,8.675230,231.483810
