Keuwl Accelerometer Data File
2021-05-23 11-16-38

Time (s), X (g), Y (g), Z (g), R (g), Theta (deg), Phi (deg)
0.0000000,0.011104,-0.067479,1.029389,1.031658,3.800761,279.344666
0.0194178,0.041488,-0.040146,1.117246,1.118737,2.958037,315.941986
0.0388370,0.063330,0.012934,0.708834,0.711775,5.210302,11.543271
0.0582550,0.054300,-0.007077,0.819997,0.821824,3.820544,352.574097
0.0776729,0.002685,-0.074800,1.109802,1.112324,3.858387,272.055420
0.0970913,0.029286,-0.088711,1.107606,1.111539,4.821133,288.269287
0.1165108,0.075166,-0.072848,1.161663,1.166369,5.148906,315.897400
0.1359284,0.051860,-0.031360,0.750932,0.753373,4.614097,328.838409
0.1553483,0.024527,-0.006589,0.838423,0.838807,1.735058,344.962189
0.1747679,0.061744,-0.068821,1.083323,1.087262,4.878171,311.897278
0.1941887,0.030140,-0.078217,1.080273,1.083520,4.436987,291.073425
0.2136069,0.049664,-0.047101,0.964107,0.966533,4.060956,316.516937
0.2330267,0.051982,-0.029164,0.899678,0.901651,3.790287,330.706146
0.2524470,0.033800,-0.050396,0.940800,0.942755,3.690455,303.849854
0.2718673,0.053690,-0.057961,1.043788,1.046774,4.328617,312.809418
0.2912849,0.035265,-0.053080,1.014502,1.016502,3.594285,303.598785
0.3107027,0.046003,-0.044539,0.909928,0.912178,4.025258,315.926544
0.3301207,0.041244,-0.048199,0.960690,0.962782,3.777868,310.553467
0.3495403,0.030506,-0.051372,1.001812,1.003592,3.413001,300.702881
0.3689596,0.043562,-0.049664,0.985705,0.987916,3.834204,311.255615
0.3883798,0.035143,-0.051860,0.947634,0.949702,3.782168,304.123413
0.4077970,0.014399,-0.035875,0.965937,0.966710,2.291747,291.868591
0.4272155,0.038193,-0.058327,0.982166,0.984638,4.060328,303.217255
0.4466345,0.040268,-0.061500,0.988511,0.991241,4.252937,303.215240
0.4660538,0.025381,-0.045881,0.967889,0.969309,3.100846,298.950989
0.4854722,0.023917,-0.048931,0.972404,0.973928,3.205707,296.048370
0.5048905,0.026479,-0.053080,0.980946,0.982738,3.460457,296.512329
0.5243090,0.010372,-0.052226,0.981068,0.982512,3.106586,281.232666
0.5437294,0.043196,-0.051250,0.973991,0.976294,3.936615,310.126099
0.5631493,0.030018,-0.057351,0.993636,0.995743,3.727306,297.627747
0.5825678,0.021354,-0.054666,0.961910,0.963699,3.491437,291.336853
0.6019862,0.041366,-0.046613,0.994735,0.996685,3.584957,311.586945
0.6214032,0.018670,-0.047711,0.975333,0.976678,3.007001,291.370636
0.6408209,0.040268,-0.054666,0.961300,0.963695,4.040069,306.375610
0.6602382,0.032092,-0.050030,0.990342,0.992124,3.434617,302.678680
0.6796575,0.046735,-0.051006,0.969354,0.971819,4.082023,312.498047
0.6990790,0.036119,-0.060524,0.993270,0.995768,4.058881,300.827667
0.7184978,0.055399,-0.051372,0.979604,0.982513,4.410199,317.159851
0.7379174,0.024771,-0.050030,0.953125,0.954758,3.352111,296.341034
0.7573345,0.032946,-0.060280,0.959348,0.961804,4.095769,298.659210
0.7767528,0.041000,-0.051982,0.944583,0.946900,4.009269,308.263977
0.7961700,0.030750,-0.050396,0.979970,0.981746,3.447476,301.390259
0.8155881,0.056009,-0.059303,1.011452,1.014736,4.610826,313.363434
0.8350059,0.017205,-0.056741,0.944583,0.946442,3.591778,286.868652
0.8544244,0.051982,-0.056863,0.987779,0.990779,4.459751,312.432404
0.8738435,0.019890,-0.065405,0.963497,0.965919,4.058447,286.914764
0.8932621,0.045027,-0.067601,0.962642,0.966063,4.822961,303.666199
0.9126804,0.024893,-0.069553,1.009744,1.012442,4.184322,289.692017
0.9321001,0.019524,-0.067235,0.943607,0.946200,4.243348,286.192291
0.9515173,0.038071,-0.072726,0.987779,0.991184,4.750606,297.631592
0.9709374,0.009396,-0.063940,0.971672,0.973819,3.805189,278.359589
0.9903562,0.021964,-0.063208,0.975943,0.978234,3.922312,289.161835
1.0097731,0.020744,-0.062354,0.982654,0.984849,3.825871,288.401306
1.0291915,0.003173,-0.056375,0.965205,0.966855,3.347962,273.221039
1.0486135,0.007077,-0.054666,0.980824,0.982372,3.216681,277.376740
1.0680331,0.018059,-0.056375,0.980336,0.982121,3.455531,287.762665
1.0874549,-0.001464,-0.053324,0.973136,0.974597,3.137624,268.427063
1.1068752,0.018548,-0.046125,0.983996,0.985251,2.892253,291.905853
1.1262969,0.017083,-0.046735,0.969476,0.970752,2.938183,290.079132
1.1457173,0.010128,-0.045759,0.961544,0.962686,2.790427,282.480255
1.1651381,0.021476,-0.037461,0.998761,0.999694,2.475595,299.825226
1.1845586,0.020378,-0.040878,0.991196,0.992248,2.638414,296.496613
1.2039796,0.016107,-0.040878,0.973136,0.974128,2.585129,291.505920
1.2233995,0.031360,-0.028187,0.985339,0.986241,2.450403,318.049774
1.2428192,0.019036,-0.024649,0.979848,0.980343,1.820374,307.678101
1.2622380,0.021964,-0.024161,0.970818,0.971367,1.926306,312.273682
1.2816581,0.037339,-0.020622,0.996321,0.997234,2.451442,331.088684
1.3010783,0.018548,-0.014521,0.963497,0.963784,1.400396,321.942810
1.3204981,0.035509,-0.007932,0.985705,0.986376,2.113870,347.408661
1.3399158,0.022208,-0.003783,0.979360,0.979619,1.317747,350.333588
1.3593338,0.033190,0.004515,0.974235,0.974810,1.969210,7.746366
1.3787532,0.029652,0.006833,0.983630,0.984101,1.771999,12.977395
1.3981748,0.029652,0.012202,0.977285,0.977811,1.879094,22.368277
1.4175941,0.033190,0.015375,0.992172,0.992846,2.111369,24.855242
1.4370134,0.030872,0.025259,0.969720,0.970540,2.355511,39.289413
1.4564325,0.032702,0.022696,0.990830,0.991629,2.300612,34.761799
1.4758533,0.022452,0.029896,0.983264,0.983975,2.177537,53.092701
1.4952730,0.028920,0.028798,0.988633,0.989475,2.363888,44.878864
1.5146936,0.029164,0.043440,0.979238,0.980634,3.058511,56.124630
1.5341122,0.038559,0.044294,0.987657,0.989402,3.402890,48.959667
1.5535319,0.023917,0.045515,0.993880,0.995209,2.961344,62.279453
1.5729504,0.024039,0.054422,0.983386,0.985185,3.462210,66.168762
1.5923700,0.027821,0.058937,0.981190,0.983352,3.800194,64.730362
1.6117898,0.024771,0.059059,0.987901,0.989975,3.709137,67.245781
1.6312104,0.026601,0.065893,0.991684,0.994227,4.098541,68.015884
1.6506288,0.027943,0.066259,0.988023,0.990637,4.162736,67.133339
1.6700467,0.024039,0.069553,0.981556,0.984311,4.287611,70.934128
1.6894667,0.017937,0.069553,0.979482,0.982112,4.194233,75.538826
1.7088876,0.028798,0.075288,0.996321,0.999576,4.625460,69.068352
1.7283056,0.019890,0.077607,0.984485,0.987739,4.652359,75.625107
1.7477245,0.022208,0.075532,0.982166,0.985317,4.583002,73.615471
1.7671448,0.028553,0.084318,0.980458,0.984491,5.187991,71.291862
1.7865633,0.026723,0.079925,1.002056,1.005594,4.807338,71.512581
1.8059810,0.016717,0.074434,0.978139,0.981110,4.459707,77.341972
1.8254018,0.029652,0.086881,0.982898,0.987176,5.335828,71.155632
1.8448222,0.019646,0.069797,0.984973,0.987638,4.210311,74.279762
1.8642408,0.034655,0.078705,0.982288,0.986045,5.003315,66.235626
1.8836592,0.027333,0.080413,0.996687,1.000299,4.870656,71.226646
1.9030792,0.036241,0.071506,1.002178,1.005379,4.573418,63.122929
1.9224968,0.026601,0.078095,0.990342,0.993772,4.762097,71.189873
1.9419165,0.038071,0.084074,0.959470,0.963898,5.494440,65.637543
1.9613361,0.028431,0.077241,0.975455,0.978921,4.823083,69.791924
1.9807550,0.045149,0.080291,0.993026,0.997289,5.299643,60.650513
2.0001733,0.051860,0.077729,1.001812,1.006160,5.328662,56.289181
2.0195918,0.046247,0.077485,0.980946,0.985088,5.255833,59.169117
2.0390096,0.041976,0.078217,0.984485,0.988479,5.152292,61.779259
2.0584307,0.038193,0.084074,0.994735,0.999012,5.303635,65.568573
2.0778503,0.053446,0.080779,0.985705,0.990452,5.612133,56.510128
2.0972700,0.043928,0.074800,0.981312,0.985139,5.051638,59.575321
2.1166902,0.042830,0.089077,0.989488,0.994412,5.704304,64.320732
2.1361101,0.038437,0.079437,0.993026,0.996940,5.078406,64.179008
2.1555302,0.038559,0.082976,1.007181,1.011328,5.190823,65.075432
2.1749508,0.033190,0.091640,0.972526,0.977398,5.723000,70.090439
2.1943700,0.041610,0.086393,0.980336,0.985014,5.586582,64.282745
2.2137897,0.029896,0.092006,0.976675,0.981454,5.656760,71.999275
2.2332077,0.024283,0.085538,0.983752,0.987763,5.164750,74.151810
2.2526262,0.022330,0.087247,0.989121,0.993213,5.202398,75.643669
2.2720449,0.023917,0.096276,0.982898,0.987892,5.763270,76.049225
2.2914639,0.023062,0.096765,0.993514,0.998482,5.717654,76.594475
2.3108816,0.024039,0.088833,0.990464,0.994730,5.308362,74.858154
2.3303010,0.026845,0.090419,1.002178,1.006607,5.376584,73.464050
2.3497202,0.027333,0.090907,0.979970,0.984557,5.532862,73.265488
2.3691399,0.040756,0.088345,0.997785,1.002517,5.569225,65.234894
2.3885586,0.038559,0.085538,1.013160,1.017495,5.291021,65.734879
2.4079778,0.040878,0.086026,0.963375,0.968071,5.646218,64.583992
2.4273965,0.039170,0.079803,0.980214,0.984237,5.182096,63.857010
2.4468145,0.053812,0.079559,1.005839,1.010414,5.454778,55.926350
2.4662309,0.037339,0.081512,0.974601,0.978716,5.256019,65.388252
2.4856486,0.046857,0.077973,0.987169,0.991352,5.264996,58.996700
2.5050652,0.041610,0.071506,0.978872,0.982361,4.830997,59.804394
2.5244832,0.052470,0.071506,0.970818,0.974861,5.219882,53.729210
2.5438998,0.046491,0.072360,0.994124,0.997838,4.944705,57.279427
2.5633190,0.042464,0.068211,0.965693,0.969030,4.756252,58.096073
2.5827384,0.049175,0.068089,0.989244,0.992803,4.852966,54.162350
2.6021583,0.050640,0.068821,0.980702,0.984417,4.979372,53.653786
2.6215777,0.064306,0.073702,0.977529,0.982411,5.714054,48.894768
2.6409984,0.053324,0.068089,0.986193,0.989978,5.011766,51.933578
2.6604159,0.046003,0.064794,0.973258,0.976497,4.667743,54.625965
2.6798351,0.062232,0.070652,0.981190,0.985697,5.481084,48.625458
2.6992528,0.054056,0.063208,0.974479,0.978021,4.878332,49.462528
2.7186697,0.061866,0.059181,0.994124,0.997804,4.922189,43.729534
2.7380874,0.054788,0.058937,0.976797,0.980106,4.709481,47.089260
2.7575076,0.063574,0.059059,0.992172,0.995959,4.998300,42.891556
2.7769256,0.059913,0.048199,0.991196,0.994174,4.435972,38.816006
2.7963450,0.068821,0.052836,0.987413,0.991218,5.021725,37.514549
2.8157642,0.073946,0.053568,0.990586,0.994785,5.266521,35.920418
2.8351820,0.067601,0.042830,0.975089,0.978367,4.691812,32.357285
2.8545988,0.066015,0.045881,0.992050,0.995302,4.632950,34.799656
2.8740165,0.071994,0.056131,0.984363,0.988587,5.298422,37.942154
2.8934345,0.077729,0.044905,0.967767,0.971922,5.299458,30.015369
2.9128540,0.081390,0.052592,0.988877,0.993614,5.596711,32.869610
2.9322717,0.078339,0.052226,0.972404,0.976952,5.530346,33.690067
2.9516900,0.063208,0.040634,0.979604,0.982481,4.386375,32.735226
2.9711080,0.064794,0.048199,0.991440,0.994723,4.656609,36.644802
2.9905272,0.069919,0.046857,1.002422,1.005949,4.799590,33.828297
3.0099449,0.064062,0.038803,0.968011,0.970905,4.424344,31.203890
3.0293646,0.080047,0.054666,0.995589,1.000296,5.560915,34.330219
3.0487823,0.078339,0.050884,0.974479,0.978946,5.475683,33.005039
3.0682030,0.074190,0.045637,0.968378,0.972287,5.139727,31.596985
3.0876226,0.087613,0.048809,0.991806,0.996864,5.774108,29.122313
3.1070416,0.090175,0.053324,0.978750,0.984340,6.109456,30.597507
3.1264606,0.082610,0.041244,0.963619,0.968032,5.473320,26.531189
3.1458812,0.088345,0.035509,0.972404,0.977055,5.592332,21.896854
3.1653008,0.098351,0.049175,0.972892,0.979087,6.448409,26.565052
3.1847208,0.100059,0.031360,0.943973,0.949779,6.338555,17.401754
3.2041399,0.112872,0.026601,0.978505,0.985353,6.758682,13.261233
3.2235608,0.121535,0.023551,0.942264,0.950362,7.484720,10.966582
3.2429798,0.119827,0.003051,0.952881,0.960390,7.169764,1.458335
3.2623975,0.118973,-0.014155,0.959836,0.967285,7.115160,353.215179
3.2818165,0.117386,-0.025381,0.952758,0.960298,7.184497,347.799530
3.3012362,0.118241,-0.048443,0.954955,0.963466,7.621305,337.721039
3.3206568,0.111529,-0.061866,0.965937,0.974321,7.521622,330.982666
3.3400767,0.119827,-0.076875,0.958250,0.968767,8.450569,327.317871
3.3594940,0.119095,-0.080901,0.980214,0.990731,8.355903,325.811615
3.3789148,0.101890,-0.098717,0.949342,0.959884,8.499278,315.906067
3.3983338,0.107625,-0.092128,0.971550,0.981825,8.296329,319.436188
3.4177527,0.111651,-0.105062,0.954589,0.966822,9.123996,316.741577
3.4371705,0.108967,-0.103232,0.965571,0.977168,8.836135,316.548157
3.4565895,0.108479,-0.099327,0.986925,0.997825,8.476511,317.521667
3.4760094,0.106160,-0.114336,0.955443,0.968098,9.274405,312.876556
3.4954290,0.108845,-0.114702,0.978505,0.991200,9.179585,313.499146
3.5148480,0.114946,-0.110431,0.977773,0.990681,9.258966,316.147614
3.5342681,0.108845,-0.114580,0.974723,0.987451,9.209550,313.529602
3.5536880,0.110919,-0.118485,0.989365,1.002589,9.316163,313.111145
3.5731077,0.111163,-0.107503,0.988999,1.001016,8.886902,315.959106
3.5925257,0.122756,-0.118607,0.963741,0.978740,10.043848,315.984772
3.6119459,0.123366,-0.121657,0.996077,1.011033,9.867529,315.399475
3.6313663,0.116776,-0.117875,0.977529,0.991511,9.633515,314.731842
3.6507864,0.133738,-0.120803,0.998151,1.014290,10.234680,317.908966
3.6702054,0.143011,-0.111529,1.000714,1.017015,10.272207,322.050629
3.6896260,0.150577,-0.119339,0.973015,0.991803,11.170027,321.601593
3.7090454,0.148747,-0.123854,0.992050,1.010756,11.040310,320.217560
3.7284670,0.162901,-0.124464,0.972038,0.993422,11.909413,322.618561
3.7478864,0.154482,-0.122878,0.973747,0.993552,11.459339,321.500610
3.7673068,0.161437,-0.120193,0.975943,0.996480,11.652627,323.331573
3.7867267,0.165952,-0.106526,0.956541,0.976657,11.648855,327.303101
3.8061478,0.159607,-0.111895,0.966181,0.985647,11.406067,324.966858
3.8255680,0.142889,-0.101767,0.943729,0.959895,10.530259,324.541077
3.8449891,0.122023,-0.083708,0.938604,0.950197,8.959208,325.549866
3.8644078,0.140205,-0.099815,0.917006,0.933017,10.629768,324.552032
3.8838263,0.127392,-0.105428,0.934699,0.949214,10.032543,320.389313
3.9032443,0.124830,-0.100913,0.942631,0.956200,9.664038,321.047699
3.9226627,0.124586,-0.109089,0.945803,0.960190,9.930978,318.794220
3.9420810,0.116288,-0.112628,0.958005,0.971588,9.591528,315.916168
3.9614995,0.098961,-0.112017,0.954467,0.966099,8.900245,311.458740
3.9809167,0.094690,-0.117386,0.961544,0.973300,8.914162,308.891479
4.0003362,0.078583,-0.131175,0.947390,0.959651,9.168705,300.924561
4.0197539,0.045515,-0.101279,0.987169,0.993394,6.417624,294.199036
4.0391736,0.056863,-0.115556,0.939336,0.948124,7.806955,296.200897
4.0585933,0.022940,-0.116532,0.951660,0.959043,7.113836,281.136749
4.0780139,-0.030140,-0.081878,0.963985,0.967925,5.171688,249.790970
4.0974326,-0.032092,-0.108967,0.903217,0.910332,7.168231,253.589615
4.1168532,-0.037583,-0.104696,0.972160,0.978504,6.527565,250.253159
4.1362743,-0.043928,-0.107625,0.940922,0.948076,7.042805,247.796524
4.1556950,-0.025259,-0.134592,0.974723,0.984295,7.997283,259.370941
4.1751127,-0.026235,-0.099815,0.984119,0.989515,5.986775,255.273682
4.1945324,0.054178,-0.123488,0.949830,0.959355,8.080435,293.688751
4.2139506,-0.049053,-0.128857,0.949952,0.959906,8.258351,249.159073
4.2333703,0.002318,-0.110675,0.964229,0.970562,6.549248,271.200073
4.2527862,0.055399,-0.145086,0.955199,0.967742,9.234716,290.898529
4.2722044,0.049786,-0.148624,1.004740,1.016893,8.866807,288.519592
4.2916226,0.065283,-0.121657,0.945803,0.955827,8.305248,298.218445
4.3110423,0.115800,-0.143988,0.985461,1.002634,10.619766,308.807526
4.3304615,0.113360,-0.141913,0.983874,1.000499,10.459500,308.617737
4.3498797,0.132151,-0.134836,0.989121,1.006979,10.806311,314.423920
4.3692989,0.140327,-0.146428,1.009499,1.029671,11.359728,313.781128
4.3887196,0.157166,-0.155336,1.000958,1.025059,12.449218,315.335571
4.4081392,0.181449,-0.142523,1.023288,1.048978,12.706550,321.851288
4.4275560,0.196336,-0.150699,1.004374,1.034420,13.843308,322.491699
4.4469748,0.218788,-0.148747,0.993270,1.027900,14.914778,325.789551
4.4663939,0.213175,-0.138008,1.012062,1.043436,14.085951,327.081146
4.4858146,0.224035,-0.144842,0.971428,1.007394,15.356290,327.116760
4.5052342,0.245023,-0.142767,0.997297,1.036832,15.873148,329.771942
4.5246534,0.233431,-0.147038,0.965083,1.003741,15.953225,327.793152
4.5440726,0.248806,-0.146672,0.965937,1.008192,16.646936,329.480438
4.5634885,0.246975,-0.138619,0.980946,1.021013,16.104401,330.696045
4.5829058,0.244901,-0.139351,0.984729,1.024249,15.968004,330.359772
4.6023235,0.226475,-0.125196,1.009133,1.041785,14.382672,331.066101
4.6217403,0.167416,-0.133250,0.961422,0.984945,12.547074,321.483063
4.6411572,0.181449,-0.106526,0.992050,1.014118,11.974655,329.583313
4.6605754,0.150089,-0.101035,0.939824,0.957081,10.896811,326.052704
4.6799946,0.099815,-0.044294,0.964473,0.970635,6.459772,336.070007
4.6994138,0.111041,0.008054,0.943363,0.949910,6.730767,4.148255
4.7188320,0.027699,-0.085660,0.866244,0.870910,5.933395,287.919220
4.7382531,0.014521,-0.075777,0.923351,0.926569,4.776555,280.847870
4.7576723,0.007321,-0.020378,0.917006,0.917261,1.352629,289.762421
4.7770925,-0.053446,-0.033678,0.870393,0.872682,4.151194,212.216553
4.7965107,-0.049541,-0.046979,0.902851,0.905429,4.324498,223.479233
4.8159313,-0.026723,-0.033678,0.917616,0.918622,2.682485,231.568771
4.8353500,-0.010372,-0.003173,0.920300,0.920364,0.675217,197.007950
4.8547692,-0.013545,-0.027333,0.918958,0.919464,1.901252,243.639938
4.8741865,-0.055887,-0.046247,0.878934,0.881923,4.718083,219.608124
4.8936062,-0.015009,-0.002440,0.952026,0.952148,0.914930,189.235565
4.9130254,0.024649,0.002562,0.883449,0.883797,1.606812,5.935171
4.9324450,0.041610,-0.026723,0.927500,0.928817,3.051975,327.290253
4.9518628,0.072970,-0.012324,0.934333,0.937259,4.528613,350.413422
4.9712820,0.152163,-0.030384,0.938360,0.951102,9.389461,348.707733
4.9907007,0.178886,-0.090175,0.965449,0.986014,11.722454,333.247650
5.0101228,0.248196,-0.056009,1.031220,1.062145,13.859983,347.283417
5.0295429,0.442335,-0.051372,0.999372,1.094094,24.017178,353.375458
5.0489621,0.237213,-0.078095,1.043666,1.073130,13.457219,341.777527
5.0683799,0.301398,-0.022330,1.016699,1.060668,16.555111,355.762756
5.0877995,0.456978,-0.063086,1.004252,1.105139,24.672075,352.139954
5.1072192,0.361433,-0.089565,1.062457,1.125820,19.314301,346.082153
5.1266418,0.362898,-0.038681,1.041592,1.103677,19.309456,353.915802
5.1460624,0.383275,-0.098229,0.999249,1.074732,21.601576,345.625183
5.1654835,0.370341,-0.074800,1.067338,1.132236,19.493082,348.581207
5.1849046,0.354478,-0.067113,1.028047,1.089513,19.337652,349.279144
5.2043238,0.342032,-0.090419,1.026461,1.085718,19.017084,345.192078
5.2237430,0.334832,-0.085660,1.024996,1.081697,18.633455,345.649750
5.2431626,0.303228,-0.078217,1.004374,1.052061,17.316933,345.535980
5.2625828,0.264059,-0.101401,1.015601,1.054255,15.563275,338.992645
5.2820024,0.212443,-0.092128,1.000958,1.027393,13.025512,336.555603
5.3014221,0.187306,-0.079803,0.972526,0.993609,11.824067,336.923157
5.3208408,0.157898,-0.084196,0.954589,0.971216,10.617227,331.932098
5.3402581,0.117264,-0.091273,0.916152,0.928125,9.213113,322.104370
5.3596792,0.098351,-0.083708,0.915663,0.924727,8.028421,319.598358
5.3790979,0.081878,-0.082366,0.912247,0.919610,7.255283,314.829742
5.3985181,0.048809,-0.082000,0.898214,0.903269,6.064399,300.762726
5.4179368,0.052592,-0.072238,0.905902,0.910298,5.633221,306.056122
5.4373536,0.034533,-0.070530,0.898214,0.901640,4.996614,296.087250
5.4567714,0.026113,-0.083952,0.890771,0.895099,5.636838,287.278137
5.4761906,0.012446,-0.075532,0.888696,0.891987,4.923264,279.357208
5.4956093,0.017815,-0.082244,0.904803,0.908708,5.313527,282.222412
5.5150304,0.014887,-0.086881,0.891137,0.895486,5.649064,279.723114
5.5344491,0.027089,-0.058571,0.948732,0.950924,3.891236,294.820526
5.5538692,0.034045,-0.084196,0.899922,0.904493,5.762691,292.015839
5.5732884,0.059059,-0.088101,0.937018,0.943001,6.458072,303.836334
5.5927091,0.099083,-0.094080,0.969110,0.978694,8.025120,316.483643
5.6121283,0.093348,-0.112139,0.973869,0.984738,8.520833,309.774902
5.6315494,0.182181,-0.039414,1.050987,1.067388,10.056998,347.792603
5.6509690,0.173273,-0.061744,0.923717,0.941854,11.262343,340.387085
5.6703897,0.153017,-0.130443,0.938360,0.959661,12.094419,319.553345
5.6898088,0.179374,-0.074068,1.039395,1.057357,10.575906,337.563049
5.7092266,0.182303,-0.059547,0.940190,0.959551,11.529142,341.910889
5.7286453,0.157898,-0.121169,0.968744,0.988978,11.610077,322.497803
5.7480674,0.183401,-0.103232,1.000714,1.022605,11.876685,330.625946
5.7674885,0.158386,-0.076021,0.978628,0.994272,10.177456,334.360443
5.7869072,0.151919,-0.097375,1.000836,1.016973,10.220428,327.341583
5.8063254,0.150455,-0.119461,0.977529,0.996228,11.118610,321.550476
5.8257446,0.152285,-0.101035,1.008523,1.024948,10.271058,326.437256
5.8451633,0.124830,-0.090663,0.989976,1.001925,8.857874,324.009277
5.8645816,0.144232,-0.111163,0.992782,1.009345,10.393831,322.377563
5.8840003,0.127270,-0.120925,0.987657,1.003139,10.079171,316.464478
5.9034190,0.114336,-0.103476,1.003276,1.015058,8.738196,317.854401
5.9228368,0.121535,-0.094080,0.989610,1.001473,8.827950,322.256683
5.9422565,0.088589,-0.130321,0.983142,0.995691,9.106038,304.206909
5.9616756,0.094934,-0.115434,1.001568,1.012658,8.487254,309.434235
5.9810944,0.075899,-0.094934,0.981556,0.989053,7.058914,308.641846
6.0005107,0.075288,-0.099327,0.968622,0.976607,7.332190,307.161591
6.0199308,0.073214,-0.119949,0.933113,0.943635,8.564445,301.398895
6.0393496,0.062598,-0.109699,0.967645,0.975854,7.436536,299.710541
6.0587687,0.050396,-0.104330,0.945681,0.952752,6.984997,295.782440
6.0781865,0.039047,-0.126050,0.931160,0.940464,8.065967,287.211792
6.0976038,0.046857,-0.119095,0.968866,0.977282,7.524830,291.476776
6.1170216,0.038681,-0.098839,0.936774,0.942767,6.464172,291.373291
6.1364422,0.044417,-0.114458,0.949098,0.957006,7.370757,291.209229
6.1558580,0.037217,-0.123732,0.961056,0.969703,7.657117,286.740692
6.1752768,0.027577,-0.105428,0.971184,0.977279,6.402298,284.658661
6.1946945,0.017937,-0.102378,0.959226,0.964840,6.184184,279.937836
6.2141123,0.029896,-0.116410,0.979116,0.986465,6.998155,284.403076
6.2335300,0.034777,-0.113116,0.967279,0.974492,6.975133,287.089691
6.2529488,0.046857,-0.098351,0.981556,0.987583,6.333295,295.474365
6.2723670,0.052226,-0.112628,0.961666,0.969647,7.355968,294.877411
6.2917857,0.064062,-0.106282,0.978750,0.986585,7.226020,301.079712
6.3112040,0.056619,-0.102988,0.950318,0.957558,7.049960,298.800354
6.3306236,0.068699,-0.103842,0.964839,0.972839,7.353246,303.487610
6.3500438,0.084562,-0.105184,0.960324,0.969761,7.999786,308.797333
6.3694654,0.089931,-0.099815,0.961666,0.971006,7.953224,312.018158
6.3888841,0.093714,-0.082610,0.946779,0.954986,7.516716,318.603485
6.4083056,0.090297,-0.076997,0.969476,0.976711,6.978535,319.545685
6.4277258,0.105916,-0.071872,0.945925,0.954546,7.706247,325.840302
6.4471469,0.115434,-0.077485,0.967523,0.977461,8.177165,326.128632
6.4665647,0.114214,-0.082610,0.971428,0.981602,8.256211,324.122131
6.4859853,0.126538,-0.074922,0.967401,0.978514,8.643406,329.370544
6.5054026,0.118241,-0.078827,0.976431,0.986718,8.280552,326.309937
6.5248222,0.119583,-0.064794,0.988877,0.998187,7.831254,331.549530
6.5442433,0.128003,-0.061744,0.967523,0.977905,8.356208,334.248993
6.5636654,0.131907,-0.064428,0.986193,0.997059,8.466659,333.967407
6.5830851,0.127026,-0.055277,0.966669,0.976545,8.155478,336.483307
6.6025047,0.133005,-0.053812,0.959104,0.969776,8.508170,337.972382
6.6219244,0.133128,-0.056863,0.963131,0.973949,8.547850,336.871155
6.6413455,0.139107,-0.054544,0.952637,0.964283,8.914052,338.589600
6.6607647,0.127636,-0.058449,0.966669,0.976809,8.262938,335.395294
6.6801848,0.125196,-0.067967,0.942875,0.953575,8.591623,331.503143
6.6996045,0.133860,-0.062232,0.978261,0.989336,8.581123,335.066071
6.7190237,0.115678,-0.056741,0.957273,0.965905,7.665698,333.871765
6.7384429,0.116044,-0.058937,0.965937,0.974666,7.673989,333.074615
6.7578626,0.103110,-0.055277,0.967279,0.974329,6.896399,331.804474
6.7772808,0.081146,-0.052958,0.967889,0.972728,5.716969,326.870270
6.7967005,0.118119,-0.046857,0.980214,0.988416,7.386526,338.362061
6.8161192,0.105916,-0.053202,0.958738,0.966037,7.047650,333.329437
6.8355384,0.084074,-0.045759,0.975943,0.980626,5.601612,331.442017
6.8549566,0.079681,-0.042830,0.970940,0.975145,5.322886,331.741119
6.8743753,0.100059,-0.042098,0.977163,0.983175,6.339081,337.181976
6.8937950,0.053934,-0.038193,0.974967,0.977204,3.877877,324.695984
6.9132147,0.063330,-0.046979,0.954223,0.957475,4.723934,323.431580
6.9326348,0.060646,-0.045393,0.993392,0.996276,4.360714,323.185486
6.9520535,0.054056,-0.036241,0.967035,0.969223,3.850106,326.160950
6.9714708,0.041976,-0.053080,0.976797,0.979138,3.963090,308.337097
6.9908915,0.041976,-0.030872,0.983996,0.985375,3.031186,323.666809
7.0103102,0.039536,-0.039292,0.950684,0.952317,3.355438,315.177399
7.0297308,0.025869,-0.042708,0.975699,0.976976,2.929642,301.203888
7.0491524,0.031726,-0.036119,0.957395,0.958602,2.874601,311.295380
7.0685735,0.031482,-0.037827,0.964717,0.965971,2.920340,309.769196
7.0879931,0.042830,-0.035753,0.967767,0.969374,3.299424,320.146301
7.1074138,0.040268,-0.048565,0.942875,0.944983,3.827969,309.663696
7.1268334,0.043074,-0.026723,0.991196,0.992491,2.927570,328.184662
7.1462545,0.072238,-0.034899,0.922985,0.926465,4.967672,334.214447
7.1656752,0.058937,-0.045515,0.966303,0.969168,4.406645,322.322632
7.1850958,0.072726,-0.038071,0.948244,0.951790,4.947676,332.368408
7.2045159,0.066747,-0.054422,0.950806,0.954699,5.175626,320.807709
7.2239380,0.080047,-0.058327,0.960324,0.965418,5.888394,323.920715
7.2433581,0.079071,-0.054056,0.944339,0.949184,5.791598,325.641846
7.2627783,0.099327,-0.041610,0.954589,0.960644,6.436509,337.270264
7.2821980,0.085294,-0.056253,0.910660,0.916374,6.401655,326.594604
7.3016186,0.081634,-0.058449,0.970208,0.975389,5.908135,324.397552
7.3210382,0.105672,-0.067723,0.930062,0.938493,7.685591,327.345093
7.3404579,0.140449,-0.091762,0.967279,0.981721,9.839670,326.841614
7.3598752,0.161193,-0.082122,0.949220,0.966305,10.790270,333.002869
7.3792953,0.197312,-0.128857,0.961056,0.989528,13.777656,326.852997
7.3987150,0.150943,-0.128003,1.000226,1.019617,11.192270,319.701416
7.4181337,0.207806,-0.043684,1.002666,1.024905,11.957590,348.128296
7.4375520,0.112261,-0.083830,0.872833,0.884007,9.119343,323.249847
7.4569721,0.116166,-0.093226,0.901631,0.913851,9.380477,321.252228
7.4763913,0.166684,-0.065283,0.965693,0.982145,10.501817,338.612000
7.4958119,0.220252,-0.101035,0.949830,0.980253,14.311986,335.357849
7.5152321,0.126782,-0.095666,0.960568,0.973610,9.388707,322.962830
7.5346541,0.133860,-0.056741,0.922253,0.933642,8.958681,337.028717
7.5540748,0.156922,-0.094934,0.931160,0.949050,11.142510,328.827026
7.5734949,0.158386,-0.099449,0.973380,0.991184,10.875943,327.875732
7.5929136,0.121413,-0.071994,0.931038,0.941678,8.620880,329.333557
7.6123323,0.124098,-0.081512,0.939580,0.951239,8.979711,326.701721
7.6317511,0.118119,-0.090907,0.928232,0.940123,9.122401,322.417114
7.6511726,0.082488,-0.084196,0.930550,0.937986,7.219012,314.412811
7.6705928,0.075532,-0.088833,0.942875,0.950057,7.049904,310.373688
7.6900134,0.065649,-0.086149,0.935797,0.942045,6.602152,307.308838
7.7094340,0.062354,-0.062354,0.932381,0.936541,5.402798,315.000000
7.7288551,0.058327,-0.073458,0.912003,0.916813,5.872127,308.450287
7.7482743,0.041488,-0.081512,0.911759,0.916335,5.728442,296.975281
7.7676940,0.003173,-0.071628,0.911515,0.914330,4.497538,272.536133
7.7871137,-0.014277,-0.066381,0.901753,0.904305,4.306025,257.862091
7.8065348,-0.039170,-0.065527,0.875152,0.878475,4.985388,239.130478
7.8259540,-0.068821,-0.102256,0.935919,0.944001,7.502527,236.058228
7.8453751,-0.083952,-0.098839,0.914809,0.923955,8.068327,229.656006
7.8647962,0.108235,-0.045759,0.924693,0.932130,7.242346,337.082642
7.8842168,-0.039658,-0.119095,0.820485,0.830031,8.698113,251.582657
7.9036360,-0.078339,-0.021720,0.939092,0.942604,4.947597,195.496490
7.9230576,0.016595,-0.043074,0.923473,0.924626,2.861634,291.070129
7.9424767,0.085172,-0.108479,0.857336,0.868359,9.138908,308.137299
7.9618974,-0.026235,-0.000366,1.003764,1.004107,1.497240,180.799423
7.9813180,-0.055155,-0.006467,0.737387,0.739475,4.306753,186.687775
8.0007420,0.142523,-0.249172,0.853676,0.900645,18.585489,299.769043
8.0201645,0.073214,-0.271624,1.084178,1.120081,14.546100,285.085114
8.0395870,0.433549,-0.102012,1.109558,1.195613,21.871059,346.759491
8.0590076,0.593644,-0.279556,0.908708,1.120854,35.832874,334.783569
8.0784245,0.258324,-0.550692,1.198392,1.343925,26.911077,295.130768
8.0978413,0.224279,-0.421591,1.442927,1.519894,18.311909,298.012207
8.1172609,0.267475,-0.388644,1.543962,1.614437,16.991699,304.536774
8.1366806,0.161193,-0.548983,1.135305,1.271332,26.746689,286.363342
8.1560984,0.159240,-0.566555,1.663789,1.764805,19.479477,285.698975
8.1755161,0.116044,-0.493951,1.639384,1.716110,17.197592,283.220795
8.1949358,-0.308353,-0.393403,1.388260,1.475505,19.801601,231.910339
8.2143545,-0.005247,-0.368267,1.229874,1.283837,16.671106,269.183716
8.2337732,-0.068821,-0.270038,1.308579,1.337922,12.021885,255.702103
8.2531929,-0.185842,-0.153139,1.275022,1.297563,10.695256,219.489594
8.2726135,-0.331415,-0.265401,0.891625,0.987557,25.463520,218.688095
8.2920341,-0.268573,-0.103476,1.128106,1.164243,14.312718,201.070648
8.3114538,-0.271746,0.017815,0.881253,0.922372,17.172474,176.249115
8.3308735,-0.263815,-0.064794,0.719084,0.768686,20.695522,193.799042
8.3502951,-0.207806,-0.038193,0.816824,0.843709,14.502715,190.414352
8.3697157,-0.213297,0.088833,0.828539,0.860153,15.582293,157.389450
8.3891373,-0.080535,0.119705,0.675277,0.690518,12.060078,123.931992
8.4085560,-0.095422,0.048199,0.507251,0.518394,11.901053,153.200974
8.4279766,-0.095666,0.095544,0.458930,0.478432,16.415617,135.036560
8.4473963,-0.044539,0.174860,0.566799,0.594828,17.659084,104.289970
8.4668188,0.040390,0.125684,0.450266,0.469220,16.340710,72.184715
8.4862394,0.003539,0.018181,0.177178,0.178144,5.968148,78.986168
8.5056601,0.238434,0.239654,0.680402,0.759758,26.420628,45.146236
8.5250797,0.104452,0.052958,0.442335,0.457575,14.829087,26.885433
8.5444984,0.365338,0.070285,0.588519,0.696252,32.299397,10.889787
8.5639191,0.469058,0.117509,0.995101,1.106367,25.916689,14.064299
8.5833397,0.468448,0.133982,0.941532,1.060131,27.361012,15.961164
8.6027603,0.482236,0.019158,0.963863,1.077938,26.597641,2.274977
8.6221800,0.384984,0.062354,1.416325,1.469040,15.395471,9.200027
8.6415997,0.266743,0.116654,1.579959,1.606558,10.440672,23.621128
8.6610203,0.244047,0.052958,1.411322,1.433246,10.034347,12.243364
8.6804409,0.148502,-0.013423,1.509795,1.517140,5.640244,354.835297
8.6998615,0.046735,-0.004881,1.686119,1.686774,1.596304,354.037720
8.7192802,-0.121291,0.008542,1.674527,1.678936,4.153080,175.971741
8.7386990,-0.044661,-0.031970,1.410468,1.411537,2.229936,215.596863
8.7581196,-0.175592,-0.152651,1.466111,1.484458,9.017527,221.002182
8.7775402,-0.193285,-0.173761,1.467087,1.489932,10.046237,221.955215
8.7969599,-0.315186,-0.122511,1.375325,1.416288,13.813617,201.240875
8.8163815,-0.295663,-0.193285,1.154707,1.207528,17.009359,213.174057
8.8358030,-0.437576,-0.300300,1.223650,1.333781,23.446852,214.461029
8.8552237,-0.333124,-0.154238,1.084910,1.145334,18.694124,204.844299
8.8746452,-0.307255,-0.193895,0.922497,0.991464,21.496668,212.254242
8.8940687,-0.249782,-0.231478,0.848307,0.914110,21.872747,222.821945
8.9134884,-0.205243,-0.206464,0.687358,0.746467,22.954506,225.169815
8.9329090,-0.115190,-0.139839,0.738486,0.760384,13.784164,230.520538
8.9523296,-0.050884,-0.113360,0.613167,0.625631,11.455643,245.826126
8.9717493,-0.030384,-0.166684,0.493341,0.521624,18.954279,259.669312
8.9911671,0.076631,-0.112384,0.564236,0.580401,13.553951,304.288818
9.0105877,0.090663,-0.076387,0.567043,0.579303,11.808858,319.884857
9.0300074,0.111651,-0.081878,0.483335,0.502775,15.984854,323.746155
9.0494299,0.172175,-0.088955,0.577781,0.609416,18.542282,332.676636
9.0688496,0.168148,-0.061256,0.598403,0.624589,16.649820,339.983521
9.0882721,0.191211,-0.035143,0.591569,0.622696,18.192600,349.585785
9.1076927,0.238190,-0.032580,0.661123,0.703476,19.983059,352.211243
9.1271124,0.222205,-0.019890,0.666492,0.702838,18.506809,354.885010
9.1465311,0.224279,-0.007199,0.740316,0.773576,16.862392,358.161438
9.1659517,0.215249,-0.022330,0.788027,0.817201,15.355762,354.077240
9.1853704,0.189990,-0.028309,0.842815,0.864428,12.839115,351.525024
9.2047920,0.191943,-0.044050,0.868684,0.890727,12.773187,347.074554
9.2242107,0.174249,-0.051616,0.959592,0.976649,10.724016,343.499725
9.2436314,0.158386,-0.050396,0.998273,1.012015,9.452927,342.349884
9.2630520,0.115556,-0.047589,1.026827,1.034404,6.939185,337.616821
9.2824717,0.076509,-0.068699,1.026949,1.032084,5.717860,318.078491
9.3018904,0.025991,-0.094080,1.046717,1.051257,5.327338,285.443604
9.3213091,-0.016473,-0.111285,1.035246,1.041341,6.201849,261.579865
9.3407278,-0.016961,-0.161925,1.080151,1.092352,8.571643,264.020203
9.3601475,-0.059547,-0.124220,1.127130,1.135517,6.967986,244.388275
9.3795652,-0.104208,-0.120925,1.053550,1.065575,8.615798,229.246689
9.3989859,-0.139595,-0.187672,1.045740,1.071578,12.607580,233.357269
9.4184055,-0.133127,-0.204267,1.129204,1.155228,12.184357,236.906418
9.4378252,-0.123366,-0.165464,1.021580,1.042220,11.421805,233.292709
9.4572468,-0.090541,-0.159118,1.040493,1.056477,9.979041,240.359329
9.4766674,-0.091273,-0.199508,0.912857,0.938851,13.514127,245.416275
9.4960861,-0.087491,-0.201095,0.994491,1.018384,12.435714,246.487457
9.5155067,-0.058205,-0.129223,0.901875,0.912943,8.930786,245.752014
9.5349274,0.011470,-0.143377,0.841107,0.853317,9.704134,274.573914
9.5543499,0.005613,-0.175836,0.828295,0.846771,11.991120,271.828400
9.5737686,0.006101,-0.132395,0.857702,0.867882,8.784115,272.638489
9.5931892,0.024893,-0.105428,0.763866,0.771509,8.071538,283.284851
9.6126089,0.060646,-0.167294,0.833664,0.852444,12.049072,289.926025
9.6320295,0.074556,-0.145574,0.885768,0.900741,10.461720,297.119446
9.6514492,0.109699,-0.095910,0.814872,0.827798,10.138418,318.836639
9.6708679,0.136788,-0.108235,0.850747,0.868445,11.586857,321.646912
9.6902885,0.121657,-0.148136,0.817313,0.839491,13.199380,309.394623
9.7097120,0.174127,-0.102866,0.992904,1.013292,11.512916,329.427551
9.7291336,0.082854,-0.134104,0.909684,0.923241,9.830853,301.709198
9.7485523,0.079315,-0.154604,0.938116,0.954072,10.493645,297.158875
9.7679739,0.226597,-0.143377,1.071121,1.104176,14.054751,327.676788
9.7873945,0.152163,-0.175348,0.991318,1.018141,13.181002,310.950806
9.8068171,0.169735,-0.204755,1.132011,1.162834,13.221527,309.657471
9.8262367,0.177056,-0.254419,1.117124,1.159329,15.507528,304.834961
9.8456573,0.276383,-0.261374,1.213645,1.271864,17.402868,316.598724
9.8650789,0.142523,-0.332514,1.234632,1.286544,16.331602,293.201141
9.8844976,0.009762,-0.337273,1.274412,1.318323,14.829394,271.657867
9.9039183,0.025137,-0.307377,1.321635,1.357141,13.134899,274.675171
9.9233389,-0.010494,-0.370829,1.248055,1.302024,16.554296,268.379028
9.9427614,-0.069065,-0.349719,1.396924,1.441690,14.315480,258.828522
9.9621811,-0.254663,-0.207074,1.317975,1.358230,13.984392,219.115555
9.9816008,-0.090663,-0.237457,1.112121,1.140798,12.873909,249.102707
10.0010195,-0.167782,-0.254053,1.214499,1.252079,14.073162,236.558319
10.0204411,-0.305791,-0.139961,1.076734,1.128031,17.345272,204.593643
10.0398598,-0.252588,-0.147648,0.953613,0.997486,17.056448,210.308044
10.0592823,-0.077729,-0.169124,0.957517,0.975441,11.000506,245.316681
10.0787001,-0.146916,-0.072604,0.901753,0.916523,10.300035,206.297943
10.0981216,-0.229404,-0.052470,0.784488,0.819025,16.698013,192.883270
10.1175413,-0.105306,-0.086026,0.742390,0.754740,10.379359,219.246002
10.1369629,0.035875,-0.018426,0.785464,0.786499,2.939249,332.814728
10.1563826,0.013301,-0.007077,0.689554,0.689719,1.251639,331.982117
10.1758032,0.004881,-0.037705,0.707125,0.708147,3.077653,277.375916
10.1952229,0.114824,0.049908,0.776069,0.786103,9.164395,23.491886
10.2146463,0.119461,0.060890,0.644283,0.658088,11.756209,27.008112
10.2340670,0.159851,0.006711,0.531656,0.555207,16.748146,2.404136
10.2534857,0.199386,0.036973,0.822438,0.847069,13.850913,10.505289
10.2729053,0.180351,0.076753,0.801694,0.825306,13.738540,23.053396
10.2923250,0.186086,0.036973,0.669786,0.696138,15.815271,11.237662
10.3117466,0.277847,0.014765,0.896994,0.939157,17.233408,3.041842
10.3311653,0.222937,0.036851,0.960568,0.986787,13.237464,9.386023
10.3505869,0.216592,0.027333,0.872711,0.899602,14.044370,7.192544
10.3700056,0.313844,-0.014033,1.118222,1.161515,15.692380,357.439880
10.3894253,0.258323,0.000488,1.124934,1.154213,12.932879,0.108258
10.4088478,0.207684,0.033068,1.257817,1.275276,9.491732,9.046945
10.4282694,0.181693,-0.008542,1.297230,1.309921,7.981803,357.308411
10.4476919,0.157166,-0.045637,1.361781,1.371580,6.852889,343.808136
10.4671116,0.078827,-0.019524,1.395581,1.397942,3.330313,346.089050
10.4865332,-0.021842,-0.056985,1.375813,1.377166,2.539909,249.028290
10.5059528,-0.128369,-0.120925,1.357022,1.368433,7.404541,223.289764
10.5253744,-0.097375,-0.062232,1.297230,1.302368,5.090698,212.582550
10.5447931,-0.126416,-0.101767,1.265749,1.276110,7.306349,218.834732
10.5642138,-0.210856,-0.215249,1.117734,1.157637,15.087107,225.590652
10.5836325,-0.281508,-0.177178,1.199002,1.244284,15.504935,212.185852
10.6030531,-0.154360,-0.181571,1.045008,1.071838,12.846751,229.630997
10.6224699,-0.221716,-0.249904,1.052330,1.104087,17.612980,228.420334
10.6418877,-0.310672,-0.240386,0.958982,1.036315,22.274744,217.731369
10.6613054,-0.198410,-0.229770,0.928720,0.977078,18.101536,229.188873
10.6807232,-0.203413,-0.203169,0.845012,0.892580,18.789751,224.965607
10.7001419,-0.186086,-0.222815,0.774482,0.827102,20.547571,230.132751
10.7195635,-0.161925,-0.243437,0.767527,0.821328,20.853168,236.369629
10.7389822,-0.145208,-0.215493,0.726405,0.771484,19.683254,236.026367
10.7584038,-0.123488,-0.181205,0.750810,0.782176,16.280968,235.726303
10.7778225,-0.163877,-0.174127,0.728235,0.766487,18.177542,226.736954
10.7972422,-0.097741,-0.176446,0.716033,0.743902,15.732684,241.016098
10.8166599,-0.090053,-0.158386,0.760328,0.781853,13.475668,240.378860
10.8360786,-0.118363,-0.131785,0.768015,0.788178,12.987638,228.071457
10.8554974,-0.069431,-0.129223,0.781194,0.794848,10.635283,241.750885
10.8749189,-0.075044,-0.100181,0.833786,0.843129,8.537757,233.163620
10.8943386,-0.098717,-0.088711,0.807673,0.818505,9.331698,221.944138
10.9137592,-0.082488,-0.074434,0.884425,0.891377,7.160317,222.062042
10.9331779,-0.083952,-0.065405,0.894309,0.900619,6.786281,217.921082
10.9525986,-0.087491,-0.077851,0.932503,0.939828,7.158262,221.663284
10.9720163,-0.108235,-0.075777,0.946047,0.955229,7.950459,214.996353
10.9914379,-0.142523,-0.052836,0.980214,0.991929,8.814654,200.340714
11.0108566,-0.112872,-0.073702,0.968378,0.977715,7.924987,213.143448
11.0302773,-0.137032,-0.102744,1.031220,1.045346,9.429963,216.861725
11.0496960,-0.174371,-0.077729,1.027315,1.044903,10.527493,204.025711
11.0691156,-0.164488,-0.071750,1.041348,1.056697,9.777747,203.566910
11.0885344,-0.162779,-0.099205,1.029633,1.047131,10.489031,211.360016
11.1079521,-0.203291,-0.105672,1.048059,1.072810,12.331376,207.465759
11.1273670,-0.222571,-0.100547,1.059895,1.087669,12.975992,204.311279
11.1467867,-0.217690,-0.121779,1.016211,1.046376,13.791086,209.223389
11.1662064,-0.232455,-0.121657,1.040493,1.073062,14.152393,207.625748
11.1856279,-0.249416,-0.112017,1.014014,1.050229,15.090189,204.185776
11.2050467,-0.256859,-0.131907,0.991318,1.032515,16.239695,207.182281
11.2244692,-0.234895,-0.139717,0.986071,1.023246,15.491618,210.744400
11.2438898,-0.258568,-0.155214,0.943851,0.990860,17.719574,210.975677
11.2633095,-0.229770,-0.155702,0.988389,1.026621,15.685611,214.123215
11.2827301,-0.259422,-0.168514,0.958616,1.007294,17.885071,213.006805
11.3021498,-0.241606,-0.165708,1.016089,1.057482,16.084024,214.444611
11.3215685,-0.255761,-0.164854,0.936163,0.984374,18.006018,212.804260
11.3409891,-0.243437,-0.161193,0.991440,1.033537,16.409042,213.510742
11.3604107,-0.225987,-0.171077,0.948976,0.990400,16.629749,217.126419
11.3798313,-0.230014,-0.172541,0.995345,1.036044,16.112980,216.874756
11.3992519,-0.236237,-0.159851,0.956785,0.998398,16.600393,214.084366
11.4186716,-0.218300,-0.154116,0.967523,1.003747,15.439584,215.221359
11.4380922,-0.213297,-0.145940,0.964717,0.998735,14.997258,214.380341
11.4575119,-0.219886,-0.148136,0.962764,0.998604,15.396757,213.967987
11.4769316,-0.206342,-0.130443,0.988877,1.018563,13.866854,212.299850
11.4963522,-0.197800,-0.132151,0.957395,0.986506,13.953693,213.747131
11.5157709,-0.193163,-0.148624,0.972770,1.002838,14.065688,217.575592
11.5351896,-0.200972,-0.124952,0.979360,1.007546,13.584388,211.870728
11.5546103,-0.189136,-0.104818,0.957517,0.981631,12.725803,208.994934
11.5740299,-0.166074,-0.126538,0.953613,0.976202,12.349704,217.305222
11.5934496,-0.186940,-0.122145,0.956297,0.982024,13.143733,213.160370
11.6128674,-0.188648,-0.105062,0.965815,0.989659,12.602572,209.114349
11.6322842,-0.138375,-0.110553,0.958494,0.974720,10.469258,218.622818
11.6517038,-0.150577,-0.129467,0.946901,0.967500,11.844317,220.689117
11.6711235,-0.150333,-0.107991,0.972648,0.990104,10.774827,215.691360
11.6905432,-0.129345,-0.101035,0.937384,0.951644,9.931374,217.994537
11.7099628,-0.133494,-0.116898,0.936285,0.952951,10.731281,221.208160
11.7293825,-0.116288,-0.105550,0.946047,0.958994,9.425356,222.228760
11.7488003,-0.092250,-0.108845,0.923351,0.934309,8.784025,229.717606
11.7682199,-0.103110,-0.129345,0.962887,0.976991,9.747658,231.439194
11.7876396,-0.129711,-0.122389,0.996565,1.012396,10.145768,223.336502
11.8070583,-0.107625,-0.093836,0.877470,0.889012,9.242523,221.084595
11.8264771,-0.042586,-0.111773,1.025484,1.032437,6.652899,249.142944
11.8458967,-0.066259,-0.138619,1.052574,1.063728,8.304609,244.452530
11.8653164,-0.109943,-0.092250,0.902363,0.913705,9.037029,219.998932
11.8847351,-0.071262,-0.089565,0.931160,0.938168,7.007511,231.492828
11.9041538,-0.079803,-0.112872,1.031708,1.040927,7.631315,234.738663
11.9235754,-0.074190,-0.108479,0.982654,0.991404,7.617673,235.631210
11.9429951,-0.079193,-0.092250,0.991806,0.999230,6.988675,229.355042
11.9624147,-0.076021,-0.110187,0.935309,0.944840,8.145168,235.397339
11.9818354,-0.076753,-0.109211,1.037809,1.046358,7.329192,234.900711
12.0012560,-0.078583,-0.096398,0.989366,0.997152,7.164891,230.813431
12.0206757,-0.041366,-0.093836,0.956785,0.962265,6.117665,246.210571
12.0400934,-0.057351,-0.104330,0.999128,1.006196,6.795234,241.202072
12.0595121,-0.040634,-0.100303,0.976553,0.982531,6.323690,247.946671
12.0789309,-0.046613,-0.088345,0.973624,0.978735,5.857689,242.182785
12.0983505,-0.070896,-0.108479,0.959470,0.968182,7.692125,236.833649
12.1177702,-0.006223,-0.095056,0.991928,0.996492,5.485587,266.254272
12.1371899,-0.028675,-0.101523,0.964107,0.969861,6.244630,254.227570
12.1566095,-0.044661,-0.123366,0.970696,0.979522,7.697532,250.098846
12.1760292,-0.002685,-0.072482,0.967401,0.970117,4.287747,267.878906
12.1954498,-0.000976,-0.114824,0.966303,0.973102,6.776824,269.512909
12.2148695,-0.022696,-0.111041,0.941166,0.947966,6.866614,258.448120
12.2342901,0.029530,-0.102134,0.967279,0.973105,6.272386,286.126068
12.2537088,0.000244,-0.103720,0.951782,0.957417,6.219242,270.134827
12.2731304,-0.000488,-0.100913,0.952758,0.958088,6.046108,269.722870
12.2925491,0.019036,-0.122511,0.944949,0.953048,7.474777,278.831909
12.3119688,0.016351,-0.103964,0.974357,0.980024,6.164720,278.938080
12.3313875,0.009640,-0.093592,0.954955,0.959579,5.626920,275.880646
12.3508053,0.031360,-0.116410,0.945071,0.952730,7.269817,285.077118
12.3702230,0.024283,-0.104452,0.988633,0.994432,6.190711,283.087463
12.3896437,-0.000122,-0.091396,0.946291,0.950695,5.516687,269.923492
12.4090652,0.014521,-0.106526,0.972404,0.978330,6.309132,277.762238
12.4284859,0.009762,-0.110431,0.968255,0.974581,6.531739,275.051697
12.4479055,0.018304,-0.099937,0.989121,0.994326,5.864645,280.378693
12.4673252,0.009396,-0.098961,0.963375,0.968490,5.891223,275.423676
12.4867439,0.014765,-0.110065,0.979482,0.985757,6.468417,277.640411
12.5061626,0.010250,-0.105184,0.972770,0.978494,6.200362,275.565765
12.5255833,0.012812,-0.093958,0.969110,0.973738,5.588582,277.765167
12.5450048,0.033068,-0.106892,0.970330,0.976760,6.577841,287.190002
12.5644245,0.042586,-0.105794,0.973014,0.979675,6.684953,291.926636
12.5838442,0.038193,-0.102500,0.962398,0.968595,6.484313,290.436340
12.6032629,0.041244,-0.102378,0.967157,0.973435,6.510509,291.942566
12.6226816,0.059547,-0.109089,0.965449,0.973416,7.335401,298.628418
12.6421003,0.046857,-0.110797,0.965327,0.972794,7.103488,292.923859
12.6615191,0.066991,-0.099205,0.957151,0.964608,7.128657,304.030243
12.6809368,0.068333,-0.106282,0.956419,0.964730,7.525847,302.738556
12.7003555,0.013179,-0.116776,0.962642,0.969789,6.960128,276.438751
12.7197752,0.172907,-0.089809,0.939702,0.959689,11.713845,332.552307
12.7391968,0.084684,-0.108235,0.971916,0.981584,8.048155,308.040070
12.7586155,0.089077,-0.104818,0.898946,0.909410,8.699852,310.358734
12.7780361,0.143133,-0.110187,1.018529,1.034423,10.056705,322.410156
12.7974539,0.101157,-0.100547,0.881009,0.892479,9.195884,315.173309
12.8168736,0.151431,-0.117264,0.985949,1.004379,10.993113,322.246674
12.8362923,0.132883,-0.108845,0.943729,0.959234,10.315627,320.679077
12.8557110,0.150943,-0.119339,0.969354,0.988267,11.227457,321.669312
12.8751307,0.142157,-0.104086,0.959226,0.975273,10.407981,323.788818
12.8945503,0.181693,-0.126294,0.965815,0.990839,12.904146,325.196930
12.9139709,0.164610,-0.114580,0.989976,1.010088,11.452685,325.159332
12.9333887,0.199508,-0.093470,0.958127,0.983132,12.949883,334.896851
12.9528093,0.173273,-0.127026,0.950074,0.974064,12.742396,323.754913
12.9722300,0.204145,-0.117997,0.996199,1.023724,13.316425,329.971924
12.9916496,0.184865,-0.095178,0.975699,0.997608,12.030163,332.758270
13.0110693,0.160339,-0.128125,0.932137,0.954465,12.417510,321.372101
13.0304890,0.212687,-0.124464,1.001568,1.031438,13.822639,329.663910
13.0499077,0.162535,-0.111529,0.945071,0.965410,11.781693,325.542633
13.0693274,0.149845,-0.117753,0.976065,0.994496,11.047940,321.838654
13.0887470,0.184499,-0.120803,0.969842,0.994599,12.810513,326.784760
13.1081676,0.144110,-0.113604,0.962520,0.979857,10.793827,321.750763
13.1275883,0.152407,-0.098717,0.963253,0.980219,10.675658,327.068146
13.1470089,0.146672,-0.109211,0.962154,0.979378,10.761190,323.328918
13.1664286,0.125562,-0.117631,0.957029,0.972372,10.191768,316.867981
13.1858482,0.147160,-0.102500,0.975211,0.991564,10.420110,325.142120
13.2052689,0.117020,-0.108357,0.939580,0.953019,9.633515,317.201416
13.2246895,0.133127,-0.115678,0.965937,0.981906,10.347295,319.011719
13.2441111,0.132273,-0.108967,0.966791,0.981863,10.052030,320.518280
13.2635326,0.106770,-0.109333,0.959104,0.971202,9.053147,314.320648
13.2829514,0.134592,-0.112262,0.972038,0.987713,10.220947,320.168884
13.3023701,0.105794,-0.105916,0.958860,0.970475,8.873672,314.966980
13.3217888,0.097131,-0.106282,0.961910,0.972626,8.512923,312.423950
13.3412085,0.097741,-0.106160,0.964839,0.975570,8.506207,312.635437
13.3606272,0.088955,-0.109211,0.962764,0.973014,8.323433,309.163696
13.3800478,0.101767,-0.109699,0.975333,0.986745,8.722243,312.851990
13.3994684,0.074922,-0.100547,0.949586,0.957829,7.522326,306.691467
13.4188890,0.077973,-0.102256,0.971672,0.980144,7.538769,307.326599
13.4383078,0.052104,-0.111163,0.958738,0.966566,7.297132,295.113220
13.4577274,0.062232,-0.098961,0.972038,0.979043,6.857753,302.163879
13.4771442,0.057839,-0.096276,0.956907,0.963476,6.694304,300.995789
13.4965611,0.053202,-0.105428,0.961300,0.968527,7.003451,296.776855
13.5159836,0.058815,-0.103842,0.961788,0.969164,7.073267,299.526886
13.5354023,0.042586,-0.098595,0.988389,0.994207,6.201469,293.360992
13.5548220,0.058449,-0.093348,0.949830,0.956194,6.614172,302.052490
13.5742378,0.032824,-0.096520,0.959592,0.964992,6.064464,288.781921
13.5936546,0.041610,-0.110675,0.970208,0.977386,6.948338,290.604492
13.6130733,0.066747,-0.094568,0.982166,0.988963,6.721466,305.214691
13.6324930,0.029286,-0.115800,0.941044,0.948595,7.233835,284.192413
13.6519098,0.049664,-0.106038,0.969964,0.977006,6.883332,295.096252
13.6713305,0.029042,-0.086393,0.975333,0.979582,5.338692,288.580505
13.6907492,0.042708,-0.095422,0.934821,0.940649,6.381039,294.111877
13.7101688,0.036119,-0.107014,0.982288,0.988760,6.559182,288.650269
13.7295885,0.024893,-0.108601,0.938482,0.945072,6.770483,282.909973
13.7490082,0.056497,-0.092128,0.991684,0.997555,6.219400,301.518494
13.7684269,0.041000,-0.109943,0.962276,0.969404,6.952260,290.451447
13.7878447,0.049053,-0.110431,0.967889,0.975403,7.116263,293.950745
13.8072634,0.068211,-0.103354,0.982532,0.990305,7.183432,303.423859
13.8266821,0.045271,-0.102256,0.949220,0.955784,6.719102,293.879974
13.8461008,0.074556,-0.106160,0.976919,0.985495,7.564081,305.080322
13.8655195,0.077363,-0.116044,0.965815,0.975833,8.216949,303.690063
13.8849392,0.079803,-0.103720,0.974967,0.983711,7.645010,307.575104
13.9043570,0.067113,-0.118485,0.951416,0.961112,8.145168,299.528351
13.9237738,0.070652,-0.115678,0.971916,0.981323,7.939489,301.414886
13.9431925,0.078705,-0.110309,0.994857,1.004043,7.756460,305.507690
13.9626122,0.055155,-0.117631,0.970696,0.979352,7.623236,295.120911
13.9820328,0.063086,-0.109455,0.983264,0.991347,7.321478,299.957672
14.0014505,0.072726,-0.107503,0.984973,0.993487,7.506711,304.078491
14.0208683,0.060402,-0.103232,0.980214,0.987484,6.956745,300.332184
14.0402889,0.061378,-0.107381,0.981678,0.989439,7.181028,299.751892
14.0597076,0.060035,-0.105306,0.965693,0.973271,7.154561,299.687653
14.0791273,0.054056,-0.102134,0.966791,0.973673,6.816012,297.890991
14.0985441,0.052592,-0.111529,0.957029,0.964940,7.341763,295.246399
