Keuwl Accelerometer Data File
2021-05-23 11-19-03

Time (s), X (g), Y (g), Z (g), R (g), Theta (deg), Phi (deg)
0.0000000,-0.001952,-0.059059,1.005351,1.007086,3.363772,268.106628
0.0194204,0.021720,-0.032336,1.024996,1.025736,2.176458,303.889191
0.0388420,0.050640,-0.021720,0.865146,0.866899,3.644219,336.784760
0.0582625,0.047467,-0.027455,0.954711,0.956284,3.287297,329.954651
0.0776828,0.020012,-0.031604,0.981068,0.981781,2.183551,302.342194
0.0971043,-0.016717,-0.075288,1.031342,1.034221,4.276496,257.481018
0.1165245,0.041976,-0.033434,1.010598,1.012021,3.039635,321.462280
0.1359443,0.017205,-0.031848,0.880765,0.881508,2.353516,298.379242
0.1553642,0.069065,-0.062354,1.009011,1.013293,5.268791,317.923431
0.1747849,-0.056619,-0.051128,1.047937,1.050710,4.163630,222.082581
0.1942069,-0.023795,-0.041000,0.840863,0.842198,3.226647,239.870956
0.2136289,0.067601,-0.050152,1.082469,1.085737,4.446424,323.429138
0.2330480,-0.050030,-0.044783,0.912613,0.915080,4.207939,221.832428
0.2524685,0.058205,-0.043928,0.996809,0.999473,4.184041,322.957520
0.2718880,-0.010494,-0.050884,0.973625,0.975010,3.054540,258.346985
0.2913084,0.008664,-0.041732,0.956419,0.957368,2.551673,281.728149
0.3107275,0.030018,-0.048565,1.005961,1.007580,3.248356,301.719818
0.3301478,-0.007565,-0.050518,0.935309,0.936703,3.125998,261.482758
0.3495677,0.023306,-0.042830,1.010964,1.012139,2.761304,298.553253
0.3689895,0.011958,-0.044661,0.943729,0.944861,2.804702,284.989868
0.3884109,0.006467,-0.032214,0.989610,0.990155,1.901560,281.351654
0.4078330,0.011104,-0.021598,0.967035,0.967340,1.438583,297.208801
0.4272530,0.016351,-0.015253,0.959836,0.960096,1.334569,316.990173
0.4466745,0.002807,-0.004637,0.998273,0.998288,0.310904,301.184967
0.4660951,-0.002685,0.001098,0.956663,0.956668,0.173589,157.750977
0.4855158,0.025015,-0.004027,0.981800,0.982127,1.478299,350.855225
0.5049359,-0.012324,0.006589,0.981678,0.981778,0.815654,151.868652
0.5243567,0.019280,0.006833,0.968377,0.968593,1.210146,19.515875
0.5437773,0.022940,0.007687,0.977529,0.977829,1.417755,18.526327
0.5632010,-0.002929,0.009762,0.989976,0.990028,0.589835,106.699242
0.5826231,-0.001952,0.006101,0.985583,0.985604,0.372203,107.744675
0.6020438,0.013423,0.002685,0.960080,0.960177,0.816852,11.309934
0.6214637,-0.008298,-0.001098,1.018407,1.018442,0.471469,187.539444
0.6408852,0.005857,0.003295,0.953247,0.953270,0.404452,29.357754
0.6603076,0.005125,0.005247,0.960568,0.960596,0.437455,45.674038
0.6797299,0.015497,0.009274,1.007181,1.007343,1.027173,30.897360
0.6991524,0.002807,0.006345,0.955809,0.955834,0.416371,66.139832
0.7185743,0.013301,0.004881,0.977407,0.977510,0.830630,20.151747
0.7379944,0.004515,0.006223,0.992294,0.992324,0.444114,54.039482
0.7574159,0.008420,0.006833,0.958738,0.958799,0.648007,39.062588
0.7768381,0.005491,-0.002929,0.978993,0.979013,0.364232,331.927521
0.7962601,-0.028431,-0.003417,0.984485,0.984901,1.666126,186.852463
0.8156808,0.033068,0.012812,0.948854,0.949516,2.140460,21.179052
0.8351017,-0.002807,-0.017083,0.999982,1.000131,0.991895,260.670471
0.8545238,-0.038681,-0.005613,0.971794,0.972580,2.303333,188.256577
0.8739464,0.004271,-0.008786,0.988267,0.988316,0.566482,295.924896
0.8933690,-0.007077,-0.016473,0.966303,0.966469,1.062936,246.750214
0.9127891,-0.039536,-0.004515,0.968622,0.969439,2.352518,186.514816
0.9322095,0.001220,-0.002929,0.982044,0.982049,0.185575,292.619873
0.9516314,-0.002196,-0.013301,0.989976,0.990067,0.780093,260.622955
0.9710520,-0.012812,0.002929,0.970574,0.970663,0.775817,167.125000
0.9904732,-0.003417,0.000244,0.990220,0.990226,0.198810,175.914383
1.0098920,0.005247,-0.007077,0.959470,0.959510,0.526376,306.552460
1.0293136,-0.004637,-0.004515,0.978750,0.978771,0.378976,224.236099
1.0487336,0.002685,-0.000122,0.982532,0.982536,0.157018,357.397430
1.0681524,-0.001098,-0.011958,0.974601,0.974675,0.705821,264.752869
1.0875703,-0.015253,-0.008298,0.980458,0.980612,1.014521,208.546188
1.1069900,0.007077,-0.001830,0.976187,0.976214,0.429328,345.499847
1.1264092,-0.000122,-0.009274,0.973625,0.973669,0.545722,269.246155
1.1458277,-0.017205,-0.006711,0.964473,0.964649,1.097001,201.309311
1.1652443,-0.001220,-0.005247,0.983020,0.983035,0.314035,256.908112
1.1846634,-0.006345,-0.007199,0.975089,0.975136,0.563712,228.608475
1.2040814,-0.010128,-0.010372,0.968134,0.968242,0.857978,225.682053
1.2235007,-0.001098,-0.001708,0.986681,0.986683,0.117034,237.264771
1.2429202,0.002562,-0.006223,0.977773,0.977796,0.394161,292.380127
1.2623391,-0.026235,-0.010128,0.971550,0.971957,1.658002,201.108902
1.2817577,-0.004881,-0.002929,0.985949,0.985965,0.331022,210.963760
1.3011785,0.002196,-0.006467,0.980336,0.980359,0.399095,288.758667
1.3205955,-0.017449,-0.013057,0.969110,0.969355,1.288160,216.805740
1.3400134,0.000976,-0.002562,0.985095,0.985098,0.159490,290.854462
1.3594327,0.012080,-0.016351,0.970940,0.971153,1.199426,306.457214
1.3788533,-0.015863,-0.012812,0.968988,0.969202,1.205447,218.927551
1.3982738,-0.001830,-0.013423,0.989488,0.989580,0.784345,262.234833
1.4176950,0.016961,-0.015497,0.966913,0.967186,1.361138,317.583008
1.4371145,-0.022940,-0.023551,0.977285,0.977838,1.926712,225.751862
1.4565338,0.003295,-0.012934,0.972160,0.972252,0.786587,284.290314
1.4759547,-0.016717,-0.032824,0.980824,0.981515,2.150768,243.010544
1.4953774,0.005125,-0.012446,0.961910,0.962004,0.801619,292.380127
1.5147977,0.000000,-0.027943,1.000226,1.000616,1.600100,270.000000
1.5342181,0.001586,-0.003417,0.957151,0.957159,0.225554,294.904785
1.5536380,0.004759,-0.010250,0.970818,0.970884,0.667053,294.904785
1.5730586,-0.010982,-0.024039,0.990464,0.990816,1.528415,245.446579
1.5924791,-0.017693,-0.001464,0.965205,0.965368,1.053692,184.730942
1.6118983,0.013911,-0.004881,0.965937,0.966050,0.874245,340.665192
1.6313192,-0.010616,0.003661,0.991196,0.991260,0.648912,160.974396
1.6507400,-0.002807,-0.000976,0.978139,0.978144,0.174713,199.179016
1.6701607,-0.014887,0.005491,0.985095,0.985223,0.922809,159.753372
1.6895815,-0.016717,0.008786,0.974357,0.974540,1.110299,152.275940
1.7090019,-0.017449,0.012934,0.979604,0.979844,1.270108,143.451981
1.7284232,-0.019890,0.010494,0.978750,0.979008,1.316261,152.183548
1.7478427,-0.011348,0.019402,0.983386,0.983643,1.309404,120.323601
1.7672640,-0.016107,0.030262,0.981312,0.981911,2.000761,118.024506
1.7866849,-0.008908,0.032092,0.985095,0.985658,1.936338,105.512878
1.8061062,-0.030018,0.032946,0.959470,0.960504,2.659695,132.337006
1.8255262,-0.023551,0.052348,0.989488,0.991151,3.320069,114.222191
1.8449461,-0.012934,0.056741,0.991562,0.993268,3.358938,102.841537
1.8643668,-0.012446,0.055521,0.974723,0.976382,3.340761,102.635429
1.8837874,-0.015497,0.069187,0.982532,0.985087,4.127443,102.625069
1.9032091,-0.014399,0.066381,0.979604,0.981956,3.966448,102.238533
1.9226309,-0.021842,0.073458,0.981800,0.984787,4.463264,106.559433
1.9420509,-0.013301,0.080291,0.982776,0.986140,4.733959,99.405830
1.9614711,-0.018914,0.085782,0.985827,0.989733,5.091930,102.433846
1.9808933,-0.013545,0.088345,0.980580,0.984645,5.207970,98.716423
2.0003152,-0.016107,0.096765,0.982898,0.987781,5.699389,99.450607
2.0197353,-0.018059,0.098717,0.986681,0.991771,5.807583,100.367157
2.0391557,-0.020378,0.103842,0.980092,0.985788,6.162462,101.102623
2.0585759,-0.018670,0.103964,0.984363,0.990013,6.124679,100.180519
2.0779974,-0.014155,0.106038,0.984851,0.990644,6.199414,97.603279
2.0974185,-0.013667,0.107381,0.993270,0.999151,6.219557,97.253197
2.1168394,-0.018914,0.102622,0.982776,0.988301,6.060874,100.442680
2.1362593,-0.015863,0.109089,0.987535,0.993669,6.369444,98.273613
2.1556828,-0.014887,0.105306,0.984240,0.989970,6.167232,98.046432
2.1751056,-0.017083,0.104086,0.993026,0.998612,6.063171,99.320663
2.1945271,-0.017937,0.100913,0.987413,0.992719,5.926189,100.079109
2.2139468,-0.010616,0.099815,0.985827,0.990924,5.813891,96.070984
2.2333679,-0.007809,0.099205,0.988023,0.993022,5.751320,94.501083
2.2527895,-0.019646,0.098595,0.982654,0.987783,5.841471,101.269020
2.2722125,-0.005735,0.098473,0.986315,0.991235,5.711069,93.333160
2.2916312,-0.015863,0.090419,0.973625,0.977943,5.386306,99.950630
2.3110516,-0.016351,0.096398,0.985827,0.990664,5.664135,99.626900
2.3304722,-0.009640,0.089687,0.980946,0.985085,5.253894,96.134766
2.3498938,-0.020378,0.087247,0.978872,0.982963,5.229671,103.146690
2.3693149,-0.007565,0.089931,0.985583,0.989706,5.231956,94.808678
2.3887372,-0.020134,0.086515,0.974845,0.978883,5.206352,103.100807
2.4081578,-0.020134,0.084928,0.980092,0.983971,5.089043,103.336838
2.4275789,-0.026113,0.085538,0.978505,0.982584,5.222322,106.976288
2.4470024,-0.020500,0.085660,0.984973,0.988903,5.109982,103.458687
2.4664249,-0.028187,0.084318,0.969964,0.974030,5.236972,108.484688
2.4858451,-0.021720,0.090663,0.985095,0.989497,5.406351,103.472397
2.5052667,-0.023795,0.082244,0.973502,0.977260,5.026093,106.136078
2.5246882,-0.031604,0.087369,0.978139,0.982542,5.425998,109.886665
2.5441093,-0.021354,0.088345,0.971916,0.976157,5.342508,103.588486
2.5635297,-0.025381,0.084196,0.972038,0.976008,5.169338,106.775391
2.5829506,-0.025869,0.081146,0.990220,0.993876,4.915936,107.682129
2.6023693,-0.023062,0.078339,0.981434,0.984826,4.756499,106.404037
2.6217895,-0.021598,0.075044,0.987047,0.990131,4.523593,106.056076
2.6412096,-0.020256,0.080169,0.988267,0.991721,4.782826,104.179787
2.6606314,-0.019646,0.078095,0.989610,0.992881,4.652148,104.120468
2.6800520,-0.020988,0.074678,0.993148,0.996173,4.466115,105.697792
2.6994739,-0.018059,0.069675,0.996931,0.999526,4.129578,104.530975
2.7188947,-0.007809,0.074312,0.974967,0.977826,4.382578,95.999214
2.7383153,-0.016473,0.067967,0.990952,0.993417,4.036869,103.624054
2.7577345,-0.010616,0.074068,0.999615,1.002412,4.280845,98.156532
2.7771568,0.001830,0.066137,0.982166,0.984392,3.853817,88.414726
2.7965765,-0.010982,0.071506,0.981800,0.984462,4.214217,98.731468
2.8159993,0.005613,0.076143,0.990464,0.993402,4.407889,85.783897
2.8354213,-0.008176,0.071384,0.983264,0.985886,4.179358,96.533615
2.8548434,0.004393,0.070041,0.978017,0.980532,4.104319,86.411240
2.8742652,-0.005857,0.074556,0.983386,0.986226,4.348931,94.491913
2.8936889,-0.005979,0.070530,0.974723,0.977289,4.153458,94.845665
2.9131103,-0.002807,0.063452,0.980214,0.982269,3.707395,92.532585
2.9325321,-0.017571,0.064794,0.975577,0.977884,3.936615,105.172913
2.9519522,-0.006101,0.066747,0.980824,0.983111,3.909210,95.222763
2.9713743,-0.011958,0.062720,0.980214,0.982291,3.726886,100.794540
2.9907947,-0.018792,0.066015,0.984363,0.986753,3.988603,105.889427
3.0102158,-0.014643,0.073702,0.986925,0.989782,4.354017,101.236946
3.0296373,-0.022696,0.068211,0.979482,0.982116,4.197640,108.404198
3.0490603,-0.041244,0.068089,0.972526,0.975779,4.679563,121.204742
3.0684834,-0.024893,0.079071,0.968255,0.971798,4.893448,107.474770
3.0879061,-0.037583,0.072482,0.984363,0.987743,4.741484,117.407578
3.1073284,-0.030140,0.070896,0.994369,0.997348,4.430007,113.031761
3.1267498,-0.035509,0.076021,0.985461,0.989026,4.866591,115.037025
3.1461709,-0.038803,0.083464,0.943851,0.948328,5.569824,114.934296
3.1655929,-0.039780,0.053934,0.948976,0.951339,4.039536,126.410873
3.1850128,-0.018059,0.075288,1.052086,1.054930,4.208823,103.488708
3.2044351,-0.043440,0.068699,0.940312,0.943819,4.940424,122.306267
3.2238555,-0.014643,0.056131,1.000226,1.001906,3.319184,104.620872
3.2432790,-0.029774,0.094080,0.965937,0.970964,5.833009,107.561127
3.2626991,-0.003661,0.066869,0.987901,0.990169,3.878129,93.133499
3.2821207,-0.064672,0.073336,0.934211,0.939314,5.975074,131.407898
3.3015423,-0.033068,0.085904,0.967889,0.972257,5.432675,111.053871
3.3209653,-0.017205,0.053934,0.982898,0.984527,3.296456,107.692917
3.3403878,-0.053690,0.068089,0.947267,0.951228,5.230158,128.256851
3.3598104,-0.033190,0.083952,0.992416,0.996514,5.197613,111.571304
3.3792322,0.000122,0.054788,0.961910,0.963469,3.259967,89.872391
3.3986530,-0.083220,0.071506,0.955687,0.961965,6.549338,139.329590
3.4180753,-0.036119,0.061988,1.010720,1.013263,4.060232,120.228378
3.4374964,-0.017815,0.056375,0.944095,0.945944,3.583373,107.537437
3.4569178,-0.051982,0.065527,0.958860,0.962501,4.985309,128.424835
3.4763396,-0.013545,0.072116,0.992782,0.995490,4.227070,100.637215
3.4957604,-0.015131,0.055399,0.966059,0.967764,3.401969,105.276474
3.5151830,-0.033678,0.062964,0.960934,0.963583,4.249759,118.141602
3.5346050,-0.027821,0.069309,0.994002,0.996804,4.296873,111.870941
3.5540266,-0.007199,0.055277,0.972770,0.974366,3.279606,97.420593
3.5734475,-0.026601,0.054056,0.977651,0.979506,3.526367,116.201767
3.5928702,-0.006467,0.056009,0.999005,1.000595,3.230164,96.586685
3.6122921,0.011104,0.043684,0.985339,0.986369,2.619129,75.738037
3.6317143,0.006833,0.050152,0.996199,0.997484,2.908518,82.241058
3.6511354,-0.005003,0.048443,0.995955,0.997145,2.799462,95.896294
3.6705582,0.025625,0.044050,1.000592,1.001889,2.915711,59.812687
3.6899788,0.013301,0.043806,1.000226,1.001273,2.620623,73.110596
3.7094011,0.006589,0.045515,0.999615,1.000673,2.634182,81.762398
3.7288220,0.016595,0.052348,0.984485,0.986015,3.192672,72.410538
3.7482452,-0.003661,0.045515,0.994491,0.995538,2.628901,94.598343
3.7676661,-0.005125,0.036851,0.989732,0.990431,2.152769,97.917503
3.7870886,-0.020134,0.040756,0.988023,0.989069,2.634331,116.289925
3.8065104,-0.019158,0.040634,0.988511,0.989532,2.602034,115.242538
3.8259342,-0.036973,0.036485,0.973014,0.974400,3.055821,135.380692
3.8453565,-0.027821,0.053080,0.994979,0.996782,3.446908,117.660744
3.8647790,-0.030506,0.038803,0.982654,0.983893,2.875555,128.173141
3.8842003,-0.033068,0.047345,0.980702,0.982401,3.370052,124.932518
3.9036229,-0.024039,0.056497,0.989121,0.991025,3.551981,113.049072
3.9230433,-0.026113,0.046247,0.974967,0.976412,3.118034,119.450974
3.9424653,-0.025625,0.055399,0.968134,0.970056,3.607606,114.823143
3.9618874,-0.022818,0.061134,0.982166,0.984331,3.801069,110.468262
3.9813097,-0.019524,0.057473,0.966425,0.968329,3.593903,108.762764
4.0007319,-0.016107,0.050152,0.964839,0.966276,3.124870,107.805351
4.0201550,-0.019768,0.049786,0.985827,0.987281,3.110176,111.655991
4.0395765,-0.019402,0.056985,0.999738,1.001548,3.445772,108.802223
4.0589986,-0.014887,0.052836,0.972770,0.974318,3.229739,105.735458
4.0784197,-0.023306,0.056619,0.970452,0.972382,3.610102,112.373924
4.0978436,-0.008420,0.052958,0.968011,0.969496,3.170644,99.033630
4.1172662,-0.024649,0.041610,0.964351,0.965563,2.870990,120.641457
4.1366887,0.000244,0.042220,0.979482,0.980391,2.468231,89.668816
4.1561103,-0.002562,0.048809,0.966181,0.967417,2.895905,93.005272
4.1755342,0.013423,0.045271,0.989488,0.990614,2.732085,73.485123
4.1949553,0.009640,0.038559,0.984485,0.985287,2.311899,75.963753
4.2143769,-0.007199,0.050884,0.960690,0.962064,3.062029,98.053146
4.2337980,-0.006711,0.051006,0.966547,0.967915,3.046775,97.495857
4.2532210,-0.018670,0.029774,0.931404,0.932067,2.160754,122.089737
4.2726431,-0.027211,0.028309,0.961178,0.961980,2.339419,133.866821
4.2920656,-0.029896,0.029408,0.980946,0.981842,2.447926,135.471558
4.3114886,-0.029774,0.045881,0.980702,0.982226,3.192121,122.980995
4.3309107,-0.034899,0.034289,0.959958,0.961204,2.917590,135.505234
4.3503313,-0.031360,0.029652,0.959714,0.960684,2.574887,136.603867
4.3697519,-0.044417,0.033190,0.970330,0.971913,3.270460,143.230972
4.3891730,-0.040756,0.036607,0.969232,0.970779,3.235009,138.069702
4.4085946,-0.033434,0.045149,0.974601,0.976219,3.299128,126.521446
4.4280162,-0.040024,0.044661,0.965693,0.967553,3.553579,131.865891
4.4474387,-0.039292,0.057229,0.950562,0.953093,4.176826,124.472214
4.4668593,-0.022452,0.067601,0.968866,0.971481,4.204865,108.372871
4.4862804,-0.044905,0.045027,0.963375,0.965471,3.776520,134.922256
4.5057011,-0.030994,0.060158,0.971550,0.973904,3.984428,117.258110
4.5251236,-0.018059,0.057229,0.990464,0.992280,3.467240,107.513870
4.5445457,-0.015375,0.034167,0.986681,0.987392,2.174569,114.227745
4.5639682,-0.017327,0.050762,0.987779,0.989235,3.108224,108.847137
4.5833902,0.001708,0.042708,1.003886,1.004796,2.438071,87.709389
4.6028128,-0.008542,0.032336,0.987413,0.987979,1.939973,104.796761
4.6222329,-0.010738,0.040146,1.003154,1.004014,2.372071,104.974770
4.6416550,-0.005003,0.027699,1.004130,1.004525,1.605716,100.238197
4.6610765,-0.009030,0.016229,0.994979,0.995152,1.069360,119.091164
4.6804981,-0.008664,0.024405,1.001446,1.001781,1.481473,109.544861
4.6999187,0.003783,0.027699,0.995467,0.995859,1.608638,82.223572
4.7193403,0.006711,0.014643,0.974235,0.974368,0.947294,65.376442
4.7387609,-0.000488,0.019158,0.985095,0.985281,1.114520,91.459450
4.7581830,0.007077,0.011836,0.973503,0.973600,0.811565,59.123184
4.7776046,0.005247,0.015009,0.970452,0.970582,0.938578,70.730705
4.7970262,0.006711,0.007199,0.965937,0.965987,0.583833,47.009556
4.8164477,0.000488,-0.006345,0.963863,0.963884,0.377942,274.398712
4.8358679,-0.012202,0.006833,0.984240,0.984340,0.814213,150.751175
4.8552871,-0.023184,0.010006,0.969720,0.970048,1.491610,156.655991
4.8747072,-0.030262,-0.013789,0.962642,0.963217,1.978530,204.496155
4.8941283,-0.036485,-0.010494,0.970818,0.971560,2.239395,196.046585
4.9135489,-0.032702,0.005979,0.987657,0.988217,1.927829,169.638718
4.9329705,-0.053446,-0.013179,0.969720,0.971281,3.248958,193.851425
4.9523935,-0.027577,-0.018670,0.973259,0.973828,1.959746,214.097656
4.9718146,-0.067723,-0.007077,0.973259,0.975638,4.002033,185.966003
4.9912376,-0.052592,-0.012446,0.975455,0.976951,3.171200,193.314590
5.0106597,-0.058083,-0.024649,0.964473,0.966535,3.743033,202.994904
5.0300808,-0.072238,-0.015375,0.975089,0.977882,4.331467,192.015427
5.0495014,-0.065893,-0.008664,0.977041,0.979299,3.891336,187.490372
5.0689249,-0.052348,-0.000976,0.979604,0.981002,3.059343,181.068329
5.0883455,-0.048687,0.006467,0.973258,0.974497,2.888934,172.433578
5.1077666,-0.046735,0.011226,0.980092,0.981270,2.807562,166.492950
5.1271873,-0.037705,0.015619,0.995467,0.996303,2.347687,157.498734
5.1466088,-0.043562,0.020256,0.982898,0.984072,2.798273,155.062241
5.1660290,-0.062110,0.038071,0.978628,0.981335,4.257310,148.493088
5.1854506,-0.038925,0.021110,0.966425,0.967439,2.623460,151.528152
5.2048707,-0.062232,0.013301,0.953857,0.955977,3.816852,167.935928
5.2242904,-0.049419,0.040512,0.975333,0.977424,3.748574,140.656708
5.2437100,-0.038437,0.039902,0.978017,0.979585,3.242263,133.929169
5.2631311,-0.043562,0.039292,0.981312,0.983064,3.421138,137.950775
5.2825513,-0.031360,0.035997,0.984485,0.985642,2.776362,131.061935
5.3019719,-0.029530,0.029164,0.982410,0.983286,2.419132,135.357346
5.3213935,-0.046857,0.044783,0.987779,0.989904,3.754211,136.296753
5.3408136,-0.030018,0.046491,0.989488,0.991034,3.201123,122.849083
5.3602333,-0.019890,0.034411,0.985339,0.986140,2.309866,120.028519
5.3796539,-0.027455,0.039292,0.989854,0.991014,2.772341,124.944221
5.3990750,-0.021964,0.044539,1.000836,1.002067,2.840625,116.250244
5.4184976,-0.019524,0.032336,0.983752,0.984477,2.198913,121.122467
5.4379177,-0.024039,0.046491,0.987779,0.989165,3.033059,117.341690
5.4573407,-0.024405,0.040634,0.984485,0.985625,2.756479,120.989052
5.4767642,-0.023184,0.041976,0.993148,0.994305,2.764280,118.912994
5.4961858,-0.015741,0.019890,0.979848,0.980176,1.482793,128.358475
5.5156054,-0.031970,0.024283,0.988267,0.989082,2.326247,142.781799
5.5350289,-0.045271,0.044905,0.970208,0.972301,3.760152,135.232590
5.5544505,-0.039170,0.029530,0.972770,0.974006,2.886765,142.987579
5.5738721,-0.047223,0.023062,0.972648,0.974067,3.092818,153.970413
5.5932913,-0.033312,0.034045,0.975943,0.977105,2.794143,134.377243
5.6127105,-0.039292,0.014643,0.966181,0.967090,2.484986,159.561050
5.6321292,-0.058205,0.022818,0.973014,0.975021,3.676315,158.593155
5.6515498,-0.051250,0.020500,0.970330,0.971899,3.255821,158.198593
5.6709714,-0.053568,0.014521,0.973136,0.974718,3.264228,164.833267
5.6903925,-0.061256,0.019280,0.988023,0.990108,3.718786,162.529068
5.7098117,-0.060036,0.003661,0.968866,0.970731,3.552367,176.510681
5.7292328,-0.056741,0.013179,0.979604,0.981334,3.403005,166.924423
5.7486534,-0.057595,0.018914,0.987779,0.989638,3.511901,161.820343
5.7680740,-0.056619,0.008786,0.974845,0.976527,3.363656,171.179626
5.7874961,-0.063818,0.008786,0.992416,0.994505,3.714044,172.161514
5.8069191,-0.049541,0.001830,0.990952,0.992191,2.864027,177.884125
5.8263397,-0.057351,0.014033,0.993514,0.995267,3.400991,166.250946
5.8457623,-0.054788,0.000976,0.971306,0.972851,3.228951,178.979248
5.8651814,-0.043562,0.004027,0.981556,0.982530,2.551980,174.718765
5.8846011,-0.039902,0.009396,0.979238,0.980095,2.397106,166.749710
5.9040208,-0.057351,-0.001708,0.976919,0.978603,3.361268,181.706177
5.9234390,-0.051738,0.006955,0.994247,0.995616,3.005568,172.343399
5.9428563,-0.055155,-0.006467,0.978139,0.979715,3.249380,186.687775
5.9622760,-0.063086,0.004515,0.985339,0.987367,3.672692,175.906509
5.9816952,-0.051006,0.010982,0.977041,0.978433,3.056718,167.849091
6.0011153,-0.072238,-0.005369,0.969232,0.971935,4.274160,184.250656
6.0205340,-0.083708,0.009762,0.971306,0.974955,4.958830,173.348328
6.0399528,-0.044417,0.006223,0.977895,0.978923,2.625996,172.024216
6.0593715,-0.051494,0.001342,0.970818,0.972184,3.037251,178.506851
6.0787911,-0.057717,0.004271,0.970940,0.972663,3.411223,175.768066
6.0982113,-0.046979,0.009884,0.981922,0.983095,2.799043,168.118835
6.1176310,-0.045271,0.003051,0.983508,0.984554,2.641380,176.144928
6.1370525,-0.056375,0.006833,0.976431,0.978081,3.328432,173.088776
6.1564727,-0.033556,0.007565,0.983630,0.984232,2.002911,167.294830
6.1758924,-0.046857,0.002318,0.968255,0.969391,2.773964,177.167358
6.1953120,-0.036607,0.016473,0.979970,0.980792,2.345685,155.772263
6.2147307,-0.047955,0.010494,0.980580,0.981808,2.865940,167.656570
6.2341509,-0.038681,0.007809,0.969964,0.970766,2.329694,168.585831
6.2535691,-0.051250,0.014643,0.991196,0.992628,3.078034,164.054596
6.2729888,-0.053812,0.002562,0.983996,0.985470,3.133816,177.273682
6.2924066,-0.051860,0.009762,0.997785,0.999180,3.027374,169.339645
6.3118272,-0.047223,0.010616,0.990708,0.991890,2.797014,167.330185
6.3312469,-0.068089,0.011958,0.983630,0.986057,4.020244,170.038895
6.3506670,-0.041732,-0.002685,0.990464,0.991346,2.417594,183.680618
6.3700852,-0.067357,0.009640,0.997907,1.000224,3.900685,171.855362
6.3895035,-0.061988,0.001220,0.988999,0.990941,3.587141,178.872269
6.4089227,-0.043562,0.006955,0.988755,0.989739,2.554586,170.928497
6.4283438,-0.052958,0.007077,0.962154,0.963637,3.178353,172.388062
6.4477639,-0.059791,0.012080,0.978750,0.980649,3.566284,168.577682
6.4671841,-0.056131,0.001342,0.979238,0.980846,3.281575,178.630142
6.4866033,-0.062720,0.002929,0.976919,0.978935,3.677487,177.326660
6.5060244,-0.068577,0.012446,0.974113,0.976603,4.092516,169.713104
6.5254455,-0.063940,-0.002196,0.971672,0.973776,3.767124,181.967407
6.5448685,-0.063818,0.011714,0.968744,0.970914,3.831854,169.598770
6.5642900,-0.084440,0.010860,0.951416,0.955218,5.113394,172.671265
6.5837107,-0.066381,-0.010494,0.965449,0.967785,3.981970,188.983444
6.6031299,-0.061744,0.011348,0.971062,0.973089,3.698935,169.585587
6.6225481,-0.056741,0.008786,0.971550,0.973245,3.382172,171.198288
6.6419663,-0.041854,0.005003,0.979116,0.980023,2.465137,173.183578
6.6613865,-0.039536,0.000244,0.960080,0.960894,2.358168,179.646332
6.6808076,-0.040024,0.018914,0.977285,0.978287,2.593519,154.706406
6.7002296,-0.031482,0.006467,0.983142,0.983667,1.872312,168.391434
6.7196503,-0.030018,0.001708,0.963253,0.963722,1.787831,176.742783
6.7390709,-0.022208,0.005247,0.972038,0.972306,1.344794,166.706848
6.7584896,-0.015619,0.000488,0.960934,0.961061,0.931672,178.210083
6.7779093,-0.018426,0.004759,0.978628,0.978813,1.113994,165.518234
6.7973299,-0.026235,-0.001464,0.989121,0.989470,1.521614,183.194595
6.8167524,-0.026601,-0.000488,0.981434,0.981795,1.552804,181.051178
6.8361754,-0.029530,-0.007077,0.994491,0.994954,1.748876,193.477829
6.8555965,-0.030140,-0.018426,0.972282,0.972924,2.080837,211.438950
6.8750172,-0.031482,-0.015863,0.988755,0.989384,2.041910,206.742432
6.8944392,-0.035753,-0.014399,0.984607,0.985361,2.241754,201.936142
6.9138598,-0.057961,-0.036729,0.978261,0.980665,4.012345,212.361786
6.9332809,-0.056619,-0.032214,0.989244,0.991386,3.767488,209.638382
6.9527016,-0.054422,-0.040268,0.971062,0.973419,3.988063,216.498123
6.9721236,-0.031970,-0.031726,0.970696,0.971740,2.656676,224.780472
6.9915438,-0.067601,-0.052714,0.949830,0.953691,5.157119,217.946518
7.0109653,-0.042708,-0.050518,0.971794,0.974043,3.894153,229.788467
7.0303869,-0.018304,-0.043562,0.973380,0.974527,2.779181,247.209412
7.0498099,-0.050884,-0.052470,0.947023,0.949840,4.413307,225.879318
7.0692301,-0.010128,-0.058937,0.957883,0.959748,3.572319,260.249390
7.0886483,-0.032336,-0.055277,0.952148,0.954300,3.847816,239.672836
7.1080661,-0.012324,-0.066869,0.954345,0.956764,4.075301,259.557190
7.1274862,-0.007199,-0.055155,0.963008,0.964613,3.305708,262.563171
7.1469064,-0.013667,-0.068943,0.943851,0.946464,4.258736,258.787598
7.1663280,0.020256,-0.069797,0.951294,0.954066,4.368791,286.183258
7.1857486,0.021354,-0.060646,0.948610,0.950786,3.877473,289.397797
7.2051706,0.029408,-0.073214,0.942997,0.946292,4.782744,291.883667
7.2245917,0.038193,-0.070896,0.964351,0.967707,4.773478,298.312531
7.2440128,0.039536,-0.056131,0.962887,0.965331,4.078424,305.158875
7.2634330,0.055521,-0.078705,0.960080,0.964899,5.728853,305.200134
7.2828536,0.052470,-0.077363,0.969720,0.974215,5.506126,304.146423
7.3022747,0.057229,-0.061378,0.976309,0.979909,4.912787,312.996643
7.3216968,0.064428,-0.074800,0.969110,0.974125,5.816587,310.739563
7.3411174,0.063940,-0.074068,0.979970,0.984843,5.702036,310.802795
7.3605394,0.051250,-0.065038,0.978017,0.981516,4.839465,308.237854
7.3799605,0.065893,-0.076875,0.983386,0.988585,5.878500,310.601288
7.3993835,0.062964,-0.084074,0.979970,0.985583,6.117889,306.829956
7.4188051,0.060158,-0.061500,0.991806,0.995530,4.957487,314.367889
7.4382277,0.049053,-0.087491,0.976553,0.981691,5.864411,299.278015
7.4576488,0.061012,-0.093592,0.979604,0.985954,6.506412,303.099945
7.4770722,0.049664,-0.074312,0.985705,0.989749,5.181189,303.755157
7.4964943,0.069309,-0.082732,0.958860,0.964915,6.422083,309.954865
7.5159149,0.056253,-0.076875,0.952881,0.957630,5.708838,306.194641
7.5353360,0.078339,-0.085782,0.955321,0.962359,6.933331,312.403229
7.5547576,0.078705,-0.053812,0.969598,0.974274,5.615973,325.638763
7.5741792,0.074434,-0.078583,0.943729,0.949916,6.542868,313.446899
7.5936012,0.077851,-0.078217,0.955809,0.962159,6.586153,314.865601
7.6130242,0.090297,-0.075654,0.952758,0.960014,7.048429,320.042450
7.6324472,0.079925,-0.072360,0.969354,0.975331,6.346531,317.844086
7.6518688,0.082366,-0.074190,0.953491,0.959913,6.631434,317.989349
7.6712928,0.086026,-0.084928,0.950318,0.957976,7.249413,315.368073
7.6907115,0.101645,-0.065771,0.972770,0.980275,7.094424,327.094757
7.7101321,0.084440,-0.072604,0.956419,0.962881,6.641393,319.310181
7.7295527,0.104818,-0.078705,0.962276,0.971163,7.756865,323.098114
7.7489743,0.109333,-0.070041,0.970818,0.979463,7.617931,327.355347
7.7683945,0.101645,-0.058693,0.963375,0.970498,6.946475,329.996521
7.7878151,0.109577,-0.074068,0.958371,0.967455,7.857578,325.943420
7.8072362,0.104940,-0.073946,0.973380,0.981809,7.513191,324.829529
7.8266582,0.108235,-0.061012,0.964717,0.972685,7.338770,330.590149
7.8460793,0.104208,-0.074556,0.968988,0.977423,7.532702,324.417908
7.8655014,0.106770,-0.082000,0.981068,0.990262,7.813489,322.475739
7.8849235,0.104330,-0.065283,0.990464,0.998081,7.083078,327.964508
7.9043446,0.115068,-0.076875,0.970452,0.980269,8.115563,326.253876
7.9237628,0.117020,-0.081756,0.969598,0.980050,8.375315,325.060150
7.9431834,0.118607,-0.073336,0.975943,0.985855,8.131683,328.270966
7.9626045,0.111407,-0.074922,0.965083,0.974377,7.919833,326.078857
7.9820266,0.133616,-0.090419,0.973258,0.986540,9.412167,325.913300
8.0014477,0.137154,-0.083586,0.980458,0.993527,9.303476,328.640594
8.0208693,0.126416,-0.082244,0.960202,0.971974,8.926275,326.952820
8.0402908,0.163633,-0.086149,0.966913,0.984438,10.827274,332.234406
8.0597124,0.143011,-0.105428,0.954955,0.971342,10.539542,323.602295
8.0791321,0.150455,-0.079193,0.976797,0.991484,9.874124,332.239532
8.0985518,0.169857,-0.093226,0.965327,0.984580,11.349477,331.239807
8.1179724,0.180839,-0.091029,0.951782,0.973077,12.008630,333.280518
8.1373949,0.181083,-0.089443,0.960812,0.981810,11.871058,333.713593
8.1568146,0.184743,-0.078827,0.971672,0.992215,11.679312,336.892822
8.1762352,0.209148,-0.086026,0.957639,0.983980,13.287126,337.641724
8.1956549,0.203535,-0.090785,0.964107,0.989530,13.015946,335.961060
8.2150755,0.210856,-0.079437,0.965571,0.991513,13.135349,339.356812
8.2344952,0.223303,-0.080413,0.956785,0.985783,13.931597,340.195587
8.2539167,0.239898,-0.090541,0.966181,0.999627,14.863129,339.322693
8.2733374,0.235261,-0.079803,0.962032,0.993591,14.479296,341.262482
8.2927589,0.237457,-0.074800,0.974357,1.005660,14.333121,342.515320
8.3121786,0.237580,-0.101157,0.967523,1.001388,14.943147,336.936493
8.3315983,0.239532,-0.082000,0.983142,1.015218,14.441042,341.102234
8.3510180,0.259910,-0.072482,0.953735,0.991169,15.797067,344.417633
8.3704395,0.233309,-0.090907,0.960446,0.992549,14.612091,338.711914
8.3898592,0.259544,-0.085416,0.974479,1.012061,15.663161,341.783508
8.4092808,0.239654,-0.051860,0.970452,1.000950,14.179954,347.789734
8.4287024,0.245267,-0.084562,0.949708,0.984506,15.278918,340.977020
8.4481239,0.185476,-0.039780,0.963131,0.981633,11.142086,347.894958
8.4675417,0.237702,-0.035875,0.956053,0.985813,14.114058,351.417450
8.4869595,0.194383,-0.042220,0.997175,1.016821,11.281230,347.745667
8.5063791,0.215371,-0.044172,0.977895,1.002305,12.670791,348.409424
8.5257998,0.207562,-0.035875,0.985583,1.007840,12.063787,350.193909
8.5452204,0.205243,-0.016351,0.992660,1.013788,11.717916,355.445038
8.5646420,0.185354,-0.030750,0.966547,0.984640,11.000525,350.580505
8.5840635,0.196702,-0.025137,0.995467,1.015026,11.266102,352.717560
8.6034851,0.177422,-0.005369,0.983508,0.999398,10.230585,358.266693
8.6229048,0.211955,-0.014643,0.961300,0.984498,12.462755,356.048035
8.6423264,0.188892,-0.014155,0.962276,0.980743,11.136147,355.714539
8.6617479,0.177544,0.000366,0.962642,0.978878,10.449902,0.118135
8.6811705,0.204389,-0.018914,0.972282,0.993713,11.920909,354.713074
8.7005911,0.200118,-0.022818,0.957639,0.978592,11.877582,353.494965
8.7200127,0.192919,-0.004759,0.967035,0.986102,11.285454,358.586914
8.7394342,0.223669,-0.018059,0.955321,0.981322,13.218659,355.383850
8.7588568,0.214761,-0.051860,0.939580,0.965206,13.232199,346.424255
8.7782755,0.207074,-0.002807,1.001202,1.022395,11.686480,359.223511
8.7976980,0.236115,-0.032458,0.953247,0.982590,14.037613,352.172729
8.8171186,0.221716,-0.032580,0.960202,0.986006,13.136868,351.640472
8.8365421,0.226353,-0.016229,0.975943,1.001980,13.090281,355.899017
8.8559628,0.208050,-0.017571,0.947756,0.970481,12.423814,355.172394
8.8753834,0.236603,-0.029164,0.959226,0.988406,13.956808,352.973206
8.8948030,0.191943,-0.017571,0.954711,0.973973,11.413956,354.769440
8.9142218,0.229892,0.025991,0.961056,0.988511,13.535359,6.450318
8.9336433,0.198898,-0.021964,0.923229,0.944666,12.229531,353.698395
8.9530649,0.185476,0.002440,0.940556,0.958673,11.156409,0.753848
8.9724855,0.189380,0.008908,0.954711,0.973354,11.231859,2.692984
8.9919062,0.199996,0.000976,0.966425,0.986903,11.692126,0.279660
9.0113268,0.177666,-0.006833,0.952515,0.968966,10.573208,357.797394
9.0307465,0.184133,0.007077,0.970818,0.988151,10.747355,2.201140
9.0501661,0.202803,-0.004881,0.979848,1.000627,11.696895,358.621307
9.0695848,0.162779,-0.002562,0.979848,0.993280,9.433402,359.098114
9.0890055,0.179008,0.007687,0.997785,1.013745,10.180181,2.459044
9.1084290,0.171687,-0.009152,0.966913,0.982080,10.082604,356.948730
9.1278496,0.114702,0.009518,0.961544,0.968408,6.825789,4.743464
9.1472721,0.141303,-0.009762,0.956053,0.966488,8.427089,356.048035
9.1666918,0.110797,0.023428,0.944827,0.951590,6.834863,11.939531
9.1861124,0.168636,0.016717,0.938482,0.953659,10.235680,5.661331
9.2055330,0.119949,0.009762,0.949342,0.956939,7.224689,4.652678
9.2249546,0.111041,0.042952,0.938238,0.945762,7.231964,21.147127
9.2443752,0.166196,0.032214,0.933113,0.948345,10.283003,10.969758
9.2637959,0.116776,0.018792,0.945315,0.952686,7.131849,9.141640
9.2832174,0.088345,0.053812,0.928354,0.934099,6.358044,31.346260
9.3026371,0.108845,0.047101,0.928964,0.936504,7.275483,23.399847
9.3220587,0.128491,0.044905,0.948000,0.957721,8.170535,19.263382
9.3414783,0.117753,0.066503,0.937628,0.947330,8.207170,29.456320
9.3608990,0.126904,0.066015,0.964717,0.975265,8.434334,27.483103
9.3803205,0.144598,0.061622,0.944461,0.957451,9.448788,23.081779
9.3997412,0.095788,0.073458,0.974235,0.981685,7.063220,37.483841
9.4191618,0.120681,0.054422,1.000226,1.008948,7.539524,24.273499
9.4385815,0.091640,0.130077,1.011452,1.023891,8.940175,54.835197
9.4580050,0.163755,0.092250,0.819875,0.841143,12.911637,29.394228
9.4774256,0.088101,0.139107,0.894309,0.909341,10.432358,57.652561
9.4968472,0.055887,0.160705,0.903339,0.919223,10.666769,70.824364
9.5162687,0.127392,0.152529,0.876250,0.898503,12.778345,50.131363
9.5356903,0.132883,0.129955,0.857702,0.877610,12.227097,44.361629
9.5551119,0.101768,0.186330,0.858679,0.884536,13.887941,61.358002
9.5745325,0.206464,0.110675,0.872101,0.903015,15.035417,28.193623
9.5939541,0.204389,0.078339,0.927622,0.953097,13.277033,20.971006
9.6133766,0.205487,0.096032,0.987291,1.013011,12.938585,25.048552
9.6327982,0.385960,0.041366,0.981556,1.055523,21.577026,6.117422
9.6522207,0.378272,-0.014277,1.029755,1.097128,20.183607,357.838562
9.6716423,0.237213,-0.082488,1.098210,1.126561,12.881280,340.825562
9.6910648,0.242582,-0.053080,1.182528,1.208320,11.859348,347.657471
9.7104864,0.367656,-0.112994,1.188386,1.249079,17.934488,342.915985
9.7299080,0.235139,-0.153383,1.219013,1.250924,12.969283,326.883209
9.7493296,0.080413,-0.187550,1.298817,1.314750,8.928938,293.207581
9.7687511,0.180107,-0.219520,1.375325,1.404332,11.665385,309.367371
9.7881699,0.134470,-0.187062,1.426819,1.445299,9.172005,305.710541
9.8075905,-0.114336,-0.159485,1.384477,1.398315,8.067329,234.362915
9.8270102,-0.145208,-0.147648,1.321635,1.337761,8.905275,225.477463
9.8464317,-0.069187,-0.153627,1.313704,1.324464,7.308523,245.755219
9.8658524,-0.178520,-0.030872,1.293570,1.306195,7.972674,189.811264
9.8852730,-0.263204,0.006833,1.188996,1.217799,12.486171,178.512817
9.9046946,-0.269062,-0.090907,0.923595,0.966274,17.092587,198.668488
9.9241171,-0.279312,0.047955,0.932503,0.974616,16.904631,170.257828
9.9435377,-0.244535,0.050640,0.936163,0.968898,14.935953,168.300232
9.9629583,-0.302496,0.009030,0.741170,0.800574,22.210932,178.290192
9.9823771,-0.151065,0.071628,0.757521,0.775751,12.445732,154.631943
10.0017977,-0.064794,0.154360,0.732628,0.751511,12.871226,112.770851
10.0212202,-0.051860,0.098351,0.763744,0.771795,8.282970,117.802467
10.0406408,0.092372,0.188282,0.812432,0.839064,14.474296,63.867306
10.0600624,0.141791,0.170589,0.785465,0.816186,15.770173,50.267071
10.0794840,0.140449,0.174249,0.810113,0.840459,15.443560,51.130409
10.0989046,0.161803,0.268939,1.004374,1.052272,17.353724,58.967480
10.1183281,0.129955,0.237580,1.057088,1.091223,14.368738,61.321545
10.1377506,0.090419,0.219276,1.088449,1.113992,12.293307,67.591003
10.1571732,0.121779,0.266865,1.128106,1.165620,14.575658,65.471230
10.1765957,0.080413,0.200240,1.238903,1.257555,9.880255,68.120377
10.1960182,0.009396,0.157166,1.318951,1.328315,6.807317,86.578781
10.2154398,-0.048565,0.167172,1.158124,1.171134,8.548424,106.199158
10.2348623,-0.065038,0.087735,1.173011,1.178084,5.319129,126.549812
10.2542839,-0.089931,0.085660,1.162395,1.169011,6.098762,136.393295
10.2737036,-0.122145,0.029652,1.086008,1.093258,6.601974,166.354980
10.2931252,-0.250148,-0.012324,0.954589,0.986897,14.701104,182.820587
10.3125448,-0.254663,-0.045515,0.982166,1.015665,14.756284,190.133224
10.3319664,-0.185842,-0.039414,0.922985,0.942333,11.630591,191.973953
10.3513870,-0.195237,-0.103964,0.855018,0.883166,14.504379,208.035294
10.3708086,-0.201705,-0.163877,0.793396,0.834876,18.136797,219.092560
10.3902302,-0.090541,-0.100669,0.856482,0.867118,8.983189,228.031982
10.4096508,-0.193529,-0.149601,0.703709,0.745010,19.167484,217.704529
10.4290733,-0.079559,-0.168758,0.644283,0.670753,16.149977,244.758987
10.4484930,-0.076753,-0.115556,0.725307,0.738454,10.827711,236.407776
10.4679146,-0.049297,-0.159118,0.675643,0.695876,13.850072,252.786179
10.4873352,0.004515,-0.137886,0.714935,0.728124,10.922055,271.875397
10.5067568,-0.021476,-0.147770,0.678084,0.694331,12.419035,261.730835
10.5261784,0.007565,-0.117142,0.706027,0.715719,9.439838,273.695221
10.5455999,0.015985,-0.121535,0.748980,0.758944,9.294938,277.492889
10.5650206,0.079559,-0.100425,0.789003,0.799338,9.223346,308.387085
10.5844402,0.097009,-0.080901,0.794982,0.804955,9.028328,320.173157
10.6038599,0.118363,-0.064062,0.834274,0.845060,9.164138,331.576111
10.6232805,0.143744,-0.069675,0.886378,0.900657,10.216000,334.139618
10.6427031,0.123488,-0.029164,0.881497,0.890582,8.191007,346.712158
10.6621256,0.175958,-0.052714,0.899434,0.917999,11.542343,343.322632
10.6815453,0.125928,-0.057351,0.964229,0.974107,8.166545,335.514221
10.7009668,0.112384,-0.048077,0.987169,0.994708,7.058664,336.838959
10.7203875,0.114702,-0.077119,0.992172,1.001753,7.930707,326.085480
10.7398100,0.044417,-0.055887,0.967401,0.970032,4.220347,308.476257
10.7592316,0.082976,-0.040268,0.958494,0.962921,5.496330,334.112976
10.7786531,0.029774,-0.058693,0.974601,0.976820,3.863205,296.897614
10.7980766,-0.080535,-0.080779,0.985827,0.992404,6.600192,225.086685
10.8174992,-0.076143,0.008908,0.945193,0.948297,4.636922,173.327454
10.8369198,-0.036119,-0.045637,0.827074,0.829120,4.025209,231.640366
10.8563433,-0.059547,-0.091762,0.830979,0.838148,7.499257,237.018997
10.8757658,0.035509,-0.033190,0.789369,0.790864,3.523590,316.932861
10.8951874,-0.035387,-0.049664,0.738974,0.741485,4.717378,234.528961
10.9146118,0.001830,0.061622,0.722500,0.725126,4.877047,88.298645
10.9340363,-0.111529,-0.143011,0.616218,0.642352,16.399658,232.050629
10.9534588,0.090785,-0.053446,0.804622,0.811490,7.459325,329.514282
10.9728813,0.144476,-0.300910,0.764232,0.833949,23.594408,295.647034
10.9923029,-0.003905,-0.236969,0.972770,1.001225,13.692550,269.055969
11.0117235,0.582052,-0.141791,1.063190,1.220353,29.399862,346.309082
11.0311480,0.499198,-0.459906,1.028169,1.232008,33.431267,317.345917
11.0505714,0.217324,-0.408900,1.231216,1.315417,20.611460,297.989899
11.0699949,0.141303,-0.490412,1.609366,1.688351,17.594891,286.073364
11.0894175,0.295175,-0.543004,1.640970,1.753501,20.638123,298.528290
11.1088400,-0.215737,-0.799985,1.608390,1.809264,27.255314,254.907700
11.1282625,0.128613,-0.393403,1.973850,2.016778,11.842669,288.103760
11.1476860,-0.323972,-0.423543,1.699908,1.781581,17.416050,232.587296
11.1671076,-0.235627,-0.544956,1.240734,1.375470,25.572016,246.617401
11.1865292,-0.029774,-0.003295,1.421450,1.421766,1.207394,186.314423
11.2059498,-0.723965,-0.117020,1.269653,1.466233,30.011051,189.181778
11.2253695,-0.224645,-0.250880,1.033050,1.086553,18.055172,228.157852
11.2447882,-0.237702,0.002562,0.871735,0.903565,15.253250,179.382355
11.2642088,-0.243071,0.115434,1.000714,1.036261,15.050614,154.596970
11.2836294,-0.198654,-0.035509,0.793152,0.818422,14.274956,190.134415
11.3030529,-0.015985,0.099083,0.693093,0.700322,8.239500,99.164566
11.3224754,-0.040146,0.076021,0.456001,0.464034,10.676636,117.838081
11.3418951,-0.061378,0.180961,0.440870,0.480501,23.433348,108.735771
11.3613167,-0.005979,0.126782,0.422567,0.441217,16.718290,92.700111
11.3807392,0.051128,-0.081634,0.122756,0.156035,38.120312,302.059235
11.4001608,0.447582,0.469302,0.899190,1.108655,35.799999,46.357033
11.4195824,0.015863,-0.128125,0.782536,0.793114,9.368274,277.057861
11.4390020,0.409266,0.547763,0.819509,1.067304,39.840508,53.234390
11.4584217,0.198166,-0.122633,0.588031,0.632526,21.618908,328.249023
11.4778433,0.270160,0.533608,1.407418,1.529231,23.023689,63.147427
11.4972630,0.234041,0.076509,1.132377,1.158838,12.267666,18.102722
11.5166836,0.174493,0.357529,1.149582,1.216476,19.089268,63.985100
11.5361052,0.093836,-0.001464,1.184237,1.187950,4.530991,359.105988
11.5555267,0.124342,0.260032,1.475141,1.503036,11.055885,64.443840
11.5749483,0.174615,0.074434,1.389480,1.402386,7.779074,23.087355
11.5943708,-0.125928,-0.175104,1.004496,1.027391,12.118422,234.277679
11.6137934,-0.109821,0.081878,1.271362,1.278720,6.149659,143.293427
11.6332169,0.007199,-0.037583,1.181430,1.182050,1.855302,280.844116
11.6526403,-0.283338,-0.237335,1.112731,1.172510,18.374491,219.950882
11.6720619,-0.307255,-0.180961,1.112853,1.168586,17.766672,210.496353
11.6914816,-0.214273,-0.221594,1.132743,1.173935,15.223027,225.962326
11.7109041,-0.269672,-0.370097,1.178014,1.263887,21.242378,233.920990
11.7303238,-0.417564,-0.298957,1.132987,1.243943,24.383465,215.600983
11.7497463,-0.355210,-0.331782,0.968377,1.083517,26.653505,223.046799
11.7691679,-0.174859,-0.368023,1.085398,1.159355,20.575788,244.586075
11.7885914,-0.524823,-0.280166,0.903949,1.082153,33.350353,208.094604
11.8080139,-0.259910,-0.264425,0.891381,0.965419,22.585104,225.493347
11.8274374,-0.176446,-0.191943,0.860265,0.898905,16.860485,227.408829
11.8468609,-0.205365,-0.172907,0.805598,0.849153,18.430408,220.095673
11.8662825,-0.128735,-0.135812,0.811455,0.832753,12.985935,226.532455
11.8857050,-0.138008,-0.077729,0.746295,0.762918,11.982553,209.389008
11.9051304,-0.227452,-0.065893,0.683575,0.723430,19.107096,196.156281
11.9245520,-0.194139,-0.023062,0.752152,0.777145,14.570270,186.774597
11.9439745,-0.046369,-0.035021,0.717375,0.719725,4.630920,217.062408
11.9633961,-0.113116,0.058083,0.742512,0.753322,9.717760,152.820206
11.9828224,-0.069553,0.071628,0.787417,0.793721,7.226291,134.158203
12.0022459,-0.050152,0.032214,0.737143,0.739549,4.622961,147.285919
12.0216694,-0.045393,0.075777,0.761670,0.766775,6.615180,120.923035
12.0410929,-0.087369,0.085416,0.794982,0.804317,8.737724,135.647385
12.0605173,-0.126050,0.075654,0.809625,0.822864,10.291589,149.028091
12.0799398,-0.071018,0.064794,0.822682,0.828279,6.665062,137.623581
12.0993643,-0.105550,0.076021,0.912369,0.921595,8.113991,144.237381
12.1187878,-0.142523,0.018670,0.895774,0.907233,9.116282,172.537140
12.1382122,-0.141791,0.011104,0.969720,0.980094,8.343885,175.522125
12.1576328,-0.193407,-0.014521,1.010476,1.028921,10.865259,184.293640
12.1770554,-0.204633,-0.020134,1.007547,1.028315,11.534593,185.619247
12.1964769,-0.218422,-0.049419,1.002910,1.027608,12.587239,192.748917
12.2159004,-0.222083,-0.066503,0.992782,1.019490,13.143703,196.670364
12.2353239,-0.190234,-0.100303,1.020726,1.043135,11.897675,207.800934
12.2547493,-0.194627,-0.124098,0.991928,1.018431,13.099762,212.522293
12.2741728,-0.200728,-0.117264,0.974235,1.001587,13.420910,210.293243
12.2935972,-0.138008,-0.136910,0.969232,0.988535,11.341300,224.771118
12.3130198,-0.127514,-0.190967,0.993270,1.019468,13.017069,236.267715
12.3324432,-0.153505,-0.157654,1.113951,1.135476,11.173975,225.763901
12.3518677,-0.135446,-0.123000,0.979360,0.996303,10.581803,222.242844
12.3712912,-0.064916,-0.194749,1.046595,1.066537,11.097374,251.565048
12.3907127,-0.106648,-0.216714,1.022800,1.050932,13.286963,243.797409
12.4101353,-0.118241,-0.130199,1.071487,1.085826,9.321563,227.755722
12.4295578,-0.046979,-0.119095,1.087960,1.095467,6.711421,248.472397
12.4489794,-0.074922,-0.179862,0.987901,1.006932,11.157221,247.385651
12.4684019,-0.094690,-0.136300,1.079297,1.091982,8.741904,235.211594
12.4878254,-0.080657,-0.081878,1.059407,1.065623,6.191692,225.430145
12.5072460,-0.079681,-0.084684,1.022068,1.028661,6.490449,226.743439
12.5266685,-0.116166,-0.114458,1.021702,1.034635,9.068869,224.575592
12.5460892,-0.111529,-0.049297,0.989244,0.996731,7.027079,203.846054
12.5655127,-0.099083,-0.004515,1.066972,1.071573,5.310982,182.608963
12.5849333,-0.138130,-0.065649,0.985583,0.997378,8.820469,205.420105
12.6043549,-0.107259,-0.041244,1.035490,1.041847,6.332520,201.033142
12.6237783,-0.138252,-0.006711,0.978017,0.987764,8.055372,182.779175
12.6432018,-0.137520,-0.035997,1.019383,1.029247,7.938722,194.668457
12.6626225,-0.148136,-0.056253,0.997053,1.009566,9.030286,200.793594
12.6820469,-0.190845,-0.022696,0.990220,1.008698,10.983850,186.782089
12.7014694,-0.158386,-0.018059,0.989610,1.002367,9.150985,186.504868
12.7208939,-0.148869,-0.042708,0.940434,0.953101,9.351686,196.007401
12.7403183,-0.132761,-0.055399,0.927378,0.938469,8.817529,202.649780
12.7597418,-0.178398,-0.048931,0.936163,0.954265,11.177711,195.337982
12.7791634,-0.147160,-0.048931,0.910538,0.923651,9.665808,198.392181
12.7985859,-0.123488,-0.057107,0.912491,0.922578,8.480379,204.818207
12.8180065,-0.124342,-0.038315,0.858923,0.868721,8.613791,197.126434
12.8374271,-0.096276,-0.056741,0.906512,0.913374,7.027833,210.513123
12.8568487,-0.123610,-0.076021,0.902973,0.914559,9.129851,211.591721
12.8762712,-0.106160,-0.063696,0.895041,0.903563,7.875244,210.963760
12.8956938,-0.114946,-0.077973,0.920422,0.930844,8.581490,214.150772
12.9151173,-0.116410,-0.075044,0.927256,0.937543,8.495373,212.808014
12.9345398,-0.093226,-0.059303,0.964595,0.970902,6.534470,212.461487
12.9539642,-0.119583,-0.074922,0.932503,0.943120,8.605237,212.068405
12.9733868,-0.072726,-0.071872,0.956297,0.961748,6.102907,224.661545
12.9928112,-0.105184,-0.081024,0.946779,0.956044,7.982836,217.607117
13.0122337,-0.082732,-0.063086,0.988999,0.994457,6.005279,217.326859
13.0316572,-0.147038,-0.059181,0.961788,0.974761,9.358135,201.924271
13.0510807,-0.101401,-0.085050,1.013770,1.022373,7.437908,219.988190
13.0705023,-0.088101,-0.099449,0.994735,1.003568,7.607619,228.462601
13.0899229,-0.091518,-0.064794,1.037565,1.043606,6.168185,215.298492
13.1093445,-0.174737,-0.106526,1.013648,1.034101,11.414198,211.368027
13.1287670,-0.099083,-0.090053,1.070511,1.078852,7.129125,222.266663
13.1481886,-0.145452,-0.085904,1.057821,1.071224,9.073092,210.566269
13.1676102,-0.147038,-0.116288,1.068803,1.085119,9.948309,218.339462
13.1870346,-0.143499,-0.143499,1.088570,1.107326,10.560246,225.000000
13.2064552,-0.178764,-0.155824,1.105532,1.130680,12.106898,221.077759
13.2258778,-0.193407,-0.161559,1.124811,1.152696,12.628232,219.873062
13.2452974,-0.192553,0.021476,1.065630,1.083100,10.304636,173.635895
13.2647209,-0.143133,-0.117020,0.875274,0.894587,11.927058,219.268112
13.2841415,0.031848,-0.224767,0.906390,0.934386,14.060924,278.064758
13.3035631,0.305303,-0.086759,1.246347,1.286125,14.287070,344.136292
13.3229837,-0.201949,-0.119461,0.887964,0.918441,14.801561,210.606049
13.3424072,-0.276749,-0.197190,0.996809,1.053139,18.824360,215.470703
13.3618288,0.276871,-0.119095,0.931526,0.979072,17.929176,336.725250
13.3812504,0.076631,-0.020134,0.952515,0.955804,4.754975,345.278900
13.4006729,-0.042952,-0.144232,0.772164,0.786692,11.028462,253.416458
13.4200974,0.093470,-0.125928,0.914321,0.927673,9.732781,306.584564
13.4395189,0.145818,-0.040268,0.825122,0.838875,10.389079,344.562469
13.4589415,0.043318,-0.098473,0.854286,0.861033,7.177448,293.744751
13.4783659,-0.045027,-0.138619,0.870637,0.882752,9.503426,252.004959
13.4977913,0.020744,-0.074678,0.847696,0.851232,5.224123,285.524109
13.5172129,-0.031482,-0.067357,0.874542,0.877696,4.859461,244.949020
13.5366373,-0.061988,-0.116044,0.827196,0.837593,9.037007,241.889999
13.5560608,-0.048809,-0.095544,0.907854,0.914172,6.739911,242.939529
13.5754843,-0.088955,-0.124342,0.891259,0.904276,9.733690,234.419800
13.5949087,-0.145818,-0.214029,0.922131,0.957808,15.687443,235.733398
13.6143322,-0.254175,-0.131297,1.044764,1.083225,15.313689,207.319183
13.6337557,-0.370707,-0.100669,0.982044,1.054499,21.363266,195.192871
13.6531811,-0.113482,-0.195115,0.922985,0.950184,13.742020,239.817139
13.6726036,-0.069797,-0.127758,1.140064,1.149322,7.277020,241.351212
13.6920271,-0.271014,-0.111651,1.063190,1.102854,15.413046,202.390518
13.7114506,-0.135934,-0.179130,1.102969,1.125659,11.523280,232.806763
13.7308750,-0.043196,-0.058083,0.983752,0.986412,4.208264,233.361908
13.7502985,0.119705,-0.194871,0.884669,0.913753,14.494517,301.561432
13.7697210,0.124586,-0.336663,0.995955,1.058673,19.820858,290.307587
13.7891436,0.042342,-0.152407,1.160320,1.171053,7.762960,285.526489
13.8085690,-0.021110,-0.090785,1.112731,1.116628,4.788188,256.909790
13.8279924,0.171199,-0.276871,0.987779,1.040036,18.239773,301.729919
13.8474169,0.153261,-0.289439,1.101383,1.149047,16.560612,297.901703
13.8668394,-0.075899,-0.118485,0.968622,0.978789,8.265433,237.357315
13.8862638,0.084196,-0.246609,0.950196,0.985280,15.336004,288.850677
13.9056873,0.101767,-0.334710,0.978750,1.039393,19.668669,286.911713
13.9251137,-0.036241,-0.192675,0.872223,0.893986,12.668081,259.347473
13.9445391,-0.021232,-0.171809,1.000836,1.015697,9.813437,262.955139
13.9639645,0.011226,-0.190356,0.916152,0.935786,11.757634,273.375061
13.9833860,-0.087125,-0.169612,0.864658,0.885433,12.436236,242.811844
14.0028105,-0.048809,-0.187672,0.837202,0.859367,13.041048,255.421600
14.0222330,-0.002807,-0.124708,0.923351,0.931739,7.693758,268.710785
14.0416555,-0.081024,-0.142523,0.835250,0.851188,11.104930,240.382065
14.0610781,-0.102500,-0.179374,0.802426,0.828594,14.437947,240.255112
14.0805016,-0.075777,-0.137276,0.928598,0.941744,9.584476,241.101303
14.0999231,-0.130565,-0.169735,0.896872,0.922083,13.428867,232.431412
14.1193466,-0.263448,-0.139839,1.005961,1.049246,16.514782,207.959412
14.1387691,-0.185964,-0.072970,0.965571,0.986019,11.689042,201.424469
14.1581926,-0.051494,-0.126538,0.910782,0.920971,8.530577,247.856476
14.1776152,-0.113482,-0.147526,0.960446,0.978314,10.967347,232.431412
14.1970406,-0.101401,-0.107625,0.949708,0.961151,8.849886,226.705322
14.2164640,-0.059547,-0.096765,0.938116,0.944971,6.905693,238.392502
14.2358885,-0.017205,-0.143744,0.906146,0.917637,9.077099,263.174500
14.2553101,-0.037095,-0.131297,0.961422,0.971055,8.076984,254.223541
14.2747307,-0.040878,-0.121169,0.965449,0.973881,7.545196,251.357590
14.2941532,-0.033190,-0.148502,0.993392,1.004979,8.708811,257.401428
14.3135767,-0.004271,-0.181327,1.022434,1.038397,10.059482,268.650757
14.3330002,-0.035387,-0.158752,1.033050,1.045776,8.947490,257.433899
14.3524227,-0.067723,-0.158020,1.087716,1.101219,8.981679,246.801407
14.3718443,-0.051494,-0.202193,1.060871,1.081194,11.126647,255.711823
14.3912687,-0.065649,-0.147282,1.117612,1.129185,8.210065,245.975876
14.4106932,-0.107991,-0.142157,1.000714,1.016513,10.114916,232.777634
14.4301167,-0.036485,-0.222327,1.058797,1.082502,12.012749,260.680511
14.4495401,-0.087857,-0.213907,1.062336,1.087213,12.280437,247.670837
14.4689627,-0.043318,-0.151187,1.110413,1.121495,8.061340,254.011856
14.4883852,-0.048077,-0.175226,0.981556,0.998232,10.487624,254.657135
14.5078087,-0.016717,-0.183523,0.986681,1.003743,10.579292,264.795258
14.5272312,0.053080,-0.176080,0.940190,0.958008,11.067633,286.775696
14.5466547,0.030872,-0.176080,0.905536,0.923012,11.167418,279.944550
14.5660791,0.019036,-0.204267,0.918592,0.941222,12.589464,275.324005
14.5855026,0.031726,-0.195359,0.911270,0.932516,12.253772,279.224213
14.6049242,0.004515,-0.190234,0.916884,0.936421,11.724589,271.359558
