Keuwl Accelerometer Data File
2021-05-23 11-16-00

Time (s), X (g), Y (g), Z (g), R (g), Theta (deg), Phi (deg)
0.0000000,-0.022086,-0.081756,1.230362,1.233273,3.937510,254.882462
0.0194216,0.042220,-0.018792,0.812188,0.813501,3.256602,336.006775
0.0388406,0.117875,0.003417,0.634888,0.645746,10.522221,1.660282
0.0582616,-0.001830,-0.057717,1.146776,1.148229,2.882761,268.183624
0.0776821,-0.069065,-0.121779,0.936041,0.946453,8.506508,240.440948
0.0971026,0.035753,-0.122389,1.277219,1.283567,5.700936,286.284332
0.1165229,0.022452,-0.059425,0.988023,0.990063,3.678818,290.697754
0.1359437,0.025869,-0.007687,0.580343,0.580970,2.662490,343.449646
0.1553642,0.024893,-0.026235,1.119931,1.120514,1.849597,313.496155
0.1747832,-0.030872,-0.059181,1.015357,1.017548,3.761194,242.451218
0.1942023,-0.008542,-0.059425,1.072341,1.074021,3.204424,261.820496
0.2136219,0.012568,-0.000488,0.893577,0.893666,0.806486,357.776031
0.2330408,0.023062,-0.006223,0.886622,0.886944,1.543323,344.898895
0.2524611,0.001342,-0.047711,1.049523,1.050608,2.603914,271.611481
0.2718810,0.000244,-0.037949,1.029389,1.030089,2.111276,270.368469
0.2913017,0.005979,-0.028431,0.931526,0.931979,1.786517,281.876251
0.3107215,0.011714,-0.023795,0.944339,0.944711,1.608760,296.211365
0.3301436,-0.007321,-0.033800,1.012916,1.013506,1.955447,257.778168
0.3495635,-0.008054,-0.034655,0.992294,0.992932,2.053380,256.917023
0.3689840,0.004637,-0.014521,0.955199,0.955321,0.914074,287.709717
0.3884035,-0.002074,-0.016351,0.965937,0.966078,0.977588,262.769745
0.4078241,-0.011470,-0.024405,0.990952,0.991319,1.558841,244.826477
0.4272446,0.004027,-0.009518,0.982166,0.982220,0.602959,292.932098
0.4466650,-0.011348,-0.008176,0.959348,0.959450,0.835094,215.770111
0.4660843,-0.006345,-0.013423,0.987901,0.988013,0.861165,244.698624
0.4855051,0.010494,-0.001830,0.976553,0.976611,0.624950,350.106079
0.5049236,-0.011104,-0.012690,0.977285,0.977431,0.988536,228.814072
0.5243431,0.000366,-0.010494,0.982288,0.982344,0.612617,271.997894
0.5437630,0.010982,-0.006101,0.969232,0.969313,0.742568,330.945404
0.5631841,-0.004637,-0.020988,0.979604,0.979839,1.256788,257.541748
0.5826039,0.004515,-0.006467,0.983020,0.983052,0.459701,304.919403
0.6020240,0.003295,-0.006711,0.963985,0.964014,0.444554,296.146851
0.6214426,-0.005735,-0.017937,0.978017,0.978199,1.103049,252.269470
0.6408621,0.002074,-0.001952,0.978139,0.978144,0.167859,316.735718
0.6602815,0.007565,-0.003539,0.973258,0.973294,0.491385,334.932526
0.6797017,0.015131,-0.007321,0.970818,0.970963,0.991895,334.179016
0.6991221,0.007809,0.016717,0.990708,0.990880,1.067162,64.960213
0.7185436,-0.008542,0.017693,0.977041,0.977239,1.151991,115.769333
0.7379650,0.003295,0.027455,0.970452,0.970846,1.632068,83.157227
0.7573864,0.000122,0.042708,0.981922,0.982850,2.490494,89.836296
0.7768066,0.004271,0.044539,0.987779,0.988792,2.593595,84.522629
0.7962268,-0.008908,0.045149,0.980824,0.981903,2.686277,101.160957
0.8156458,-0.013057,0.061866,0.978383,0.980424,3.697664,101.917130
0.8350658,-0.004149,0.070530,0.987413,0.989938,4.092708,93.366463
0.8544847,-0.018181,0.088833,0.986925,0.991082,5.249379,101.567001
0.8739040,-0.014399,0.105184,0.989610,0.995288,6.123239,97.794823
0.8933215,-0.022208,0.126660,0.992904,1.001197,7.379403,99.944984
0.9127405,-0.028309,0.143622,0.984119,0.994946,8.460580,101.150703
0.9321610,-0.024893,0.158142,1.003642,1.016330,9.062843,98.945381
0.9515813,-0.029652,0.171809,0.988877,1.004130,9.999063,99.791946
0.9709987,-0.025137,0.176568,0.996077,1.011917,10.151254,98.102386
0.9904152,-0.034655,0.176324,0.994735,1.010835,10.239945,101.119179
1.0098332,-0.034777,0.186452,0.997419,1.015292,10.766695,100.565308
1.0292517,-0.028920,0.187672,1.001446,1.019289,10.736581,98.760155
1.0486711,-0.036363,0.189136,0.996565,1.015006,10.938373,100.882782
1.0680914,-0.033434,0.200850,1.006449,1.026839,11.437126,99.451035
1.0875115,-0.023184,0.201827,0.997663,1.018137,11.509768,96.553017
1.1069318,-0.029652,0.211589,1.007303,1.029713,11.975346,97.977386
1.1263498,-0.029042,0.208538,0.996931,1.018922,11.925538,97.928177
1.1457696,-0.030384,0.210856,1.002300,1.024690,11.999385,98.199722
1.1651895,-0.027577,0.209758,0.988511,1.010898,12.080313,97.489822
1.1846094,-0.022574,0.207440,0.999615,1.021162,11.790872,96.210686
1.2040277,-0.028798,0.199630,0.978872,0.999435,11.642867,98.208534
1.2234471,-0.022940,0.201705,0.984363,1.005077,11.652745,96.488518
1.2428646,-0.024527,0.208172,0.976919,0.999154,12.110008,96.719582
1.2622832,-0.028187,0.202071,0.976309,0.997400,11.803683,97.941101
1.2817013,-0.028553,0.202071,0.970452,0.991678,11.875789,98.042892
1.3011193,-0.023306,0.200606,0.977773,0.998412,11.670148,96.626915
1.3205372,-0.021720,0.199752,0.966181,0.986853,11.747927,96.205704
1.3399558,-0.016839,0.189014,0.970940,0.989310,11.058610,95.091026
1.3593742,-0.016351,0.195726,0.964839,0.984627,11.506189,94.775467
1.3787931,-0.019768,0.191821,0.974235,0.993136,11.196211,95.883759
1.3982134,-0.009884,0.186940,0.968744,0.986665,10.937095,93.026527
1.4176337,-0.012080,0.188648,0.972770,0.990967,10.996998,93.664001
1.4370531,-0.000244,0.191333,0.975089,0.993683,11.101579,90.073082
1.4564737,-0.008420,0.190967,0.984607,1.002990,10.986771,92.524506
1.4758943,-0.008054,0.185354,0.990220,1.007450,10.611961,92.487915
1.4953156,-0.010860,0.179740,0.994124,1.010301,10.266786,93.457657
1.5147351,-0.014643,0.180595,0.986315,1.002819,10.409247,94.635460
1.5341554,-0.023428,0.186208,1.011574,1.028836,10.510508,97.171227
1.5535733,-0.020622,0.174615,0.992782,1.008232,10.043378,96.735390
1.5729936,-0.030384,0.181571,1.014380,1.030950,10.286388,99.499786
1.5924120,-0.029042,0.188770,0.987901,1.006194,10.942026,98.746162
1.6118331,-0.024527,0.184621,1.007547,1.024616,10.472829,97.567352
1.6312540,-0.037339,0.176080,0.990586,1.006806,10.298602,101.972679
1.6506741,-0.049297,0.181815,0.998761,1.016372,10.681261,105.170486
1.6700941,-0.020622,0.181937,0.994368,1.011086,10.433508,96.466690
1.6895133,-0.038803,0.178398,0.989854,1.006549,10.450240,102.271278
1.7089303,-0.033068,0.179740,0.980824,0.997705,10.554878,100.424606
1.7283505,-0.043196,0.175714,0.997053,1.013339,10.286101,103.811333
1.7477698,0.054300,0.186696,0.945193,0.964984,11.623932,73.782944
1.7671885,-0.130809,0.160217,1.047083,1.067316,11.174010,129.229950
1.7866074,-0.082000,0.167538,0.889673,0.909016,11.841105,116.078934
1.8060296,0.032336,0.178886,1.099431,1.114358,9.388623,79.753632
1.8254507,-0.106404,0.165464,0.863803,0.885921,12.829783,122.743767
1.8448703,0.003173,0.167538,1.051719,1.064985,9.052734,88.915138
1.8642881,-0.059791,0.176690,0.994735,1.012073,10.620729,108.695702
1.8837090,-0.043318,0.162779,0.949098,0.963930,10.063958,104.902008
1.9031289,-0.027821,0.175958,1.022190,1.037597,9.886005,98.984871
1.9225484,-0.050518,0.182547,0.951660,0.970326,11.256449,105.468788
1.9419671,-0.022818,0.163267,1.021824,1.035037,9.164739,97.956169
1.9613872,-0.050152,0.160949,0.987413,1.001701,9.688704,107.307014
1.9808058,-0.024283,0.175104,0.963131,0.979220,10.400662,97.895195
2.0002255,-0.011592,0.174859,1.025241,1.040110,9.699757,93.792847
2.0196443,0.007199,0.182059,0.981312,0.998083,10.518386,87.735458
2.0390639,-0.027333,0.168270,0.986559,1.001180,9.803815,99.226341
2.0584834,-0.013911,0.182059,1.028657,1.044737,10.065326,94.369339
2.0779030,-0.029164,0.178154,0.964351,0.981102,10.602983,99.296783
2.0973210,-0.012080,0.182425,1.017431,1.033726,10.186884,93.788635
2.1167414,-0.031970,0.182913,1.014380,1.031236,10.373367,99.914192
2.1361594,-0.021720,0.192797,0.980214,0.999231,11.196017,96.427742
2.1555779,-0.016229,0.189868,1.014014,1.031765,10.643293,94.885513
2.1749964,-0.037095,0.184377,0.985705,1.003487,10.802157,101.375549
2.1944158,-0.010738,0.175592,1.014380,1.029522,9.838712,93.499481
2.2138355,-0.055643,0.164243,1.017431,1.032104,9.672660,108.715431
2.2332551,-0.122023,0.094934,1.008035,1.019822,8.719563,142.117081
2.2526717,-0.267597,-0.049786,0.952637,0.990759,15.945806,190.539185
2.2720907,-0.141181,0.080901,1.009987,1.023011,9.152229,150.185837
2.2915099,-0.007321,0.150211,0.953369,0.965157,8.964250,92.790436
2.3109291,0.089565,0.277725,0.990586,1.032673,16.414095,72.125717
2.3303483,0.148258,0.380225,1.047815,1.124485,21.280117,68.698044
2.3497684,0.216103,0.344960,0.948976,1.032595,23.216770,57.934536
2.3691876,-0.032214,0.155336,1.040249,1.052276,8.670996,101.716156
2.3886070,-0.008176,0.204633,0.997053,1.017869,11.607208,92.287880
2.4080265,0.007077,0.207806,0.972526,0.994505,12.068150,88.049400
2.4274476,-0.008786,0.187306,0.944095,0.962536,11.233629,92.685524
2.4468675,0.015497,0.213419,0.993636,1.016416,12.153120,85.846878
2.4662850,0.082366,0.230014,0.965571,0.996001,14.199416,70.298050
2.4857016,0.133128,0.254663,0.949830,0.992347,16.832615,62.401234
2.5051210,0.008786,0.242949,0.971428,1.001386,14.050124,87.928932
2.5245390,-0.058205,0.205243,0.956663,0.980162,12.571323,105.832855
2.5439572,-0.103354,0.101890,0.951660,0.962663,8.671086,135.408752
2.5633745,-0.175348,0.167416,1.002788,1.031678,13.591133,136.325592
2.5827918,0.017449,0.209880,0.968622,0.991253,12.266734,85.247383
2.6022096,-0.021842,0.194383,0.932503,0.952798,11.846895,96.411240
2.6216273,-0.059059,0.202071,0.972282,0.994813,12.217434,106.292084
2.6410444,-0.046613,0.187184,0.927622,0.947466,11.747323,103.983505
2.6604626,-0.041244,0.178764,0.955809,0.973257,10.865332,102.991760
2.6798804,-0.005369,0.193773,0.984729,1.003627,11.136500,91.587135
2.6992989,-0.009518,0.170833,0.958494,0.973645,10.121078,93.188896
2.7187169,-0.008664,0.175470,0.991074,1.006525,10.052147,92.826637
2.7381363,0.014033,0.174371,1.011696,1.026709,9.810170,85.398987
2.7575531,-0.000488,0.171443,0.966303,0.981394,10.060850,90.163116
2.7769711,0.041122,0.181815,0.995101,1.012410,10.609978,77.255585
2.7963886,0.056131,0.169490,1.006937,1.022643,10.054789,71.676498
2.8158071,0.038071,0.178276,1.011330,1.027628,10.218040,77.945419
2.8352265,0.042464,0.166684,1.003276,1.017915,9.728579,75.707443
2.8546455,0.051982,0.163389,1.012672,1.027085,9.609835,72.351639
2.8740637,0.042708,0.174859,1.013160,1.029025,10.074116,76.274628
2.8934827,0.062720,0.155702,1.016211,1.029981,9.379513,68.059372
2.9129002,0.046613,0.166806,1.051964,1.066126,9.349373,74.387299
2.9323180,0.051738,0.160705,0.998883,1.013050,9.593270,72.154358
2.9517365,0.039658,0.157166,0.984729,0.997980,9.347418,75.838219
2.9711545,0.037461,0.155336,0.988389,1.001222,9.183310,76.441299
2.9905713,0.050152,0.143011,1.012916,1.024191,8.509347,70.675117
3.0099905,0.046857,0.172175,1.050621,1.065666,9.639126,74.775810
3.0294077,0.032824,0.149601,0.965449,0.977522,9.014323,77.624680
3.0488253,0.032458,0.154482,1.018041,1.030207,8.813919,78.134155
3.0682421,0.024039,0.147526,0.942997,0.954769,9.006866,80.745300
3.0876613,0.021110,0.152163,0.983996,0.995916,8.873341,82.101601
3.1070788,0.010372,0.158386,0.967401,0.980336,9.317745,86.253311
3.1264973,0.001586,0.157288,0.961056,0.973843,9.295192,89.422173
3.1459157,0.010616,0.130443,0.930550,0.939708,8.005673,85.347267
3.1653316,-0.010982,0.145330,0.977773,0.988576,8.477924,94.321442
3.1847477,-0.002318,0.144476,0.933601,0.944716,8.797924,90.919365
3.2041664,-0.029774,0.135202,0.949098,0.959142,8.299004,102.419258
3.2235851,-0.008176,0.152041,0.937872,0.950151,9.221343,93.077950
3.2430041,-0.023184,0.129345,0.951538,0.960569,7.862722,100.162086
3.2624204,-0.020256,0.164854,0.959958,0.974221,9.816222,97.004929
3.2818387,-0.017693,0.142767,0.906268,0.917615,9.019793,97.064735
3.3012571,-0.034045,0.127026,0.945925,0.955023,7.914925,105.003334
3.3206761,-0.005369,0.144720,0.962764,0.973595,8.554303,92.124672
3.3400939,0.002685,0.127270,0.956175,0.964612,7.583384,88.791641
3.3595123,0.009884,0.118851,0.995467,1.002585,6.831706,85.246094
3.3789277,-0.000854,0.131907,0.970452,0.979376,7.740578,90.371010
3.3983452,-0.003905,0.091640,0.976065,0.980365,5.368413,92.439888
3.4177632,0.029774,0.087125,1.032928,1.037023,5.093661,71.132820
3.4371827,0.013911,0.103598,1.005473,1.010891,5.935080,82.352318
3.4566011,0.029408,0.085294,0.987779,0.991891,5.218794,70.976921
3.4760208,0.040390,0.080779,0.981190,0.985338,5.259038,63.434952
3.4954395,0.057229,0.069309,0.985827,0.989916,5.209549,50.453369
3.5148594,0.051738,0.061988,1.000836,1.004087,4.612356,50.150085
3.5342765,0.041366,0.051006,1.010231,1.012364,3.719365,50.957783
3.5536935,0.029408,0.061012,1.006815,1.009090,3.848579,64.265930
3.5731122,0.056985,0.058693,0.971306,0.974745,4.814220,45.846081
3.5925317,0.048809,0.038315,1.003764,1.005681,3.537454,38.131916
3.6119497,0.045515,0.046125,0.995223,0.997330,3.725362,45.381462
3.6313679,0.029774,0.044294,0.983752,0.985199,3.105388,56.091938
3.6507845,0.040512,0.037461,1.016699,1.018195,3.106334,42.759521
3.6702006,0.004271,0.051372,1.006815,1.008134,2.930978,85.247620
3.6896198,-0.023184,0.058693,0.969476,0.971527,3.724310,111.554535
3.7090390,0.009396,0.058449,0.994857,0.996616,3.405363,80.867744
3.7284567,-0.017693,0.074068,0.969354,0.972340,4.491916,103.435028
3.7478757,-0.035509,0.075410,0.961300,0.964907,4.955629,115.214516
3.7672925,-0.044539,0.061256,0.957151,0.960143,4.524199,126.020584
3.7867105,-0.026723,0.069431,0.986803,0.989604,4.311480,111.051003
3.8061292,-0.050762,0.091396,0.981922,0.987472,6.077413,119.048111
3.8255486,-0.046613,0.065038,0.961178,0.964503,4.758887,125.629089
3.8449667,-0.049908,0.077973,1.010109,1.014343,5.236560,122.621788
3.8643858,-0.053934,0.082732,0.973869,0.978863,5.790514,123.101028
3.8838022,-0.035265,0.077607,0.988511,0.992180,4.928633,114.437164
3.9032216,-0.051006,0.072848,0.984973,0.988979,5.159018,124.998459
3.9226410,-0.041854,0.075044,0.982654,0.986404,4.997438,119.149437
3.9420617,-0.036607,0.076753,1.009377,1.012953,4.815522,115.498695
3.9614780,-0.029652,0.039170,0.949098,0.950368,2.963062,127.126060
3.9808955,-0.043440,0.054666,1.022312,1.024694,3.907306,128.472153
4.0003114,-0.040024,0.061744,0.973014,0.975793,4.324588,122.952164
4.0197272,-0.018426,0.036607,0.982166,0.983021,2.389418,116.717636
4.0391436,-0.040756,0.041122,0.999127,1.000803,3.316411,134.743835
4.0585623,-0.039414,0.040390,0.957639,0.959301,3.372549,134.299179
4.0779786,-0.029530,0.012080,0.997663,0.998173,1.831735,157.750977
4.0973959,-0.036607,0.036973,0.981434,0.982812,3.034607,134.714951
4.1168132,-0.044905,0.021842,0.963008,0.964302,2.968343,154.061111
4.1362319,-0.023917,0.034655,0.997663,0.998551,2.416785,124.611145
4.1556482,-0.044661,0.018914,0.960324,0.961548,2.891170,157.047470
4.1750650,-0.046979,0.025991,0.999127,1.000569,3.075871,151.046585
4.1944833,-0.036851,0.020256,0.971306,0.972216,2.478914,151.203781
4.2139025,-0.036973,0.005003,0.967645,0.968364,2.208151,172.293915
4.2333202,-0.060646,0.012202,1.007913,1.009810,3.512069,168.623566
4.2527375,-0.060646,0.013789,0.970086,0.972077,3.668317,167.190750
4.2721562,-0.056131,-0.007809,0.972160,0.973811,3.336246,187.920746
4.2915745,-0.090663,-0.010372,0.982898,0.987125,5.304299,186.526321
4.3109918,-0.037705,-0.007199,0.979238,0.979990,2.244895,190.809860
4.3304105,-0.065893,-0.030140,0.984241,0.986904,4.210451,204.579712
4.3498287,-0.063574,-0.015375,0.968622,0.970827,3.863053,193.595520
4.3692465,-0.059425,-0.009274,0.988267,0.990096,3.482678,188.869888
4.3886642,-0.036119,-0.036241,0.944583,0.945968,3.100594,225.096619
4.4080825,-0.066015,-0.025869,0.998517,1.001031,4.061631,201.398575
4.4274998,-0.059669,-0.015375,0.975821,0.977764,3.613138,194.449036
4.4469194,-0.050152,-0.041732,0.976797,0.978974,3.821262,219.764404
4.4663382,-0.050762,-0.027211,0.987901,0.989579,3.336539,208.193878
4.4857569,-0.064916,-0.029530,1.001324,1.003860,4.073907,204.460190
4.5051756,-0.055399,-0.028920,0.988267,0.990241,3.618228,207.565750
4.5245929,-0.048687,-0.036363,0.978994,0.980878,3.551871,216.754837
4.5440087,-0.050396,-0.034167,0.985705,0.987583,3.534575,214.135941
4.5634279,-0.053446,-0.023795,1.001446,1.003153,3.343397,203.998886
4.5828476,-0.031970,-0.029652,0.972770,0.973747,2.566511,222.845337
4.6022658,-0.035387,-0.040390,0.988145,0.989603,3.110554,228.777328
4.6216850,-0.038071,-0.027699,0.973503,0.974640,2.768878,216.038284
4.6411047,-0.043074,-0.030750,0.996565,0.997969,3.039892,215.522324
4.6605234,-0.042586,-0.020500,0.965815,0.966971,2.801559,205.705017
4.6799436,-0.042342,-0.021842,0.969354,0.970524,2.813830,207.286957
4.6993628,-0.046979,-0.029896,0.965327,0.966932,3.301441,212.471191
4.7187848,-0.023917,-0.010372,0.989854,0.990197,1.508569,203.445099
4.7382040,-0.030140,-0.004027,0.975821,0.976295,1.784873,187.609833
4.7576232,-0.027699,-0.014765,0.948488,0.949007,1.895478,208.059387
4.7770424,-0.038193,-0.002929,0.981556,0.982303,2.234846,184.384705
4.7964616,-0.006345,-0.002807,0.949586,0.949611,0.418714,203.860168
4.8158789,-0.035143,-0.013179,0.970086,0.970812,2.215672,200.556046
4.8352976,-0.051128,-0.002196,0.971794,0.973141,3.014348,182.459885
4.8547173,-0.061500,-0.009884,0.972526,0.974519,3.664686,189.130173
4.8741360,-0.033922,-0.013301,0.971184,0.971867,2.148583,201.409470
4.8935542,-0.058449,-0.020866,0.986193,0.988144,3.600924,199.646240
4.9129715,-0.048199,-0.014887,0.959592,0.960917,3.009213,197.163864
4.9323893,-0.067967,-0.031726,0.968988,0.971886,4.426336,205.022522
4.9518094,-0.053812,-0.020256,0.972526,0.974225,3.383561,200.627197
4.9712272,-0.045149,-0.025015,0.960446,0.961832,3.076190,208.988815
4.9906454,-0.059547,-0.041976,0.959714,0.962475,4.341177,215.180695
5.0100636,-0.054300,-0.035387,0.974723,0.976875,3.804262,213.091705
5.0294819,-0.051982,-0.038437,0.960812,0.962985,3.849393,216.480576
5.0489011,-0.058571,-0.050396,0.974967,0.978024,4.531294,220.709259
5.0683208,-0.055399,-0.042098,0.962276,0.964788,4.135643,217.231628
5.0877395,-0.044783,-0.053080,0.956419,0.958937,4.153080,229.846405
5.1071582,-0.045637,-0.061866,0.966303,0.969356,4.548724,233.584824
5.1265779,-0.052592,-0.050762,0.973380,0.976121,4.294411,223.985428
5.1459970,-0.049664,-0.059425,0.955077,0.958212,4.635909,230.113525
5.1654153,-0.062232,-0.060768,0.956297,0.960245,5.197048,224.317932
5.1848359,-0.044783,-0.039047,0.946535,0.948398,3.591832,221.086304
5.2042551,-0.062720,-0.035631,0.951904,0.954634,4.333546,209.600616
5.2236748,-0.040390,-0.044050,0.947146,0.949029,3.610536,227.482376
5.2430944,-0.042342,-0.033678,0.977651,0.979147,3.167432,218.498352
5.2625141,-0.057107,-0.026235,0.987291,0.989289,3.642176,204.674133
5.2819324,-0.063696,-0.032946,0.974601,0.977235,4.208311,207.349884
5.3013511,-0.050030,-0.006833,0.978017,0.979320,2.955455,187.777634
5.3207703,-0.054300,-0.008908,0.970452,0.972011,3.245281,189.316101
5.3401895,-0.066503,-0.021232,0.968988,0.971499,4.120700,197.706512
5.3596101,-0.051982,-0.001952,0.980458,0.981837,3.036993,182.150940
5.3790288,-0.060768,0.027821,0.976187,0.978472,3.916617,155.400208
5.3984461,-0.064672,0.031604,0.934821,0.937588,4.403088,153.956192
5.4178638,-0.057107,0.023673,0.965205,0.967183,3.664686,157.484528
5.4372816,-0.067479,0.049175,0.997541,1.001029,4.784627,143.917221
5.4566994,-0.068577,0.048321,0.977651,0.981244,4.904486,144.830460
5.4761162,-0.074556,0.030018,0.970086,0.973410,4.736152,158.069366
5.4955359,-0.029164,0.056253,0.978139,0.980189,3.706391,117.403946
5.5149560,-0.054544,0.059425,0.990342,0.993621,4.656441,132.547714
5.5343752,-0.079925,0.048321,0.953613,0.958175,5.593699,148.843674
5.5537939,-0.047101,0.076387,1.002666,1.006674,5.114505,121.658539
5.5732126,-0.047955,0.067113,0.946047,0.949636,4.982951,125.547531
5.5926294,-0.049786,0.046735,0.968011,0.970417,4.035025,136.810257
5.6120467,-0.051372,0.069797,0.978261,0.982093,5.062602,126.353592
5.6314645,-0.067967,0.065405,0.979360,0.983891,5.501390,136.100693
5.6508832,-0.089199,0.065405,0.967523,0.973825,6.521794,143.749557
5.6703010,-0.046613,0.076753,0.981678,0.985777,5.226522,121.270859
5.6897197,-0.045149,0.058937,0.963741,0.966596,4.405178,127.453766
5.7091393,-0.063696,0.049419,0.966791,0.970147,4.766743,142.193466
5.7285604,-0.040878,0.081268,1.003398,1.007513,5.180319,116.702530
5.7479801,-0.095422,0.067235,0.954223,0.961336,6.974346,144.831345
5.7674007,-0.046613,0.044905,0.935675,0.937911,3.957057,136.069397
5.7868199,-0.049053,0.050274,0.973991,0.976520,4.124785,134.296158
5.8062382,-0.092128,0.055521,0.955443,0.961479,6.423335,148.924774
5.8256569,-0.068943,0.032946,1.003764,1.006669,4.353207,154.457977
5.8450751,-0.019768,0.050640,0.966669,0.968196,3.218688,111.323753
5.8644934,-0.055277,0.051860,0.981434,0.984357,4.416146,136.826584
5.8839116,-0.066503,0.032214,0.951172,0.954038,4.442237,154.154282
5.9033303,-0.063330,0.032946,0.967645,0.970275,4.219326,152.515137
5.9227500,-0.075654,0.044050,0.958372,0.962362,5.219319,149.789551
5.9421659,-0.056131,0.019768,0.959104,0.960948,3.550493,160.599060
5.9615827,-0.050518,0.034045,0.967645,0.969561,3.602338,146.023453
5.9809999,-0.058693,0.025869,0.955687,0.957837,3.839665,156.214584
6.0004177,-0.087369,0.000854,0.948000,0.952018,5.265815,179.439865
6.0198364,-0.061622,0.014765,1.011574,1.013557,3.584356,166.525726
6.0392561,-0.072238,0.036607,0.965083,0.968475,4.796650,153.126083
6.0586739,-0.038681,0.002807,0.961910,0.962692,2.308850,175.850159
6.0780911,-0.002440,0.023306,0.968011,0.968295,1.386775,95.977768
6.0975103,-0.088101,0.042220,1.007303,1.012029,5.539552,154.395126
6.1169300,-0.027333,0.010738,0.935065,0.935526,1.798853,158.552261
6.1363473,-0.024283,0.025015,0.999615,1.000223,1.997334,134.149139
6.1557660,-0.079193,0.048321,0.966547,0.970989,5.482585,148.609726
6.1751833,-0.027455,0.020622,0.969720,0.970327,2.027965,143.089386
6.1946011,-0.014643,0.034777,0.968744,0.969478,2.230638,112.833649
6.2140188,-0.066869,0.035753,0.955687,0.958690,4.536478,151.867859
6.2334380,-0.037461,0.011958,0.934577,0.935404,2.409322,162.295975
6.2528577,-0.044294,0.028920,0.938848,0.940337,3.224887,146.859772
6.2722769,-0.028065,0.031970,0.951050,0.952001,2.561167,131.278687
6.2916946,0.007077,0.008176,0.930062,0.930125,0.666172,49.118195
6.3111134,-0.029896,0.012080,0.950440,0.950987,1.943098,157.997269
6.3305306,0.014643,0.023306,0.954467,0.954864,1.651853,57.859997
6.3499484,-0.075044,-0.011226,0.948366,0.951397,4.574574,188.507980
6.3693657,-0.070407,-0.004759,0.971062,0.973623,4.156427,183.866791
6.3887863,0.004759,0.010616,0.940434,0.940506,0.708588,65.854462
6.4082055,-0.021964,-0.024649,0.959592,0.960160,1.970502,228.296112
6.4276242,-0.024649,-0.037583,0.962398,0.963447,2.673861,236.741364
6.4470415,-0.031726,-0.013301,0.994612,0.995207,1.980903,202.744934
6.4664598,-0.016595,-0.027699,0.943973,0.944525,1.959147,239.073380
6.4858785,-0.049908,-0.059425,0.880155,0.883569,5.038706,229.975266
6.5052967,-0.040878,-0.033068,0.972038,0.973459,3.096171,218.971313
6.5247149,-0.018914,-0.015985,0.929696,0.930026,1.525852,220.203201
6.5441313,-0.051738,-0.048199,0.899434,0.902210,4.495185,222.972061
6.5635495,0.017327,-0.047467,0.877470,0.878924,3.295862,290.054047
6.5829697,0.035021,-0.026479,0.920178,0.921225,2.731727,322.907166
6.6023884,0.009884,-0.047589,0.873931,0.875282,3.183338,281.733093
6.6218081,0.043440,-0.044905,0.912613,0.914749,3.916417,314.050446
6.6412282,0.092616,-0.017205,0.864292,0.869410,6.220188,349.476074
6.6606474,0.132761,-0.020256,0.905047,0.914957,8.440385,351.325073
6.6800656,0.021232,-0.083098,0.837080,0.841463,5.850155,284.332794
6.6994834,-0.120193,0.025869,0.909196,0.917471,7.701076,167.853607
6.7189012,0.111773,-0.018792,0.738119,0.746771,8.729875,350.456543
6.7383208,-0.019768,-0.041366,0.816702,0.817988,3.212966,244.457977
6.7577381,-0.028065,0.024161,0.848917,0.849724,2.497792,139.275833
6.7771568,-0.079681,-0.035509,0.874908,0.879246,5.694022,204.019455
6.7965736,-0.046003,-0.154116,0.867830,0.882608,10.499494,253.379868
6.8159914,-0.062720,-0.242949,1.045008,1.074709,13.501524,255.524475
6.8354096,-0.001952,-0.309207,1.229752,1.268031,14.114058,269.638245
6.8548274,-0.260886,-0.237213,1.293448,1.340649,15.248875,222.279022
6.8742447,-0.105916,-0.300300,1.200710,1.242217,14.853061,250.572144
6.8936639,0.125806,-0.570093,1.312117,1.436136,23.986053,282.444366
6.9130831,0.107503,-0.634399,1.945297,2.048951,18.302603,279.617737
6.9325042,-0.198776,-0.233919,2.113689,2.135863,8.263247,229.643280
6.9519224,-0.116654,-0.777289,0.856116,1.162205,42.554813,261.464844
6.9713411,0.372293,-0.318725,2.615693,2.661210,10.612203,319.432739
6.9907603,-0.079681,-0.290050,0.809259,0.863353,20.389713,254.638870
7.0101790,0.170955,-0.177544,1.407784,1.429196,9.930502,313.916809
7.0295973,-0.187428,-0.199020,0.808527,0.853495,18.681664,226.718185
7.0490150,0.169735,-0.040512,1.051841,1.066218,9.419682,346.575958
7.0684342,0.003783,-0.143622,0.695045,0.709739,11.679008,271.508728
7.0878539,-0.041366,0.010616,0.588885,0.590431,4.147843,165.606415
7.1072726,0.011714,0.015741,0.867342,0.867564,1.295884,53.343887
7.1266923,-0.033923,0.068577,0.712739,0.716833,6.126919,116.319855
7.1461086,0.000488,0.145086,0.932747,0.943963,8.841380,89.807251
7.1655264,-0.112994,0.240996,1.066240,1.098961,14.016521,115.120041
7.1849456,-0.138497,0.233065,1.005107,1.041028,15.095265,120.720512
7.2043653,-0.006955,0.239776,0.905658,0.936887,14.834998,91.661552
7.2237840,0.060280,0.206097,1.205713,1.224685,10.098257,73.696815
7.2432032,-0.275651,0.426106,1.572759,1.652610,17.883701,122.899124
7.2626204,-0.070530,0.274553,0.765453,0.816254,20.320890,104.407127
7.2820392,0.065649,0.312258,1.301135,1.339689,13.779004,78.127144
7.3014545,-0.218910,0.181571,1.036955,1.075251,15.337631,140.326614
7.3208709,0.002807,0.106892,0.910172,0.916432,6.700542,88.496002
7.3402901,-0.041366,-0.056497,0.828051,0.831006,4.833551,233.789108
7.3597093,-0.020744,-0.009274,0.839887,0.840194,1.549524,204.087448
7.3791289,-0.169612,-0.003051,0.683697,0.704428,13.934901,181.030396
7.3985491,0.121291,-0.038437,0.637938,0.650503,11.279554,342.416534
7.4179683,0.062598,-0.091640,0.614144,0.624090,10.243075,304.336578
7.4373875,-0.024039,-0.165464,0.559233,0.583693,16.645744,261.733887
7.4568052,0.013423,-0.228062,0.609385,0.650801,20.550859,273.368256
7.4762244,0.028065,-0.196580,0.544834,0.579893,20.025009,278.125122
7.4956398,0.036119,-0.188892,0.520430,0.554826,20.280798,280.825104
7.5150599,-0.046491,-0.237213,0.588031,0.635776,22.346468,258.911285
7.5344796,0.044050,-0.218544,0.594864,0.635268,20.544661,281.396027
7.5538993,-0.012202,-0.215493,0.690896,0.723826,17.349007,266.759094
7.5733166,0.013911,-0.213175,0.675277,0.708263,17.555092,273.733521
7.5927348,0.011104,-0.211833,0.738241,0.768112,16.031256,273.000671
7.6121531,-0.000732,-0.200972,0.842693,0.866327,13.413904,269.791260
7.6315722,-0.054300,-0.230746,0.787051,0.821974,16.761604,256.757782
7.6509895,-0.007443,-0.145208,0.919690,0.931113,8.983823,267.065552
7.6704102,0.000000,-0.125440,0.819753,0.829295,8.700010,270.000000
7.6898293,-0.066381,-0.127270,0.883327,0.894914,9.229927,242.454697
7.7092457,-0.087735,-0.070774,0.885402,0.892548,7.255392,218.892288
7.7286649,-0.010494,-0.058815,0.780461,0.782745,4.377435,259.883545
7.7480836,0.024771,-0.106770,0.809259,0.816648,7.713222,283.061554
7.7675009,-0.070774,-0.000366,0.871491,0.874360,4.642875,180.296356
7.7869191,-0.008298,-0.009640,0.800717,0.800818,0.910212,229.279465
7.8063374,0.013423,-0.019646,0.708468,0.708867,1.923662,304.342041
7.8257585,0.006345,0.012812,0.794128,0.794257,1.031735,63.653633
7.8451772,0.131419,-0.171565,0.837812,0.865237,14.464194,307.452209
7.8645949,-0.073458,-0.520430,1.020726,1.148096,27.244678,261.965851
7.8840113,0.423787,-0.337395,1.650976,1.737571,18.164883,321.475250
7.9034295,-0.080657,-0.306889,1.320293,1.357888,13.513821,255.274384
7.9228468,-0.307743,-0.469180,1.816928,1.901595,17.161690,236.738464
7.9422665,0.178764,-0.670274,1.289665,1.464398,28.275555,284.933350
7.9616857,0.442945,-0.730310,2.587994,2.725301,18.264906,301.237488
7.9811058,-0.213297,-0.475647,1.886848,1.957532,15.443983,245.846863
8.0005255,-0.133494,-0.689676,1.658176,1.800839,22.959671,259.045319
8.0199423,-0.232577,-0.291880,1.771779,1.810660,11.894991,231.451370
8.0393600,-0.026967,-0.292368,0.722744,0.780106,22.109056,264.730103
8.0587797,-0.042220,-0.087247,1.542498,1.545540,3.595537,244.176910
8.0782003,-0.174249,-0.217324,0.286389,0.399513,44.205456,231.277481
8.0976200,-0.062354,-0.078949,1.013038,1.018021,5.671328,231.698349
8.1170387,0.023551,0.063452,0.643673,0.647222,6.002537,69.637398
8.1364594,-0.042464,-0.066015,0.230014,0.243038,18.842344,237.248718
8.1558781,-0.072604,0.000732,0.488582,0.493947,8.452800,179.422241
8.1752977,0.048199,0.212321,0.552766,0.594099,21.498440,77.209969
8.1947165,0.055277,0.142401,0.518233,0.540277,16.423302,68.785042
8.2141352,0.135202,0.194627,0.824756,0.858127,16.031107,55.213417
8.2335548,-0.052958,0.290660,1.482340,1.511496,11.271904,100.326012
8.2529745,-0.395844,0.251856,1.477215,1.549932,17.620203,147.533386
8.2723923,0.130443,0.260032,0.818411,0.868578,19.568470,63.359718
8.2918110,-0.081756,0.697608,2.071225,2.187078,18.732540,96.684250
8.3112307,-0.298591,0.055155,1.028779,1.072653,16.443884,169.534515
8.3306494,0.094812,0.477111,1.161907,1.259624,22.716974,78.760536
8.3500681,-0.205975,0.339713,1.389968,1.445629,15.950952,121.229347
8.3694868,0.070530,0.042830,0.593278,0.598988,7.918148,31.268904
8.3889065,0.143744,-0.063696,1.161296,1.171891,7.710219,336.100708
8.4083252,0.040756,-0.001342,0.894065,0.894995,2.611495,358.113708
8.4277420,-0.139107,-0.171931,0.657340,0.693546,18.595205,231.024216
8.4471588,0.031116,-0.085050,0.780584,0.785820,6.617877,290.095245
8.4665747,0.132761,-0.231356,0.649530,0.702169,22.326448,299.848907
8.4859934,0.005491,-0.301276,0.791932,0.847321,20.831543,271.044159
8.5054111,-0.109577,-0.305669,0.801450,0.864732,22.055861,250.278107
8.5248318,0.078217,-0.345814,0.679914,0.766804,27.540342,282.744843
8.5442495,0.057717,-0.374002,0.856360,0.936248,23.840834,278.772858
8.5636702,-0.097497,-0.410609,0.740926,0.852688,29.665459,256.642792
8.5830879,-0.050884,-0.321044,1.039029,1.088687,17.371817,260.993835
8.6025066,0.074556,-0.345326,0.744465,0.824037,25.386503,282.183228
8.6219263,-0.002074,-0.273943,0.801450,0.846977,18.871380,269.566132
8.6413450,-0.119705,-0.314210,0.735313,0.808543,24.573427,249.144623
8.6607637,-0.083708,-0.329463,0.923473,0.984050,20.208683,255.744278
8.6801825,-0.071506,-0.169368,0.938726,0.956559,11.080826,247.111008
8.6996002,-0.034777,-0.113726,0.965937,0.973230,7.018839,252.996689
8.7190189,-0.097253,-0.232210,0.825976,0.863491,16.950949,247.275452
8.7384348,-0.018548,-0.075899,1.168374,1.170983,3.825768,256.267609
8.7578526,-0.116776,0.013179,0.921521,0.928984,7.267469,173.561264
8.7772703,-0.026357,-0.049297,1.063068,1.064536,3.010124,241.868652
8.7966890,-0.082244,-0.013056,0.975943,0.979489,4.877047,189.020645
8.8161058,-0.037705,0.079193,1.167032,1.170323,4.298149,115.459923
8.8355255,-0.108479,0.044661,1.030975,1.037628,6.491657,157.623108
8.8549452,-0.024283,0.048687,1.098943,1.100289,2.834347,116.507584
8.8743639,-0.027699,0.097863,1.046594,1.051525,5.550508,105.803764
8.8937817,-0.054300,0.114946,1.099065,1.106392,6.597963,115.286011
8.9131994,-0.059059,0.099083,1.024264,1.030739,6.425380,120.797440
8.9326181,0.000000,0.046857,0.981190,0.982308,2.734090,90.000000
8.9520350,-0.008542,0.019402,0.996199,0.996424,1.219007,113.761566
8.9714527,0.022086,0.029042,0.956907,0.957603,2.183640,52.746861
8.9908714,-0.005979,0.053812,0.926158,0.927739,3.345680,96.340195
9.0102882,-0.042952,-0.099693,0.821339,0.828482,7.528872,246.691467
9.0297070,-0.108845,-0.156312,0.961056,0.979750,11.210361,235.149307
9.0491257,0.021232,-0.034655,0.822194,0.823197,2.829854,301.494812
9.0685444,-0.064184,-0.129833,0.893455,0.905118,9.207736,243.694000
9.0879622,-0.055033,-0.159729,0.835616,0.852523,11.429873,250.989227
9.1073828,-0.017327,-0.169246,0.823902,0.841284,11.667277,264.154480
9.1268024,-0.042464,-0.150943,0.858068,0.872278,10.355886,254.287338
9.1462212,-0.107747,-0.191943,0.857946,0.885733,14.389572,240.692413
9.1656408,-0.035143,-0.147404,0.929452,0.941724,9.259900,256.590393
9.1850595,-0.070163,-0.163145,0.858801,0.876971,11.683613,246.729034
9.2044773,-0.081390,-0.169979,0.891747,0.911444,11.933154,244.413849
9.2238951,-0.059791,-0.155824,0.997907,1.011768,9.494900,249.007599
9.2433119,-0.108113,-0.156678,0.959958,0.978650,11.216173,235.393112
9.2627306,-0.065527,-0.122023,0.989732,0.999376,7.966319,241.764206
9.2821484,-0.081268,-0.125562,0.993148,1.004347,8.564308,237.087830
9.3015671,-0.067357,-0.129589,0.999005,1.009625,8.317368,242.535767
9.3209877,-0.100791,-0.078827,1.008645,1.016729,7.229847,218.028336
9.3404055,-0.088467,-0.103232,0.993270,1.002531,7.793896,229.404282
9.3598223,-0.053080,-0.113970,1.043666,1.051211,6.869041,245.026779
9.3792410,-0.049419,-0.066381,1.041592,1.044874,4.542735,233.332855
9.3986559,-0.048321,-0.093958,1.056112,1.061384,5.712956,242.783890
9.4180727,-0.077851,-0.074800,1.048181,1.053726,5.880700,223.855148
9.4374895,-0.035021,-0.063574,1.085642,1.088066,3.824847,241.151230
9.4569082,-0.018304,-0.068577,1.024752,1.027207,3.962151,255.055893
9.4763260,-0.072726,-0.087247,1.044276,1.050435,6.207536,230.186554
9.4957466,-0.058815,-0.068211,1.012062,1.016062,5.085500,229.230316
9.5151644,-0.025747,-0.096032,1.030121,1.034908,5.512884,254.991577
9.5345850,-0.089687,-0.086881,0.971672,0.979663,7.322845,224.089371
9.5540028,-0.065283,-0.085904,1.007669,1.013429,6.111606,232.767227
9.5734215,-0.049053,-0.121657,0.942265,0.951351,7.925334,248.040237
9.5928402,-0.102378,-0.097741,1.005717,1.015628,8.011091,223.672653
9.6122561,-0.083586,-0.136056,0.936041,0.949564,9.680969,238.435516
9.6316729,-0.101279,-0.139107,0.938238,0.953886,10.392411,233.942749
9.6510916,-0.148747,-0.097253,0.938360,0.955041,10.724347,213.177246
9.6705065,-0.106648,-0.200728,0.896994,0.925345,14.219617,242.017975
9.6899242,-0.074556,-0.122633,0.950074,0.960853,8.590182,238.702057
9.7093420,-0.197678,-0.139839,0.931893,0.962837,14.565409,215.275879
9.7287607,-0.167782,-0.189380,0.957395,0.990263,14.803273,228.460541
9.7481756,-0.071140,-0.131907,0.883937,0.896552,9.622755,241.661331
9.7675905,-0.131419,-0.101767,0.954101,0.968471,9.882424,217.753235
9.7870064,-0.070530,-0.168514,0.832810,0.852610,12.372006,247.288879
9.8064251,-0.032702,-0.111163,0.955809,0.962807,6.912280,253.607056
9.8258400,-0.021598,-0.064672,0.952026,0.954465,4.096486,251.532623
9.8452597,-0.046003,-0.107869,0.854530,0.862539,7.813992,246.903183
9.8646803,0.032458,-0.118607,0.928476,0.936583,7.544364,285.304993
9.8841000,0.056497,-0.086393,0.916030,0.921827,6.429468,303.182861
9.9035225,0.019768,-0.038925,0.972160,0.973140,2.571311,296.923157
9.9229412,0.079071,-0.098839,0.864536,0.873752,8.329399,308.659821
9.9423609,0.061378,-0.099083,0.937750,0.944965,7.084961,301.776489
9.9617796,0.049664,-0.062598,0.961300,0.964615,4.751637,308.427521
9.9811983,0.025137,-0.074068,0.949952,0.953167,4.707026,288.745880
10.0006161,-0.024771,-0.138252,0.926768,0.937350,8.617759,259.842072
10.0200338,-0.071140,-0.118607,1.032928,1.042146,7.626350,239.044907
10.0394526,-0.065649,-0.082000,0.979604,0.985219,6.120325,231.319397
10.0588703,-0.049664,-0.164121,1.012550,1.026966,9.611573,253.164063
10.0782909,-0.132761,-0.185354,1.072098,1.096072,12.005774,234.387466
