Keuwl Accelerometer Data File
2021-05-23 11-11-58

Time (s), X (g), Y (g), Z (g), R (g), Theta (deg), Phi (deg)
0.0000000,0.028920,-0.046613,1.094672,1.096045,2.868739,301.816254
0.0193984,-0.001586,-0.013911,0.712006,0.712144,1.126744,263.494385
0.0387961,0.026723,-0.037705,0.937506,0.938644,2.822096,305.326630
0.0581942,0.033800,-0.053202,1.070633,1.072487,3.369297,302.428650
0.0775916,0.018304,-0.049786,1.010476,1.011867,3.004917,290.185791
0.0969909,0.023673,-0.036241,0.950562,0.951547,2.607369,303.152527
0.1163881,0.038071,-0.048199,0.992416,0.994315,3.541548,308.304260
0.1357875,0.020866,-0.044050,0.964595,0.965825,2.892794,295.346191
0.1551862,0.028920,-0.038803,0.969476,0.970683,2.857800,306.696533
0.1745875,0.027211,-0.042830,0.983874,0.985182,2.952406,302.428925
0.1939857,0.025259,-0.040756,0.964839,0.966030,2.845031,301.789001
0.2133856,0.034777,-0.038559,0.974967,0.976349,3.048638,312.047272
0.2327846,0.025381,-0.040390,0.981190,0.982349,2.783333,302.145203
0.2521850,0.021964,-0.049664,0.964961,0.966488,3.220938,293.857910
0.2715828,0.028553,-0.040390,0.980824,0.982070,2.887036,305.258362
0.2909820,0.026357,-0.043928,0.973625,0.974971,3.011944,300.963745
0.3103808,0.009640,-0.040878,0.978750,0.979650,2.457104,283.269104
0.3297802,0.017449,-0.048809,0.970208,0.971592,3.058255,289.671967
0.3491795,0.060158,-0.084318,0.991684,0.997078,5.962726,305.506287
0.3685791,0.065160,-0.013056,0.974479,0.976742,3.901288,348.669434
0.3879768,-0.010128,-0.042830,0.926279,0.927324,2.720309,256.695801
0.4073760,0.041610,-0.030140,1.013038,1.014340,2.903331,324.082672
0.4267747,0.030994,-0.050640,0.959348,0.961183,3.541437,301.468628
0.4461744,0.027943,-0.043562,0.956175,0.957575,3.098193,302.678406
0.4655726,0.036363,-0.034777,1.008157,1.009412,2.857184,316.277405
0.4849718,0.013911,-0.047467,0.939214,0.940516,3.014673,286.333710
0.5043709,0.052592,-0.042952,0.994368,0.996684,3.906504,320.761292
0.5237715,0.012812,-0.034167,0.966547,0.967236,2.162022,290.556061
0.5431706,0.031604,-0.049786,0.967279,0.969075,3.488632,302.407532
0.5625705,0.039658,-0.035875,0.985827,0.987276,3.104947,317.867035
0.5819713,0.020500,-0.042708,0.961300,0.962467,2.821264,295.640991
0.6013722,0.030262,-0.046979,0.984973,0.986557,3.247150,302.787842
0.6207727,0.030506,-0.037827,0.963863,0.965087,2.886223,308.884491
0.6401716,0.024771,-0.047711,0.980580,0.982052,3.137936,297.437500
0.6595687,0.025137,-0.044905,0.968255,0.969622,3.042339,299.239349
0.6789660,0.040390,-0.043196,0.977895,0.979682,3.460740,313.076935
0.6983649,0.015863,-0.044783,0.968744,0.969908,2.807631,289.505341
0.7177664,0.033800,-0.046857,0.975821,0.977530,3.388361,305.804962
0.7371659,0.030262,-0.041976,0.974601,0.975973,3.039248,305.788971
0.7565659,0.028920,-0.043440,0.971672,0.973073,3.074280,303.652924
0.7759665,0.028431,-0.044417,0.975943,0.977367,3.093071,302.623718
0.7953667,0.040146,-0.039047,0.969232,0.970848,3.306952,315.794495
0.8147661,0.026845,-0.043806,0.979604,0.980950,3.002310,301.500519
0.8341666,0.023795,-0.040024,0.966669,0.967790,2.757686,300.731995
0.8535663,0.047223,-0.041000,0.983020,0.985008,3.640133,319.034912
0.8729649,-0.005003,-0.042342,0.966669,0.967609,2.525535,263.261414
0.8923631,0.103842,-0.035753,0.973136,0.979314,6.438915,341.001373
0.9117611,-0.037949,-0.053324,0.990342,0.992502,3.781029,234.561661
0.9311606,0.075654,-0.030506,0.927744,0.931323,5.024884,338.039429
0.9505593,0.005369,-0.049297,1.042934,1.044112,2.722251,276.215637
0.9699584,0.036119,-0.045759,0.890161,0.892067,3.746902,308.285217
0.9893592,0.041244,-0.044050,1.057821,1.059541,3.265007,313.115417
1.0087568,0.006711,-0.043928,0.898214,0.899313,2.832343,278.686340
1.0281553,0.061256,-0.053080,1.031342,1.034522,4.493703,319.089966
1.0475543,0.008054,-0.037217,0.930916,0.931695,2.342429,282.210175
1.0669540,0.035631,-0.051006,0.993270,0.995217,3.584356,304.936798
1.0863537,0.032702,-0.045027,0.967889,0.969488,3.290631,305.990417
1.1057541,0.021720,-0.037583,0.967279,0.968253,2.569560,300.024567
1.1251525,0.032702,-0.047467,0.992416,0.994089,3.324135,304.564758
1.1445535,0.031604,-0.038071,0.954589,0.955870,2.967221,309.697021
1.1639518,0.021110,-0.037827,0.991684,0.992630,2.501237,299.164337
1.1833490,0.030018,-0.040512,0.967401,0.968714,2.983538,306.537109
1.2027465,0.038803,-0.040512,0.979482,0.981087,3.277874,313.766113
1.2221459,0.017815,-0.037339,0.973259,0.974137,2.434054,295.506927
1.2415439,0.038315,-0.045515,0.973502,0.975319,3.497264,310.091461
1.2609442,0.037583,-0.041854,0.977163,0.978781,3.294674,311.922546
1.2803435,0.027333,-0.043196,0.963497,0.964852,3.036929,302.324341
1.2997414,0.031238,-0.044294,0.980824,0.982320,3.162979,305.192810
1.3191396,0.038681,-0.045027,0.956297,0.958138,3.551981,310.665161
1.3385409,0.027699,-0.045027,0.981556,0.982979,3.082801,301.598846
1.3579398,0.022818,-0.044050,0.962887,0.964164,2.949354,297.384399
1.3773400,0.047711,-0.046857,0.980946,0.983223,3.899932,315.517487
1.3967398,0.015131,-0.041732,0.967157,0.968176,2.628007,289.929291
1.4161385,0.031238,-0.044661,0.983996,0.985505,3.170212,304.971008
1.4355365,0.029652,-0.043440,0.972526,0.973948,3.095665,304.316833
1.4549354,0.025503,-0.037217,0.975333,0.976376,2.648411,304.420746
1.4743339,0.025015,-0.033190,0.981800,0.982679,2.423982,307.004486
1.4937319,0.036485,-0.017571,0.969964,0.970809,2.390646,334.284271
1.5131288,0.020134,0.001342,0.980702,0.980909,1.178690,3.814075
1.5325280,0.022696,0.004271,0.965205,0.965481,1.370736,10.656848
1.5519270,0.039047,0.010128,0.990708,0.991529,2.331709,14.540669
1.5713264,0.000122,0.017327,0.963375,0.963530,1.030406,89.596512
1.5907252,0.035509,0.023062,0.998395,0.999293,2.428419,33.003105
1.6101229,0.022574,0.019280,0.966669,0.967125,1.759030,40.499119
1.6295215,0.021842,0.020744,0.980458,0.980920,1.759808,43.522785
1.6489216,0.028798,0.026723,0.993392,0.994169,2.264685,42.860275
1.6683209,0.021110,0.016473,0.967523,0.967894,1.585232,37.966579
1.6877213,0.036119,0.028675,0.978261,0.979348,2.699071,38.446728
1.7071192,0.007687,0.023306,0.988511,0.988816,1.422165,71.745224
1.7265192,0.042708,0.021842,0.954345,0.955550,2.877528,27.086502
1.7459184,0.029896,0.028309,1.011818,1.012655,2.330114,43.438866
1.7653173,0.003783,0.023673,0.921765,0.922076,1.489903,80.921242
1.7847161,0.067235,0.023184,1.033050,1.035495,3.938306,19.025604
1.8041140,-0.005003,0.021598,0.916396,0.916664,1.385928,103.041893
1.8235112,0.046491,0.025137,1.007059,1.008445,3.004200,28.399311
1.8429106,0.019890,0.024527,0.956419,0.956940,1.891033,50.959839
1.8623098,0.021842,0.015131,0.966913,0.967278,1.574082,34.711792
1.8817073,0.031848,0.024161,0.982776,0.983589,2.329274,37.184708
1.9011043,0.018426,0.020500,0.965449,0.965842,1.635303,48.050491
1.9205010,0.030994,0.011348,0.988755,0.989306,1.911927,20.109787
1.9398956,0.020378,0.016107,0.958006,0.958358,1.553182,38.323521
1.9592938,0.026601,0.019524,0.998273,0.998818,1.893206,36.276619
1.9786921,0.017571,0.010738,0.962642,0.962863,1.225571,31.429564
1.9980932,0.030018,0.013423,0.981800,0.982350,1.918161,24.092016
2.0174925,0.013423,0.018181,0.984119,0.984378,1.315517,53.563213
2.0368905,0.028431,0.016717,0.973259,0.973817,1.940881,30.454798
2.0562894,0.033434,0.012446,0.976675,0.977327,2.092093,20.418427
2.0756888,0.004515,0.019646,0.981434,0.981641,1.176696,77.057381
2.0950871,0.032702,0.016351,0.973869,0.974555,2.150131,26.565048
2.1144855,0.034045,0.017693,0.976919,0.977672,2.249162,27.461496
2.1338813,0.009640,0.016107,0.978872,0.979052,1.098783,59.100117
2.1532788,0.029286,0.020866,0.974479,0.975142,2.113407,35.469872
2.1726770,0.040390,0.026601,0.972648,0.973850,2.846545,33.369312
2.1920748,0.006711,0.019036,0.972648,0.972858,1.188774,70.579178
2.2114716,0.036973,0.033556,0.980824,0.982094,2.914166,42.226593
2.2308698,0.039780,0.033068,0.965815,0.967199,3.065863,39.736351
2.2502673,0.003173,0.029042,0.984485,0.984918,1.699733,83.765518
2.2696645,0.030628,0.040756,0.964717,0.966063,3.025045,53.075249
2.2890635,0.035265,0.041122,0.991684,0.993162,3.126749,49.384708
2.3084643,0.015741,0.034533,0.965571,0.966317,2.250815,65.495056
2.3278630,0.034899,0.044172,0.992904,0.994499,3.245039,51.689320
2.3472631,0.016107,0.046857,0.969598,0.970863,2.925363,71.029587
2.3666618,0.028798,0.040146,0.983020,0.984261,2.877256,54.347172
2.3860607,0.026601,0.047589,0.983875,0.985384,3.171694,60.795929
2.4054599,0.018304,0.050152,0.976553,0.978011,3.129190,69.949760
2.4248598,0.029896,0.052592,0.982776,0.984636,3.522423,60.384129
2.4442580,0.019768,0.046369,0.979848,0.981143,2.944904,66.910683
2.4636569,0.021842,0.049664,0.974235,0.975744,3.187517,66.259941
2.4830551,0.028553,0.047345,0.984607,0.986158,3.213941,58.906124
2.5024526,0.016107,0.046125,0.972526,0.973753,2.875963,70.750473
2.5218515,0.027211,0.053202,0.990342,0.992143,3.453037,62.911713
2.5412524,0.016595,0.046369,0.977773,0.979013,2.883508,70.307983
2.5606532,0.023184,0.049419,0.974845,0.976372,3.204974,64.867043
2.5800533,0.018304,0.054666,0.982044,0.983735,3.359579,71.488350
2.5994523,0.022086,0.048565,0.957517,0.959003,3.189175,65.545197
2.6188536,0.028553,0.052958,1.001202,1.003008,3.438946,61.667763
2.6382554,0.010006,0.053202,0.953613,0.955148,3.249139,79.348610
2.6576557,0.038437,0.053202,0.999005,1.001159,3.758955,54.152752
2.6770566,0.009030,0.048931,0.955931,0.957225,2.979598,79.544342
2.6964564,0.031970,0.057961,0.981190,0.983420,3.859503,61.119801
2.7158561,0.024405,0.060402,0.981190,0.983350,3.798544,67.999298
2.7352552,0.013911,0.054788,0.957639,0.959306,3.378060,75.753777
2.7546546,0.027821,0.066381,1.004374,1.006950,4.098923,67.260582
2.7740538,0.020012,0.056985,0.949220,0.951139,3.640671,70.649864
2.7934515,0.029530,0.062842,1.003642,1.006041,3.957551,64.831032
2.8128510,0.015741,0.056863,0.959836,0.961648,3.517528,74.526634
2.8322473,0.031238,0.058205,0.995345,0.997534,3.796998,61.778095
2.8516443,0.021476,0.058083,0.975699,0.977662,3.631624,69.708229
2.8710413,0.021110,0.053324,0.971062,0.972754,3.379914,68.402328
2.8904390,0.011348,0.061988,0.981800,0.983820,3.672532,79.625694
2.9098380,0.041488,0.056253,0.984485,0.986963,4.061100,53.590221
2.9292378,0.005369,0.063940,0.985583,0.987669,3.724941,85.200165
2.9486382,0.029286,0.058327,0.950806,0.953044,3.926803,63.339134
2.9680386,0.011470,0.059059,0.988511,0.990340,3.482790,79.009132
2.9874370,0.014765,0.064062,0.963497,0.965737,3.903445,77.021324
3.0068374,0.036973,0.057717,1.017309,1.019615,3.854680,57.356705
3.0262365,0.016717,0.063330,0.992904,0.995062,3.774187,75.212975
3.0456352,0.003905,0.067113,0.954101,0.956466,4.030412,86.670181
3.0650318,-0.001220,0.059791,0.954833,0.956704,3.583974,91.169136
3.0844305,0.011348,0.080413,0.945803,0.949283,4.907560,81.967300
3.1038291,0.017571,0.083586,0.974357,0.978093,5.009772,78.128204
3.1232290,0.031360,0.069065,0.995955,0.998839,4.355231,65.578934
3.1426277,0.023551,0.076631,0.989488,0.992730,4.631935,72.916504
3.1620276,0.026845,0.076387,0.998151,1.001430,4.637472,70.636604
3.1814253,0.011958,0.070896,0.986315,0.988932,4.169177,80.425774
3.2008226,0.027699,0.076875,0.976675,0.980087,4.782457,70.185020
3.2202203,0.013301,0.069553,0.976797,0.979361,4.146426,79.174133
3.2396209,0.031848,0.075166,0.977285,0.980689,4.774955,67.037567
3.2590213,0.026967,0.074068,0.973747,0.976932,4.628000,69.994164
3.2784212,0.018792,0.079193,0.984607,0.987965,4.725551,76.651276
3.2978201,0.025625,0.076509,0.978750,0.982070,4.712683,71.482849
3.3172207,0.023795,0.078583,0.994002,0.997388,4.722026,73.153946
3.3366208,0.020256,0.080047,0.971550,0.975053,4.857768,75.799469
3.3560185,0.009884,0.078705,0.987413,0.990594,4.592949,82.842186
3.3754168,0.028675,0.077241,0.997297,1.000695,4.722732,69.632660
3.3948162,0.015985,0.084562,0.978993,0.982769,5.023753,79.295509
3.4142134,0.017449,0.088101,0.971428,0.975571,5.282162,78.796936
3.4336116,0.010006,0.084806,0.989488,0.993166,4.932527,83.271034
3.4530098,0.016717,0.087491,0.979848,0.983888,5.194219,79.182655
3.4724102,0.010494,0.098595,0.972404,0.977446,5.822078,83.924561
3.4918098,0.013301,0.098961,0.978261,0.983344,5.827967,82.345207
3.5112100,0.010372,0.096765,0.979726,0.984547,5.672745,83.881943
3.5306101,0.002074,0.096765,0.982898,0.987652,5.623819,88.771904
3.5500114,0.011592,0.103232,0.974845,0.980364,6.082572,83.592918
3.5694096,-0.004149,0.108723,0.974113,0.980170,6.373137,92.185310
3.5888102,0.001708,0.108235,0.982166,0.988113,6.289399,89.095741
3.6082096,-0.010494,0.117509,0.985217,0.992255,6.828461,95.103218
3.6276119,0.006467,0.126782,0.983020,0.991184,7.358448,87.079842
3.6470134,-0.011592,0.127514,0.977407,0.985758,7.463244,95.194427
3.6664162,-0.006345,0.139107,0.979848,0.989693,8.088425,92.611679
3.6858180,0.001098,0.144964,0.989244,0.999809,8.337034,89.565948
3.7052188,-0.018792,0.143499,0.975699,0.986374,8.437127,97.460564
3.7246189,-0.008298,0.150211,0.975333,0.986867,8.768447,93.161781
3.7440181,-0.014277,0.153505,0.987657,0.999617,8.871967,95.313492
3.7634158,-0.001342,0.164488,0.989854,1.003428,9.435152,90.467537
3.7828150,-0.013423,0.173761,0.988999,1.004238,9.993890,94.417168
3.8022127,-0.007199,0.186452,0.985461,1.002970,10.721685,92.211235
3.8216126,-0.013179,0.192309,0.984973,1.003657,11.072898,93.920235
3.8410125,-0.008664,0.202193,0.988877,1.009374,11.566146,92.453537
3.8604119,-0.013423,0.207196,0.989976,1.011515,11.845082,93.706558
3.8798096,-0.008420,0.209270,0.982044,1.004129,12.039023,92.303955
3.8992090,-0.005369,0.212077,0.988267,1.010781,12.115412,91.450218
3.9186089,-0.002196,0.219520,0.989488,1.013548,12.509212,90.573257
3.9380102,0.002318,0.226109,0.989121,1.014639,12.876989,89.412529
3.9574094,0.004271,0.228550,0.987169,1.013290,13.037673,88.929459
3.9768095,0.001586,0.229404,0.985217,1.011573,13.107851,89.603813
3.9962072,-0.007199,0.234773,0.980580,1.008319,13.470537,91.756439
4.0156064,0.014033,0.235139,0.991196,1.018801,13.368325,86.584740
4.0350080,0.007321,0.234407,0.998273,1.025451,13.220572,88.211021
4.0544090,0.007809,0.232699,0.996321,1.023164,13.153371,88.077843
4.0738101,0.016961,0.241240,0.990220,1.019323,13.724368,85.978233
4.0932117,-0.000488,0.241362,0.992294,1.021226,13.670964,90.115868
4.1126108,0.014399,0.235139,0.990342,1.017976,13.380668,86.495865
4.1320100,0.007321,0.235993,0.985095,1.012995,13.478364,88.223038
4.1514068,-0.011470,0.238678,0.984363,1.012950,13.644583,92.751358
4.1708055,-0.006345,0.252344,0.977041,1.009122,14.485932,91.440399
4.1902046,-0.005613,0.248318,0.972892,1.004098,14.321763,91.294914
4.2096057,-0.008420,0.235261,0.961910,0.990298,13.751892,92.049644
4.2290072,-0.022574,0.250392,0.971916,1.003906,14.502920,95.151627
4.2484093,-0.008542,0.247097,0.975821,1.006656,14.217879,91.979805
4.2678084,-0.006467,0.242705,0.969354,0.999297,14.061401,91.526375
4.2872105,-0.028920,0.254053,0.982288,1.015022,14.590524,96.494186
4.3066115,-0.001708,0.255273,0.983875,1.016453,14.545393,90.383430
4.3260131,-0.023062,0.260154,0.984729,1.018775,14.854233,95.065979
4.3454132,-0.015375,0.255395,0.983020,1.015772,14.589073,93.445084
4.3648143,-0.017571,0.262472,0.991684,1.025981,14.856444,93.829987
4.3842125,-0.003295,0.261008,0.997053,1.030656,14.670794,90.723190
4.4036136,-0.019890,0.247097,0.975455,1.006462,14.258978,94.602036
4.4230123,-0.005613,0.265157,0.992782,1.027597,14.956966,91.212708
4.4424114,-0.014033,0.250026,0.983264,1.014652,14.288440,93.212349
4.4618106,-0.002685,0.247219,0.981556,1.012214,14.137552,90.622139
4.4812083,-0.004271,0.252710,0.985095,1.017002,14.390026,90.968208
4.5006084,-0.000122,0.253809,0.991806,1.023767,14.354254,90.027550
4.5200095,0.007443,0.233065,0.980580,1.007924,13.376579,88.170753
4.5394082,-0.013911,0.238800,0.995101,1.023447,13.516451,93.333847
4.5588069,0.009030,0.254541,1.009133,1.040780,14.165363,87.968307
4.5782042,-0.004515,0.222937,0.975943,1.001092,12.869954,91.160179
4.5976028,-0.001464,0.252832,0.981556,1.013597,14.444685,90.331825
4.6170025,0.000732,0.236481,0.972038,1.000391,13.673579,89.822617
4.6364036,-0.017693,0.222327,0.967645,0.993015,12.979261,94.550171
4.6558037,0.002929,0.246243,0.986193,1.016475,14.020525,89.318619
4.6752062,-0.009640,0.211833,0.957029,0.980240,12.493356,92.605553
4.6946039,-0.008420,0.214883,0.982166,1.005433,12.350183,92.243835
4.7140026,-0.009030,0.234529,1.008035,1.034998,13.106767,92.204887
4.7334023,0.006467,0.206586,0.976431,0.998067,11.951704,88.206917
4.7528024,-0.025869,0.235871,0.998761,1.026561,13.364543,96.258850
4.7722020,0.019646,0.211100,0.992050,1.014452,12.063313,84.683167
4.7916026,-0.031482,0.204877,0.986925,1.008458,11.861293,98.735909
4.8110023,0.006467,0.231356,1.010231,1.036405,12.903917,88.398796
4.8304033,-0.009518,0.201949,0.986315,1.006822,11.583932,92.698349
4.8498039,0.000732,0.230990,1.011940,1.037969,12.858373,89.818398
4.8692050,0.010372,0.218666,0.995223,1.019015,12.405371,87.284325
4.8886037,-0.025259,0.212687,0.984363,1.007394,12.275314,96.772766
4.9080029,0.036485,0.204999,0.988023,1.009726,11.900656,79.908386
4.9274015,-0.027455,0.213419,0.982166,1.005461,12.357382,97.330551
4.9468012,0.031482,0.221838,0.980336,1.005615,12.874139,81.922852
4.9662023,-0.005857,0.184377,0.962642,0.980158,10.848035,91.819504
4.9856029,-0.004637,0.211467,0.981800,1.004326,12.157872,91.256142
5.0050025,0.011836,0.180961,0.957762,0.974779,10.721741,86.257729
5.0244021,-0.000488,0.177178,0.972648,0.988654,10.323863,90.157837
5.0438018,0.022574,0.172297,0.974113,0.989490,10.114450,82.535637
5.0632033,-0.035997,0.168880,0.978261,0.993384,10.010229,102.032547
5.0826035,0.035265,0.158142,0.971428,0.984848,9.469318,77.429070
5.1020036,-0.017205,0.157532,0.964107,0.977044,9.334184,96.233009
5.1214018,-0.015985,0.159607,0.973380,0.986509,9.357758,95.719269
5.1408019,0.011836,0.148502,0.975211,0.986524,8.685390,85.442917
5.1602015,-0.014521,0.149601,0.979482,0.990947,8.724113,95.543968
5.1796007,0.007077,0.143011,0.964229,0.974802,8.446595,87.166855
5.1989989,-0.009640,0.140083,0.977529,0.987562,8.174163,93.936623
5.2183995,-0.007199,0.129833,0.972160,0.980818,7.618446,93.173866
5.2378001,-0.030872,0.135202,0.974357,0.984177,8.100600,102.862366
5.2572007,-0.001220,0.093104,0.982776,0.987177,5.412256,90.750885
5.2766004,-0.006589,0.132761,0.989854,0.998739,7.648346,92.841393
5.2960005,-0.018181,0.107747,0.976919,0.983011,6.382084,99.578026
5.3154006,-0.011470,0.101401,0.986559,0.991823,5.905580,96.453674
5.3348007,-0.005735,0.126050,0.974479,0.982614,7.377914,92.605080
5.3542004,-0.030994,0.146550,1.009133,1.020190,8.443107,101.941544
5.3736014,0.032580,0.097985,0.973136,0.978599,6.056960,71.607872
5.3930020,-0.011104,0.121413,0.976797,0.984377,7.114636,95.225578
5.4124007,0.029164,0.111651,0.972526,0.979349,6.766947,75.361282
5.4317989,0.014521,0.119217,0.981312,0.988634,6.977438,83.055496
5.4511976,0.028187,0.104940,0.979848,0.985854,6.327937,74.964966
5.4705973,0.009152,0.115190,0.975455,0.982275,6.755838,85.457443
5.4899974,0.033556,0.088833,0.964595,0.969258,5.622390,69.306084
5.5093956,0.028798,0.072726,0.959592,0.962775,4.660099,68.397766
5.5287957,0.021842,0.095544,0.975333,0.980245,5.738287,77.123009
5.5481963,0.023062,0.082976,0.987657,0.991405,4.983422,74.467194
5.5675988,0.003417,0.064428,0.981922,0.984039,3.759319,86.964432
5.5869985,0.014399,0.056741,0.956907,0.958696,3.500733,75.760994
5.6064000,-0.004881,0.051616,0.996077,0.997425,2.979533,95.401978
5.6258006,0.014155,0.014643,0.959470,0.959686,1.215953,45.971027
5.6452003,0.012202,0.039047,0.967279,0.968144,2.421720,72.645973
5.6646008,0.030506,0.025747,0.963863,0.964689,2.371494,40.164368
5.6839995,-0.005857,-0.010738,0.969354,0.969431,0.723076,241.389542
5.7034006,0.030506,-0.006223,0.975943,0.976440,1.827242,348.469879
5.7228012,0.017693,-0.012202,0.976553,0.976790,1.260674,325.407715
5.7422004,0.026601,-0.036363,0.958494,0.959552,2.691155,306.187103
5.7616010,0.010860,-0.024893,0.983020,0.983395,1.582514,293.570404
5.7810001,0.029530,-0.025015,0.944461,0.945253,2.346436,319.731812
5.8004007,-0.010494,-0.054544,0.968255,0.969847,3.283185,259.109711
5.8198004,0.020744,-0.030140,0.964595,0.965288,2.172228,304.538055
5.8392015,0.001952,-0.041244,0.958738,0.959626,2.466010,272.710205
5.8586025,-0.012934,-0.056741,0.948000,0.949784,3.512905,257.158447
5.8780031,0.013179,-0.046125,0.951782,0.952990,2.885273,285.945404
5.8974028,-0.027943,-0.052592,0.966913,0.968746,3.524534,242.017288
5.9168029,0.021110,-0.062354,0.973136,0.975361,3.870042,288.703613
5.9362011,-0.006711,-0.058571,0.961178,0.962985,3.509894,263.463379
5.9556012,-0.006955,-0.058693,0.966425,0.968231,3.499671,263.241791
5.9750009,-0.013423,-0.070896,0.972160,0.974834,4.244779,259.279144
5.9944019,-0.009884,-0.051738,0.980824,0.982237,3.074025,259.184662
6.0138025,-0.008542,-0.063818,0.966913,0.969055,3.809714,262.376648
6.0332036,-0.017571,-0.063818,0.977651,0.979890,3.873380,254.605927
6.0526052,-0.002074,-0.063696,0.995711,0.997748,3.662174,268.134705
6.0720077,-0.011348,-0.050152,0.996687,0.998012,2.953268,257.249969
6.0914068,0.049297,-0.063452,0.995345,0.998583,4.615370,307.844452
6.1108065,-0.006711,-0.048321,0.998395,0.999586,2.797434,262.092834
6.1302061,0.056253,-0.058937,0.967401,0.970826,4.814057,313.664948
6.1496072,-0.044050,-0.053690,0.970086,0.972569,4.094812,230.632675
6.1690083,0.044539,-0.029530,0.997175,0.998606,3.067586,326.455078
6.1884103,-0.001586,-0.079925,0.957884,0.961214,4.770605,268.862976
6.2078099,-0.006101,-0.043074,0.966181,0.967160,2.578153,261.938080
6.2272081,0.033800,-0.035509,0.969964,0.971202,2.893403,313.588074
6.2466063,-0.020500,-0.069675,0.944827,0.947614,4.395653,253.605026
6.2660036,0.028065,-0.053934,0.947023,0.948973,3.673385,297.490753
6.2854013,-0.000610,-0.041610,0.965327,0.966224,2.468469,269.159943
6.3048010,-0.019402,-0.063086,0.939946,0.942261,4.016638,252.905060
6.3242002,-0.001952,-0.074190,0.945803,0.948711,4.486724,268.492554
6.3436003,0.000122,-0.045393,0.981678,0.982727,2.647450,270.154022
6.3629990,-0.006589,-0.034777,0.950562,0.951221,2.132491,259.271149
6.3823991,-0.021476,-0.045881,0.924571,0.925958,3.136127,244.916412
6.4017992,-0.028187,-0.038071,0.961178,0.962345,2.821472,233.484329
6.4211988,-0.006711,-0.038681,0.972160,0.972953,2.312576,260.157074
6.4405980,-0.021110,-0.046735,0.963252,0.964617,3.047418,245.691437
6.4599972,-0.013179,-0.039292,0.938604,0.939518,2.528168,251.458359
6.4793963,-0.029408,-0.022208,0.943241,0.943960,2.237384,217.059616
6.4987965,-0.013667,-0.025259,0.931160,0.931603,1.766579,241.583832
6.5181952,-0.031604,-0.057473,0.891015,0.893426,4.210079,241.193878
6.5375948,0.017449,-0.085050,0.992294,0.996085,5.000416,281.594208
6.5569940,-0.013179,-0.065649,1.034148,1.036314,3.704595,258.649109
6.5763936,-0.005491,0.026235,1.005595,1.005952,1.526878,101.821487
6.5957928,-0.038193,-0.136178,0.776313,0.789091,10.325196,254.332993
6.6151905,-0.000122,0.038315,0.942631,0.943409,2.327593,90.182472
6.6345873,0.019036,-0.043074,0.961544,0.962697,2.803864,293.841888
6.6539860,-0.006345,-0.058205,0.940312,0.942133,3.563044,263.778473
6.6733842,0.052226,-0.012080,0.929818,0.931362,3.299484,346.976044
6.6927814,0.019036,-0.032702,0.886622,0.887429,2.443845,300.203247
6.7121801,0.032580,-0.050274,0.922619,0.924562,3.715098,302.945587
6.7315769,0.043562,-0.045149,0.948000,0.950073,3.786256,313.975555
6.7509756,0.001952,-0.027943,0.900166,0.900602,1.782350,273.996704
6.7703748,0.047711,-0.010616,0.923717,0.925009,3.028990,347.455688
6.7897739,0.049786,-0.075777,0.935797,0.940179,5.534030,303.305115
6.8091722,0.047345,-0.019646,0.946901,0.948288,3.098572,337.464081
6.8285704,0.021720,-0.044172,0.891259,0.892617,3.161183,296.183929
6.8479691,0.048199,-0.088223,0.885890,0.891576,6.474235,298.649323
6.8673668,-0.053568,0.014887,0.923961,0.925632,3.443555,164.469162
6.8867669,-0.037583,-0.017937,0.866244,0.867244,2.752357,205.513870
6.9061651,0.013056,-0.117020,0.883937,0.891745,7.587523,276.366425
6.9255643,-0.092494,0.012812,0.922375,0.927089,5.780656,172.113434
6.9449635,0.132273,0.020134,0.867464,0.877722,8.768155,8.654787
6.9643621,-0.161193,-0.109577,0.704075,0.730556,15.473823,214.207397
6.9837623,-0.026723,0.055643,0.890527,0.892663,3.965164,115.653259
7.0031624,0.097131,0.016107,0.914077,0.919364,6.147746,9.415628
7.0225592,-0.173883,0.059547,0.842083,0.861908,12.312540,161.095917
7.0419569,0.107625,-0.154360,0.751298,0.774505,14.061401,304.885498
7.0613546,-0.056741,-0.519087,0.896750,1.037705,30.212334,263.761841
7.0807543,0.316041,-0.230502,1.416569,1.469586,15.436851,323.895111
7.1001525,0.197922,-0.123244,1.351165,1.371134,9.790508,328.089966
7.1195507,-0.431109,-0.467838,1.260746,1.412164,26.775843,227.339676
7.1389499,0.395966,-0.586810,1.583009,1.734086,24.093811,304.010559
7.1583519,0.356918,-0.534828,1.961282,2.063991,18.151228,303.717224
7.1777530,-0.299811,-0.579001,1.869764,1.980189,19.224548,242.624512
7.1971521,0.004393,-0.553864,1.500278,1.599255,20.263441,270.454407
7.2165513,0.478088,-0.212687,1.750791,1.827313,16.639936,336.017151
7.2359524,-0.447338,-0.390109,1.235487,1.370665,25.660273,221.090637
7.2553520,0.097497,0.020500,1.179112,1.183313,4.829699,11.874203
7.2747540,-0.072726,-0.141059,1.010476,1.022862,8.925858,242.725693
7.2941542,-0.255517,-0.022574,0.995711,1.028221,14.446273,185.048843
7.3135552,0.057107,0.046369,0.829637,0.832892,5.066973,39.075417
7.3329554,-0.217446,0.052958,0.723965,0.757768,17.178118,166.312286
7.3523545,-0.002685,0.165464,0.765697,0.783375,12.195419,90.929497
7.3717537,0.071018,0.182303,0.649652,0.678473,16.760040,68.716194
7.3911533,-0.112139,0.110065,0.291026,0.330735,28.365280,135.534866
7.4105511,0.013667,0.240752,0.345082,0.420987,34.945442,86.751015
7.4299502,-0.010372,0.121291,0.001220,0.121740,89.425697,94.887650
7.4493470,-0.102012,0.196214,0.595108,0.634870,20.385509,117.469940
7.4687471,0.071872,0.053812,0.312014,0.324675,16.053661,36.823185
7.4881468,0.102500,0.273454,0.647700,0.710492,24.269531,69.452362
7.5075455,-0.143133,0.110553,1.106386,1.121071,9.283831,142.318283
7.5269432,0.180229,0.366680,1.127862,1.199587,19.913420,63.825230
7.5463409,-0.051860,0.169246,1.119931,1.133833,8.981745,107.035942
7.5657396,-0.018548,0.258568,1.336766,1.361670,10.974848,94.102913
7.5851388,0.197190,0.309451,1.737613,1.775934,11.924166,57.493732
7.6045380,-0.233431,-0.058449,1.455373,1.475133,9.388561,194.057388
7.6239367,0.167294,0.152529,1.534566,1.551175,8.392133,42.356781
7.6433363,-0.123366,0.039414,1.563974,1.569327,4.733711,162.282059
7.6627355,-0.018181,0.076875,1.378132,1.380394,3.280620,103.306396
7.6821361,-0.018670,-0.038559,1.202906,1.203669,2.039608,244.164795
7.7015367,-0.115922,-0.070285,1.223528,1.231016,6.322512,211.229095
7.7209363,-0.042098,-0.101890,1.124811,1.130201,5.597762,247.550873
7.7403378,0.025747,-0.145940,1.005107,1.015973,8.387311,280.005249
7.7597370,-0.006345,-0.171687,1.006083,1.020646,9.690652,267.883423
7.7791371,-0.032824,-0.161803,0.895896,0.910981,10.441538,258.532288
7.7985363,0.023795,-0.171931,0.768869,0.788217,12.721106,277.879456
7.8179374,0.068089,-0.153749,0.756301,0.774768,12.534933,293.886505
7.8373361,-0.017815,-0.173151,0.713349,0.734279,13.712863,264.125549
7.8567357,0.088833,-0.169979,0.655388,0.682874,16.311516,297.592163
7.8761353,0.041732,-0.168636,0.671495,0.693603,14.505033,283.899597
7.8955364,0.033922,-0.117386,0.680524,0.691407,10.179137,286.118317
7.9149356,0.016839,-0.094812,0.677962,0.684767,8.084054,280.071075
7.9343376,0.039170,-0.105184,0.687114,0.696221,9.277371,290.424805
7.9537368,0.001830,-0.037705,0.738608,0.739572,2.925764,272.779175
7.9731374,0.025869,-0.050274,0.716765,0.718992,4.510193,297.228668
7.9925365,0.042952,-0.059913,0.730066,0.733778,5.765956,305.636902
8.0119352,0.027943,-0.020378,0.779363,0.780130,2.540911,323.898315
8.0313320,0.020500,0.001098,0.813408,0.813667,1.445774,3.066483
8.0507326,0.005857,-0.007077,0.812920,0.812972,0.647403,309.610687
8.0701323,0.020988,0.020012,0.837934,0.838436,1.982088,43.636074
8.0895319,0.008542,0.014521,0.917250,0.917404,1.052391,59.534454
8.1089296,-0.009152,0.016473,0.907122,0.907318,1.190090,119.054604
8.1283283,0.028431,0.021842,0.882717,0.883445,2.325910,37.532925
8.1477270,-0.040634,-0.045271,0.874664,0.876776,3.978477,228.089676
8.1671257,0.048687,0.026235,0.924205,0.925858,3.424570,28.317879
8.1865244,0.026235,0.032092,0.845622,0.846637,2.806306,50.734329
8.2059221,-0.015863,-0.050396,0.768503,0.770317,3.932783,252.527557
8.2253227,0.018914,-0.037705,0.825732,0.826809,2.924493,296.639160
8.2447233,-0.014033,-0.003417,0.801205,0.801336,1.032683,193.684021
8.2641239,0.002807,-0.072360,0.786929,0.790254,5.257622,272.221161
8.2835245,-0.032336,-0.024893,0.765453,0.766540,3.051655,217.589493
8.3029232,0.059303,-0.089565,0.797667,0.804867,7.669640,303.509552
8.3223228,-0.029286,-0.046979,0.856848,0.858635,3.696658,238.061554
8.3417206,0.005491,-0.071628,0.901753,0.904610,4.554791,274.383789
8.3611212,-0.007687,-0.137764,0.885158,0.895847,8.860003,266.806122
8.3805227,0.040146,-0.045393,0.908708,0.910726,3.815210,311.489807
8.3999205,0.029530,-0.124708,0.947512,0.956139,7.702834,283.321747
8.4193182,0.007687,-0.322264,0.989976,1.041136,18.036253,271.366516
8.4387178,-0.048931,-0.302740,1.240246,1.277597,13.888638,260.818787
8.4581184,0.240996,-0.240508,1.332007,1.374833,14.338390,315.058075
8.4775181,0.199874,-0.323728,1.316876,1.370734,16.114567,301.691772
8.4969149,-0.178154,-0.540075,1.533956,1.635983,20.341816,251.743881
8.5163145,-0.011592,-0.465153,1.758479,1.818997,14.820932,268.572418
8.5357132,0.320067,-0.278457,1.620959,1.675556,14.666655,318.976868
8.5551119,-0.291148,-0.445019,1.527245,1.617184,19.198498,236.805832
8.5745115,0.057717,-0.321044,1.462816,1.498743,12.570601,280.191742
8.5939102,-0.101279,0.005735,1.353971,1.357766,4.284686,176.759003
8.6133099,-0.052348,-0.228794,1.161907,1.185375,11.420115,257.112549
8.6327105,0.136056,-0.089565,1.097112,1.109138,8.445084,326.643250
8.6521120,-0.131297,0.030140,1.050011,1.058617,7.310859,167.071518
8.6715136,0.031604,-0.027089,0.903583,0.904541,2.637598,319.398712
8.6909132,0.011348,-0.002562,0.807307,0.807390,0.825431,347.275635
8.7103138,0.037095,0.049541,0.724087,0.726727,4.885395,53.175289
8.7297134,-0.022452,0.104940,0.648310,0.657132,9.398981,102.076553
8.7491131,0.031482,0.043928,0.635254,0.637549,4.862766,54.372097
8.7685118,0.082366,0.173639,0.693581,0.719715,15.487514,64.622673
8.7879105,0.030750,0.136178,0.636840,0.651963,12.364673,77.275642
8.8073082,0.093836,0.092250,0.589373,0.603884,12.585814,44.511589
8.8267078,-0.033434,0.144598,0.614144,0.631822,13.585522,103.019333
8.8461065,0.008054,0.148502,0.658072,0.674668,12.734607,86.895790
8.8655071,0.015375,0.055155,0.818411,0.820411,4.002033,74.423599
8.8849049,0.020134,0.209514,1.042446,1.063482,11.415043,84.510857
8.9043045,0.025991,0.195115,1.109681,1.127003,10.058700,82.412399
8.9237041,-0.051860,0.055277,1.076856,1.079521,4.026182,133.173416
8.9431038,-0.056375,0.087613,1.261112,1.265408,4.722607,122.759422
8.9625044,-0.042586,0.141059,1.406319,1.414017,5.981337,106.799232
8.9819059,-0.110187,0.107625,1.282222,1.291440,6.849826,135.674042
9.0013046,-0.106160,-0.095056,1.155928,1.164678,7.027749,221.841339
9.0207033,-0.119095,0.062354,1.293936,1.300900,5.931347,152.364990
9.0401039,0.014277,0.026967,1.233656,1.234034,1.416927,62.102726
9.0595055,-0.040146,-0.165952,1.063800,1.077414,9.118135,256.400757
9.0789070,-0.035509,-0.085904,1.130669,1.134483,4.699780,247.542130
9.0983086,-0.025381,-0.087613,1.109314,1.113058,4.700696,253.844040
9.1177092,0.013056,-0.183767,1.074904,1.090577,9.725587,274.063995
9.1371098,0.010006,-0.228672,1.033050,1.058104,12.493072,272.505463
9.1565084,0.019524,-0.199508,1.047205,1.066219,10.836742,275.589142
9.1759100,0.059547,-0.173517,0.958738,0.976131,10.832400,288.941132
9.1953125,0.037949,-0.205609,0.973503,0.995702,12.121463,280.457367
9.2147141,0.078705,-0.228550,0.934089,0.964858,14.508633,289.002045
9.2341137,0.030872,-0.167294,0.923351,0.938892,10.439145,280.455566
9.2535143,0.028798,-0.123122,0.923473,0.932089,7.796615,283.164551
9.2729149,-0.007443,-0.171077,0.879911,0.896418,11.012634,267.508667
9.2923155,0.001464,-0.124952,0.900533,0.909161,7.900080,270.671417
9.3117161,0.050152,-0.079437,0.886744,0.891706,6.047502,302.265717
9.3311167,-0.058449,-0.076997,0.862705,0.868104,6.393503,232.797409
9.3505154,0.025381,-0.062598,0.842937,0.845639,4.581505,292.070496
9.3699169,0.010006,-0.067967,0.830247,0.833084,4.730192,278.374756
9.3893166,-0.040634,-0.014887,0.868318,0.869396,2.853139,200.121140
9.4087172,-0.035143,-0.010982,0.898580,0.899334,2.346353,197.354019
9.4281168,-0.031604,-0.027211,0.869417,0.870416,2.746305,220.728577
9.4475183,-0.012934,0.029286,0.945559,0.946101,1.939166,113.829445
9.4669189,-0.081024,0.007443,0.802914,0.807026,5.786451,174.751114
9.4863205,-0.006467,0.015131,0.928354,0.928500,1.015293,113.142799
9.5057201,-0.011470,0.027089,0.978628,0.979070,1.721924,112.948936
9.5251207,-0.083586,0.010616,0.891747,0.895719,5.397645,172.761765
9.5445204,-0.009152,-0.005125,0.972892,0.972949,0.617706,209.248825
9.5639200,-0.031116,0.007199,0.945559,0.946098,1.934518,166.972565
9.5833206,-0.039170,-0.010982,0.935675,0.936559,2.489393,195.662109
9.6027203,-0.047589,-0.012690,0.959470,0.960733,2.938582,194.931412
9.6221189,-0.005125,-0.034533,0.944339,0.944984,2.117201,261.558350
9.6415195,-0.021598,-0.019402,0.936773,0.937223,1.775309,221.933517
9.6609201,-0.033068,-0.062720,0.962764,0.965372,4.211986,242.200119
9.6803226,0.021476,-0.044539,0.974601,0.975854,2.904342,295.742981
9.6997232,-0.033800,-0.056253,0.937628,0.939922,4.003746,238.999710
9.7191238,0.000366,-0.059303,0.945193,0.947052,3.590197,270.353668
9.7385244,0.024527,-0.062232,0.980702,0.982980,3.901940,291.510284
9.7579250,-0.002440,-0.068211,0.956297,0.958730,4.082503,267.950928
9.7773266,-0.000366,-0.064306,0.980458,0.982565,3.752594,269.673828
9.7967300,0.022574,-0.084440,0.978750,0.982645,5.103153,284.967499
9.8161316,0.004515,-0.072482,0.971428,0.974139,4.275351,273.564331
9.8355322,0.009396,-0.073214,0.990220,0.992967,4.263148,277.312988
9.8549337,0.005247,-0.067235,1.003886,1.006149,3.843284,274.462311
9.8743353,0.004515,-0.073458,0.976187,0.978957,4.311480,273.517090
9.8937378,0.034167,-0.061866,0.998395,1.000893,4.049075,298.910461
9.9131413,0.019158,-0.065649,0.998761,1.001100,3.917017,286.268372
9.9325438,-0.004759,-0.057595,1.019871,1.021507,3.243168,265.276550
9.9519453,0.011470,-0.039902,1.001812,1.002672,2.373226,286.037933
9.9713459,-0.009884,-0.059303,0.995711,0.997524,3.455418,260.537689
9.9907503,-0.044172,-0.044417,1.009255,1.011197,3.551650,225.157837
10.0101528,-0.015131,-0.038681,1.011818,1.012670,2.350770,248.636200
10.0295544,-0.005857,-0.040268,0.991928,0.992762,2.349104,261.724121
10.0489559,-0.048199,-0.041854,0.980336,0.982412,3.725624,220.969559
10.0683565,-0.009884,-0.043684,1.003642,1.004641,2.555199,257.251099
10.0877571,-0.015985,-0.029652,0.989854,0.990427,1.949131,241.671127
10.1071596,0.010494,-0.026845,0.995223,0.995640,1.658946,291.350983
10.1265593,0.017815,-0.036973,0.955199,0.956080,2.460288,295.727020
10.1459608,-0.015131,-0.021476,0.959592,0.959951,1.568228,234.833572
10.1653624,0.000000,-0.027943,0.953003,0.953412,1.679580,270.000000
10.1847639,0.003905,-0.045393,0.944217,0.945315,2.762509,274.916565
10.2041645,-0.009030,-0.041244,0.959592,0.960520,2.519327,257.650818
10.2235670,-0.009884,-0.027455,0.931893,0.932349,1.793514,250.201126
10.2429647,0.019646,-0.047711,0.919568,0.921015,3.211503,292.380127
10.2623672,-0.016107,-0.056497,0.927500,0.929358,3.624284,254.087296
10.2817678,0.000488,-0.046857,0.934455,0.935629,2.870717,270.596802
10.3011703,0.035143,-0.043928,0.943607,0.945282,3.411797,308.659821
10.3205690,0.039902,-0.048199,0.948610,0.950671,3.773927,309.619598
10.3399687,0.008054,-0.054911,0.934821,0.936467,3.397478,278.343903
10.3593693,0.006345,-0.038071,0.958494,0.959270,2.305881,279.462311
10.3787689,0.007932,-0.046857,0.948732,0.949921,2.867647,279.607422
10.3981686,-0.001708,-0.056009,0.948732,0.950385,3.380146,268.252960
10.4175682,0.001464,-0.029042,0.983630,0.984060,1.693388,272.886414
10.4369678,0.024161,-0.050518,0.971916,0.973528,3.297525,295.559967
10.4563704,-0.007199,-0.058449,0.968744,0.970532,3.478796,262.978058
10.4757700,0.001464,-0.035509,0.990708,0.991345,2.054428,272.361389
10.4951706,0.011104,-0.043928,0.983386,0.984430,2.638118,284.185944
10.5145702,-0.012812,-0.049297,0.980824,0.982146,2.972758,255.431091
10.5339708,0.001708,-0.056009,0.978750,0.980352,3.276679,271.747040
10.5533714,-0.001708,-0.042220,0.988145,0.989048,2.448566,267.682922
10.5727720,-0.006345,-0.036973,0.991806,0.992515,2.166092,260.261932
10.5921717,-0.017571,-0.050762,0.976431,0.977907,3.148897,250.906509
10.6115723,-0.012324,-0.051250,0.960812,0.962257,3.140182,256.478485
10.6309729,0.005491,-0.048077,0.980458,0.981651,2.825493,276.515686
10.6503725,-0.033190,-0.045027,0.967889,0.969504,3.307603,233.605057
10.6697750,0.006223,-0.058815,0.963252,0.965066,3.513573,276.039948
10.6891766,-0.010982,-0.051372,0.990220,0.991612,3.036800,257.933136
10.7085772,-0.014399,-0.053202,0.964107,0.965681,3.271956,254.856140
10.7279778,0.022086,-0.051982,0.984607,0.986225,3.283007,293.019806
10.7473783,-0.031970,-0.047589,0.976065,0.977747,3.361501,236.106995
10.7667809,0.018792,-0.035021,0.975821,0.976630,2.332297,298.217346
10.7861853,0.009274,-0.041366,0.955687,0.956627,2.539909,282.636139
10.8055868,-0.002074,-0.063452,0.971062,0.973135,3.740521,268.127533
10.8249874,0.041732,-0.050274,1.011940,1.014047,3.694274,309.695953
10.8443890,-0.035753,-0.045149,0.941654,0.943414,3.499727,231.624588
10.8637905,0.050274,-0.038925,0.984851,0.986901,3.693903,322.250397
10.8831940,0.010250,-0.065527,0.944095,0.946422,4.018441,278.890411
10.9025946,-0.024527,-0.042098,0.956297,0.957538,2.916584,239.774551
10.9219971,0.049053,-0.054911,0.972160,0.974945,4.331195,311.775482
10.9413986,-0.019646,-0.060036,0.924449,0.926605,3.909010,251.880051
10.9608040,0.004881,-0.051738,0.986681,0.988049,3.014933,275.389313
10.9802017,0.023306,-0.046613,0.976919,0.978308,3.053643,296.565063
10.9996052,-0.008420,-0.065649,0.926890,0.929250,4.084421,262.691559
11.0190039,-0.026479,-0.037827,0.990952,0.992027,2.667851,235.007980
11.0384035,0.003905,-0.067845,0.964717,0.967107,4.029391,273.293976
11.0578041,-0.009762,-0.056375,0.948854,0.950577,3.450598,260.176056
11.0772057,-0.026479,-0.052470,0.984729,0.986481,3.415639,243.222153
11.0966063,-0.020012,-0.070285,0.940678,0.943513,4.442237,254.107178
11.1160059,0.007199,-0.053812,0.988755,0.990245,3.142861,277.620178
11.1354074,-0.023673,-0.059303,0.968622,0.970724,3.771592,248.239258
11.1548100,-0.019890,-0.057717,0.985339,0.987228,3.545305,250.985596
11.1742105,-0.016839,-0.053446,0.972770,0.974383,3.296813,252.512009
11.1936131,-0.017205,-0.063452,0.973503,0.975720,3.863509,254.828827
11.2130136,-0.009030,-0.063208,0.969964,0.972063,3.766136,261.869904
11.2324162,-0.006589,-0.049908,0.996199,0.997470,2.892862,262.478790
11.2518196,0.001098,-0.057717,0.960690,0.962423,3.438719,271.090057
11.2712231,0.003295,-0.056253,0.978627,0.980248,3.295446,273.351898
11.2906246,-0.026723,-0.057229,0.946535,0.948640,3.817570,244.969727
11.3100252,0.006467,-0.056009,0.998395,0.999986,3.232103,276.586670
11.3294268,-0.014521,-0.051250,0.942631,0.944134,3.234282,254.180801
11.3488302,0.011348,-0.047467,0.995223,0.996419,2.807492,283.445587
11.3682299,0.005735,-0.055887,0.946535,0.948201,3.396729,275.859192
11.3876314,-0.030872,-0.057107,0.969842,0.972012,3.829452,241.604416
11.4070330,0.019524,-0.053202,0.963985,0.965649,3.364470,290.151733
11.4264364,-0.017083,-0.067601,0.939214,0.941799,4.245793,255.817841
11.4458389,0.016473,-0.051616,0.986803,0.988289,3.142674,287.700439
11.4652414,0.030018,-0.042342,0.973380,0.974763,3.052232,305.334106
11.4846430,-0.031848,-0.063696,0.944095,0.946777,4.313751,243.434952
11.5040436,0.040634,-0.066259,1.005107,1.008107,4.421953,301.519104
11.5234442,-0.014399,-0.052226,0.943363,0.944917,3.286702,254.586426
11.5428457,-0.007321,-0.044905,1.008645,1.009671,2.582780,260.739777
11.5622492,-0.006345,-0.066503,0.944217,0.946577,4.047043,264.549744
11.5816517,-0.015131,-0.055033,0.974357,0.976027,3.352345,254.626709
11.6010532,0.007443,-0.046003,0.997907,0.998995,2.673641,279.191010
11.6204557,-0.020500,-0.062720,0.954345,0.956623,3.955225,251.900116
11.6398573,-0.005125,-0.073702,0.993148,0.995893,4.254411,266.022247
11.6592598,-0.031604,-0.050152,0.990830,0.992602,3.423826,237.782089
11.6786613,-0.048931,-0.056619,0.970940,0.973819,4.407223,229.165634
11.6980629,0.004881,-0.068821,0.962887,0.965355,4.098398,274.056732
11.7174644,-0.020622,-0.050274,0.978872,0.980379,3.177306,247.696854
11.7368689,-0.017571,-0.063086,0.973380,0.975581,3.848936,254.435883
11.7562714,0.006711,-0.075288,0.984119,0.987017,4.392131,275.093933
11.7756748,-0.011592,-0.051128,0.955321,0.956758,3.141116,257.225281
11.7950764,0.003905,-0.066381,0.959470,0.961771,3.964522,273.366455
11.8144798,-0.015741,-0.067357,0.938726,0.941271,4.214310,256.846283
11.8338823,0.025869,-0.059547,0.991928,0.994050,3.744811,293.481384
11.8532858,-0.020500,-0.065893,0.934333,0.936878,4.224104,252.718506
11.8726892,0.030628,-0.076997,0.976187,0.979698,4.851997,291.691742
11.8920918,0.024527,-0.073458,0.970818,0.973902,4.560980,288.463501
11.9114933,-0.020866,-0.100425,0.980336,0.985687,5.972974,258.262299
11.9308968,0.054666,-0.059303,1.000592,1.003837,4.608532,312.670197
11.9503021,-0.030750,-0.084318,0.961422,0.965602,5.333183,249.963654
11.9697037,0.038559,-0.103476,0.988267,0.994418,6.375659,290.437469
11.9891062,0.036607,-0.059547,0.995467,0.997918,4.016638,301.581299
12.0085087,-0.036607,-0.088223,0.971306,0.975991,5.616322,247.464584
12.0279121,0.040878,-0.095666,1.015845,1.021158,5.847307,293.136810
12.0473146,0.009396,-0.076997,0.957151,0.960289,4.633161,276.957336
12.0667162,-0.055765,-0.083342,0.987535,0.992613,5.798126,236.213242
12.0861187,0.108967,-0.094202,0.992050,1.002453,8.261347,319.156525
12.1055202,-0.033678,-0.108601,0.980946,0.987514,6.611740,252.770691
12.1249228,-0.010494,-0.069675,0.947878,0.950493,4.251279,261.434906
12.1443253,-0.008420,-0.125440,0.994368,1.002285,7.205928,266.160034
12.1637278,-0.011470,-0.113970,0.993880,1.000459,6.574381,264.252960
12.1831284,-0.043806,-0.102012,0.996809,1.002972,6.355114,246.760071
12.2025328,0.003295,-0.124830,0.931771,0.940101,7.633141,271.511841
12.2219324,0.029408,-0.126294,0.997053,1.005450,7.410050,283.107758
12.2413340,-0.015741,-0.114580,0.943485,0.950547,6.988675,262.177673
12.2607336,0.012568,-0.129345,0.999615,1.008027,7.407111,275.549988
12.2801352,0.001464,-0.138619,0.931648,0.941906,8.463342,270.605225
12.2995367,0.017937,-0.154360,0.985461,0.997638,8.961246,276.628357
12.3189363,-0.003539,-0.158874,0.943607,0.956895,9.559543,268.724030
12.3383389,0.033556,-0.153383,0.972282,0.984878,9.173333,282.340454
12.3577404,-0.001220,-0.162413,0.953003,0.966744,9.671846,269.569550
12.3771410,0.013301,-0.163755,0.950196,0.964295,9.809810,274.643494
12.3965425,0.012446,-0.161193,0.949708,0.963371,9.661088,274.415283
12.4159403,-0.019890,-0.176080,0.957395,0.973656,10.485916,263.555237
12.4353409,0.012812,-0.172053,0.984363,0.999368,9.941269,274.258850
12.4547415,0.007932,-0.134348,0.999128,1.008151,7.671533,273.378662
12.4741421,-0.011958,-0.170345,0.944461,0.959774,10.248682,265.984406
12.4935427,0.009640,-0.170711,1.000226,1.014735,9.700588,273.231995
12.5129452,-0.001708,-0.157898,0.958860,0.971775,9.351686,269.380127
12.5323467,-0.009762,-0.157898,0.986925,0.999524,9.106793,266.462250
12.5517473,0.007809,-0.166562,0.953857,0.968322,9.915738,272.684418
12.5711479,-0.007077,-0.171809,0.975455,0.990495,9.997470,267.641144
12.5905485,0.002807,-0.151919,0.988267,0.999880,8.740691,271.058350
12.6099501,0.010738,-0.164243,0.972038,0.985875,9.610653,273.740601
12.6293545,-0.009518,-0.170345,0.971916,0.986777,9.956272,266.801971
12.6487560,-0.011714,-0.155702,0.968255,0.980764,9.160707,265.697449
12.6681566,-0.003661,-0.157532,0.958128,0.970999,9.339340,268.668823
12.6875563,0.008420,-0.164732,0.964595,0.978596,9.703770,272.925903
12.7069569,-0.022940,-0.155092,0.958616,0.971352,9.288360,261.586090
12.7263565,-0.003417,-0.160583,0.973503,0.986664,9.368903,268.781128
12.7457571,-0.022208,-0.153505,0.965571,0.977949,9.125697,261.767914
12.7651577,0.020744,-0.172175,0.982776,0.997960,10.007360,276.869995
12.7845583,-0.014033,-0.164854,0.975333,0.989266,9.627657,265.134583
12.8039589,-0.002685,-0.164488,0.990586,1.004153,9.429234,269.065002
12.8233614,-0.013179,-0.153383,0.983508,0.995484,8.896293,265.089264
12.8427629,0.030140,-0.152895,0.952515,0.965178,9.291638,281.151550
12.8621655,-0.031848,-0.172541,0.965327,0.981143,10.301505,259.541901
12.8815670,-0.019036,-0.166196,0.972038,0.986327,9.764627,263.465973
12.9009686,0.006101,-0.154360,1.002422,1.014255,8.760781,272.263489
12.9203691,-0.007932,-0.153383,0.947023,0.959397,9.212047,267.039856
12.9397707,0.021476,-0.154726,0.975821,0.988245,9.094702,277.902252
12.9591703,0.000610,-0.155092,0.930062,0.942905,9.467263,270.225403
12.9785728,0.016839,-0.143499,0.972770,0.983442,8.448292,276.692871
12.9979763,-0.029286,-0.164976,0.928232,0.943233,10.232258,259.934021
13.0173807,-0.008908,-0.172785,0.963008,0.978427,10.185145,267.048798
13.0367823,-0.007199,-0.149357,0.963375,0.974910,8.822762,267.240326
13.0561829,-0.012324,-0.169979,0.943729,0.958994,10.236525,265.852997
13.0755844,-0.015497,-0.166318,0.984485,0.998555,9.629719,264.676727
13.0949850,-0.000854,-0.157898,0.949220,0.962263,9.444543,269.690063
13.1143847,-0.014033,-0.153749,0.991684,1.003630,8.848931,264.785065
13.1337872,-0.043074,-0.163267,0.936407,0.951510,10.221775,255.220612
13.1531887,0.007687,-0.185231,0.978872,0.996273,10.724365,272.376526
13.1725912,-0.014033,-0.171077,0.975699,0.990683,9.977740,265.310760
13.1919918,-0.021720,-0.157288,1.001324,1.013835,9.010443,262.137665
13.2113934,0.001464,-0.147038,0.964229,0.975376,8.670836,270.570557
13.2307940,-0.074312,-0.175348,0.969110,0.987645,11.117795,247.032791
13.2501965,-0.040634,-0.148624,0.962887,0.975136,9.091267,254.709061
13.2695999,0.069553,-0.161559,0.984607,1.000194,10.128713,293.292542
13.2890024,0.003173,-0.163145,0.972526,0.986121,9.524707,271.114075
13.3084049,-0.040634,-0.157898,0.983142,0.996570,9.416134,255.568542
13.3278084,-0.047101,-0.151065,0.958372,0.971347,9.375572,252.682877
13.3472109,-0.007443,-0.161315,0.980702,0.993908,9.350656,267.358124
13.3666124,-0.042830,-0.150089,0.939946,0.952817,9.428087,254.073059
13.3860121,-0.010006,-0.148502,0.986803,0.997965,8.577255,266.145294
13.4054165,-0.001220,-0.165708,0.957883,0.972112,9.814919,269.578094
13.4248180,-0.007809,-0.159485,0.995223,1.007951,9.114988,267.196625
13.4442205,-0.005369,-0.159485,0.976553,0.989505,9.280485,268.071869
13.4636221,0.023795,-0.158142,0.984119,0.997028,9.230077,278.556702
13.4830227,0.005613,-0.159363,0.967279,0.980335,9.361327,272.017242
13.5024233,0.000000,-0.165464,0.951416,0.965697,9.865815,270.000000
13.5218258,0.024039,-0.163999,0.976553,0.990520,9.633107,278.338898
13.5412292,0.001586,-0.157410,0.949098,0.962064,9.417386,270.577393
13.5606318,0.006833,-0.150089,0.965205,0.976828,8.847688,272.606781
13.5800314,0.002929,-0.152407,0.949830,0.961984,9.117468,271.100830
13.5994329,0.028920,-0.158874,0.947267,0.960933,9.674469,280.316467
13.6188364,-0.002440,-0.140571,0.955687,0.965973,8.368817,269.005371
13.6382399,0.012080,-0.155824,0.930184,0.943223,9.537865,274.433014
13.6576424,0.009518,-0.152895,0.963985,0.976081,9.029634,273.562103
13.6770477,-0.014643,-0.159729,0.918592,0.932491,9.904745,264.762177
13.6964502,-0.001342,-0.146306,0.972526,0.983471,8.555727,269.474365
13.7158537,-0.029286,-0.149357,0.935553,0.947853,9.240227,258.906281
13.7352581,0.005003,-0.142889,0.963008,0.973564,8.444967,272.005280
13.7546606,-0.001464,-0.137398,0.960568,0.970346,8.140733,269.389404
13.7740612,0.002562,-0.159241,0.940312,0.953704,9.612985,270.921936
13.7934637,0.015619,-0.145330,0.987169,0.997932,8.422380,276.134186
13.8128662,-0.000122,-0.145086,0.936529,0.947701,8.806182,269.951813
13.8322706,0.008054,-0.142523,0.961422,0.971962,8.445502,273.234161
13.8516731,0.001342,-0.152407,0.935065,0.947405,9.257650,270.504608
13.8710756,0.015375,-0.169246,0.977773,0.992432,9.859874,275.190704
13.8904781,-0.014399,-0.163023,0.992050,1.005459,9.367707,264.952545
13.9098806,-0.015497,-0.169735,0.971184,0.986027,9.953921,264.783295
13.9292841,-0.020134,-0.151065,0.988145,0.999828,8.767595,262.408386
13.9486876,-0.028065,-0.180229,0.936651,0.954246,11.019693,261.148926
13.9680920,-0.004149,-0.184987,0.976065,0.993449,10.734253,268.715210
13.9874954,0.011836,-0.177788,0.980824,0.996877,10.296367,273.808868
14.0068979,0.000366,-0.175226,0.956785,0.972698,10.378146,270.119690
14.0263014,0.014643,-0.175470,1.004984,1.020293,9.937708,274.770233
14.0457020,-0.012690,-0.207074,0.943729,0.966263,12.398263,266.493042
14.0651073,-0.009396,-0.193773,1.008157,1.026653,10.892329,267.223969
14.0845098,-0.009152,-0.184377,0.956053,0.973713,10.928758,267.158386
14.1039133,-0.015497,-0.204389,0.966303,0.987804,11.976268,265.664093
14.1233149,-0.006589,-0.196580,0.975455,0.995088,11.400229,268.080200
14.1427164,0.006833,-0.187794,0.948488,0.966924,11.206548,272.083923
14.1621180,0.001464,-0.190601,0.970818,0.989352,11.107908,270.440155
14.1815186,0.001464,-0.196580,0.953735,0.973784,11.646775,270.426788
14.2009201,0.011470,-0.202925,1.040981,1.060638,11.047851,273.235168
