Keuwl Accelerometer Data File
2021-05-23 11-13-36

Time (s), X (g), Y (g), Z (g), R (g), Theta (deg), Phi (deg)
0.0000000,0.065038,-0.040146,0.974235,0.977228,4.485807,328.314606
0.0194160,0.060402,-0.039292,0.971916,0.974584,4.240070,326.955780
0.0388318,0.072360,-0.036485,0.961056,0.964467,4.819873,333.242035
0.0582498,0.060280,-0.039902,0.985583,0.988230,4.194933,326.497711
0.0776673,0.061744,-0.038803,0.959958,0.962724,4.344199,327.852356
0.0970837,0.063208,-0.051006,0.993880,0.997194,4.671854,321.098206
0.1165018,0.067357,-0.044050,0.959958,0.963326,4.792441,326.815887
0.1359179,0.060035,-0.044783,0.980824,0.983679,4.366774,323.279449
0.1553370,0.065038,-0.044417,0.974235,0.977413,4.621774,325.669800
0.1747534,0.065893,-0.037339,0.965449,0.968415,4.485501,330.461212
0.1941692,0.068455,-0.038559,0.980092,0.983236,4.583215,330.608307
0.2135855,0.061012,-0.049297,0.964351,0.967536,4.650126,321.061798
0.2330019,0.069797,-0.041610,0.976797,0.980171,4.755428,329.198547
0.2524173,0.061988,-0.042586,0.975455,0.978350,4.408733,325.510620
0.2718337,0.065527,-0.035387,0.961422,0.964302,4.429299,331.629303
0.2912492,0.061500,0.002440,0.990708,0.992618,3.554956,2.272450
0.3106647,0.071628,0.004027,0.951660,0.954361,4.311071,3.217671
0.3300807,0.055155,0.006955,0.983874,0.985444,3.233919,7.187414
0.3494973,0.068943,0.023917,0.968988,0.971731,4.306753,19.131798
0.3689125,0.050518,0.014521,0.975699,0.977114,3.083690,16.036745
0.3883290,0.060890,0.016717,0.973625,0.975670,3.710615,15.352230
0.4077468,0.066991,0.025625,0.981800,0.984416,4.178280,20.932535
0.4271662,0.040634,0.018181,0.968133,0.969156,2.632696,24.106007
0.4465846,0.064184,0.025747,0.987779,0.990197,4.004870,21.857729
0.4660029,0.064062,0.031238,0.970696,0.973309,4.199366,25.994740
0.4854202,0.050152,0.020622,0.976309,0.977814,3.179030,22.352081
0.5048373,0.064672,0.023551,0.998395,1.000765,3.943623,20.009144
0.5242528,0.065283,0.024405,0.963985,0.966501,4.135217,20.497343
0.5436711,0.050762,0.019524,0.989366,0.990859,3.146472,21.037512
0.5630893,0.052714,0.026845,0.983142,0.984920,3.443384,26.987888
0.5825076,0.070041,0.023917,0.970208,0.973027,4.362331,18.853161
0.6019253,0.034777,0.021110,0.985583,0.986422,2.363640,31.258486
0.6213447,0.062964,0.021598,0.968988,0.971271,3.929794,18.933161
0.6407622,0.076875,0.021598,0.986803,0.990029,4.626222,15.692835
0.6601814,0.051250,0.014277,0.966547,0.968010,3.150513,15.566318
0.6795985,0.055399,0.022330,0.982776,0.984590,3.477952,21.953562
0.6990166,0.060524,0.024405,0.972770,0.974957,3.837931,21.960562
0.7184348,0.038437,0.009884,0.963863,0.964679,2.357836,14.420774
0.7378533,0.063940,0.018304,0.977163,0.979424,3.893701,15.974276
0.7572684,0.073580,0.018181,0.994124,0.997010,4.359816,13.879637
0.7766856,0.046369,0.012812,0.951660,0.952875,2.893809,15.446318
0.7961042,0.066137,0.016107,0.982898,0.985253,3.961656,13.687492
0.8155239,0.062354,0.019768,0.981068,0.983246,3.814543,17.589939
0.8349404,0.059425,0.009396,0.969842,0.971706,3.549776,8.984710
0.8543596,0.061256,0.012934,0.973136,0.975148,3.680999,11.923167
0.8737780,0.071750,0.020744,0.990342,0.993154,4.312888,16.125408
0.8931963,0.067113,0.005613,0.973259,0.975586,3.958393,4.780884
0.9126153,0.070774,0.003661,0.974845,0.977417,4.157888,2.960936
0.9320357,0.062354,0.011470,0.992538,0.994561,3.654895,10.423205
0.9514537,0.067235,0.009152,0.972038,0.974404,3.993118,7.751245
0.9708722,0.061378,0.004393,0.968622,0.970574,3.635019,4.093712
0.9902899,0.056985,0.013545,0.983752,0.985495,3.407318,13.370380
1.0097078,0.073702,0.015253,0.971550,0.974461,4.429741,11.692506
1.0291257,0.053080,0.009030,0.967401,0.968899,3.185613,9.654447
1.0485444,0.054300,0.016717,0.985217,0.986854,3.300492,17.111776
1.0679636,0.065649,0.025625,0.964717,0.967287,4.178045,21.322420
1.0873833,0.053324,0.025747,0.975089,0.976885,3.475136,25.772991
1.1068027,0.048077,0.034533,0.979726,0.981512,3.457570,35.688705
1.1262220,0.068455,0.046125,0.975943,0.979428,4.834524,33.971966
1.1456400,0.038437,0.050884,0.969720,0.971814,3.762391,52.932758
1.1650562,0.051372,0.072116,1.000958,1.004866,5.055089,54.535759
1.1844746,0.060890,0.083464,0.973502,0.978969,6.057898,53.888050
1.2038952,0.051006,0.097253,0.976309,0.982466,6.417716,62.324486
1.2233140,0.045881,0.117264,0.986437,0.994441,7.274593,68.631622
1.2427332,0.051128,0.123610,0.971062,0.980232,7.843276,67.528893
1.2621485,0.055277,0.127270,0.996077,1.005695,7.930385,66.523537
1.2815661,0.049419,0.136910,0.974357,0.985169,8.496436,70.152313
1.3009835,0.050030,0.153017,0.985461,0.998524,9.278092,71.894646
1.3204036,0.051616,0.156678,0.981678,0.995442,9.538854,71.766090
1.3398223,0.043440,0.162169,0.985461,0.999659,9.668268,75.004204
1.3592420,0.050762,0.179374,0.990952,1.008334,10.654031,74.198853
1.3786592,0.054178,0.181205,0.982044,1.000091,10.901073,73.353867
1.3980772,0.048931,0.180473,0.989732,1.007240,10.698678,74.830147
1.4174947,0.056985,0.182791,0.986559,1.004967,10.983222,72.685188
1.4369124,0.041610,0.175714,0.990708,1.007030,10.329730,76.677452
1.4563315,0.056009,0.183279,0.989732,1.008115,10.958799,73.007240
1.4757504,0.056131,0.179130,0.984851,1.002581,10.791511,72.601540
1.4951698,0.052226,0.175104,0.988145,1.004898,10.476680,73.392380
1.5145891,0.053446,0.176812,0.988023,1.005141,10.589332,73.181122
1.5340085,0.049541,0.176202,0.978017,0.994997,10.600161,74.295959
1.5534290,0.053812,0.171687,0.974967,0.991429,10.455869,72.597298
1.5728474,0.051982,0.166440,0.977285,0.992719,10.116316,72.655540
1.5922676,0.044661,0.162047,0.974357,0.988749,9.787897,74.591667
1.6116881,0.045271,0.152895,0.969354,0.982381,9.341361,73.506538
1.6311094,0.036485,0.144354,0.972404,0.983737,8.705404,75.815704
1.6505296,0.041122,0.138375,0.966669,0.977388,8.493361,73.449203
1.6699498,0.040756,0.133494,0.973136,0.983095,8.162241,73.022484
1.6893696,0.041610,0.129833,0.971306,0.980828,7.990137,72.229935
1.7087889,0.037827,0.126416,0.971550,0.980470,7.734490,73.341354
1.7282085,0.034411,0.129345,0.970330,0.979517,7.853605,75.102234
1.7476301,0.038803,0.121413,0.971184,0.979513,7.477061,72.276222
1.7670497,0.035021,0.124342,0.969598,0.978165,7.588842,74.270195
1.7864696,0.046735,0.115678,0.979848,0.987759,7.256311,68.000877
1.8058884,0.046369,0.113238,0.977651,0.985279,7.134104,67.731743
1.8253053,0.047955,0.116654,0.984973,0.993015,7.297078,67.653030
1.8447219,0.052714,0.110187,0.978383,0.985979,7.116345,64.433296
1.8641406,0.052714,0.111285,0.990830,0.998452,7.084296,64.653824
1.8835607,0.054788,0.112994,0.990708,0.998635,7.223956,64.132126
1.9029804,0.055643,0.112262,0.991684,0.999568,7.200889,63.634586
1.9223982,0.054300,0.112994,0.993880,1.001756,7.189083,64.332855
1.9418155,0.062964,0.113970,0.987779,0.996324,7.509272,61.080994
1.9612331,0.056253,0.119461,0.998029,1.006726,7.536661,64.784790
1.9806509,0.056619,0.122389,0.990220,0.999360,7.755017,65.174171
2.0000677,0.052958,0.122389,0.991562,1.000489,7.659782,66.601776
2.0194860,0.055155,0.123854,0.986559,0.995832,7.824936,65.995628
2.0389020,0.060280,0.121413,0.976797,0.986158,7.900676,63.596405
2.0583198,0.045881,0.125074,0.991318,1.000230,7.654169,69.855484
2.0777359,0.053690,0.131541,0.972892,0.983212,8.308463,67.796524
2.0971506,0.058937,0.127148,0.974967,0.984988,8.179781,65.130783
2.1165667,0.048199,0.130687,0.985949,0.995740,8.041370,69.755310
2.1359847,0.041244,0.132761,0.968744,0.978668,8.166521,72.741974
2.1554017,0.039658,0.127880,0.978139,0.987260,7.794274,72.770576
2.1748190,0.046369,0.133738,0.982166,0.992314,8.200901,70.877785
2.1942360,0.045027,0.126782,0.975333,0.984569,7.854004,70.447548
2.2136540,0.040268,0.128003,0.991806,1.000842,7.705050,72.537193
2.2330711,0.042220,0.123488,0.970330,0.979067,7.660089,71.124580
2.2524896,0.040390,0.124708,0.988999,0.997649,7.550162,72.054169
2.2719083,0.046979,0.126538,0.982898,0.992123,7.819315,69.631889
2.2913251,0.043928,0.130199,0.973747,0.983394,8.032235,71.355888
2.3107421,0.044539,0.140083,0.983020,0.993950,8.504522,72.362236
2.3301611,0.046857,0.139351,0.971916,0.982973,8.601676,71.414665
2.3495777,0.042464,0.141059,0.974235,0.985309,8.598455,73.246208
2.3689938,0.042830,0.148624,0.984241,0.996320,8.930963,73.924217
2.3884113,0.051738,0.146062,0.974601,0.986842,9.033984,70.494888
2.4078307,0.050396,0.146794,0.984729,0.996885,8.956751,71.052223
2.4272504,0.043318,0.145086,0.978872,0.990513,8.792988,73.375938
2.4466698,0.046247,0.142157,0.969232,0.980692,8.767999,71.979156
2.4660881,0.043440,0.147404,0.985949,0.997853,8.858960,73.579651
2.4855056,0.053446,0.138497,0.975089,0.986324,8.656463,68.898247
2.5049250,0.043074,0.136178,0.979238,0.989599,8.298436,72.447411
2.5243452,0.044783,0.140327,0.985095,0.996046,8.504314,72.300537
2.5437646,0.049786,0.132273,0.976309,0.986486,8.237020,69.374474
2.5631824,0.053812,0.132029,0.995101,1.005263,8.153649,67.825249
2.5826001,0.056497,0.124830,0.985949,0.995424,7.911849,65.648949
2.6020176,0.056741,0.122145,0.987901,0.997040,7.763289,65.083458
2.6214361,0.053446,0.123122,0.982288,0.991416,7.780815,66.534668
2.6408560,0.056009,0.121779,0.976309,0.985468,7.817507,65.301361
2.6602740,0.064184,0.117142,0.974357,0.983470,7.805974,61.280930
2.6796937,0.066869,0.107747,0.969720,0.977976,7.450271,58.175785
2.6991124,0.057595,0.107869,0.968622,0.976310,7.195138,61.900604
2.7185318,0.057839,0.102622,0.967523,0.974668,6.941729,60.593750
2.7379498,0.062232,0.094934,0.975211,0.981795,6.639296,56.754078
2.7573698,0.060158,0.089687,0.966913,0.972925,6.372922,56.148335
2.7767870,0.058571,0.080413,0.967035,0.972139,5.873596,53.931293
2.7962041,0.053934,0.064916,0.980580,0.984205,4.919283,50.279278
2.8156211,0.076143,0.053690,0.967889,0.972363,5.498291,35.188740
2.8350399,0.065038,0.044905,0.981678,0.984854,4.602961,34.622425
2.8544567,0.059669,0.033556,0.983630,0.986010,3.981183,29.352188
2.8738761,0.059913,0.024039,0.974113,0.976249,3.791527,21.861740
2.8932950,0.068943,0.019158,0.986193,0.988785,4.149920,15.529342
2.9127142,0.052104,0.013057,0.973259,0.974740,3.158953,14.067811
2.9321325,0.064672,0.006955,0.984729,0.986875,3.779164,6.138405
2.9515500,0.064794,-0.005979,0.969964,0.972144,3.837931,354.727753
2.9709678,0.064184,-0.008542,0.984241,0.986368,3.763900,352.419617
2.9903870,0.072238,-0.022940,0.975577,0.978517,4.442413,342.381836
3.0098052,0.068577,-0.033678,0.983753,0.986715,4.440826,333.844208
3.0292246,0.068455,-0.046613,0.975943,0.979451,4.850503,325.747986
3.0486424,0.082366,-0.039414,0.984240,0.988467,5.300272,334.428009
3.0680625,0.074800,-0.044417,0.970940,0.974829,5.119904,329.298126
3.0874810,0.066259,-0.048199,0.985461,0.988861,4.752873,323.966339
3.1068997,0.079315,-0.053934,0.969110,0.973845,5.652324,325.784302
3.1263177,0.082366,-0.052348,0.975455,0.980325,5.713402,327.561768
3.1457350,0.071628,-0.049419,0.978261,0.982124,5.083419,325.396301
3.1651528,0.070407,-0.049786,0.967767,0.971602,5.091776,324.735657
3.1845710,0.069309,-0.047711,0.977163,0.980779,4.921592,325.457245
3.2039902,0.071140,-0.052226,0.966303,0.970325,5.218306,323.716339
3.2234097,0.073824,-0.047833,0.967523,0.971514,5.194973,327.059418
3.2428269,0.074068,-0.045027,0.977529,0.981365,5.067321,328.704254
3.2622483,0.064916,-0.051372,0.968622,0.972153,4.884953,321.643555
3.2816679,0.068699,-0.047589,0.978750,0.982311,4.880460,325.288971
3.3010871,0.064306,-0.045881,0.971672,0.974878,4.647851,324.493195
3.3205051,0.063696,-0.050274,0.984851,0.988188,4.710188,321.716949
3.3399241,0.064794,-0.050518,0.980580,0.984016,4.789456,322.057861
3.3593440,0.070163,-0.041244,0.984607,0.987965,4.725302,329.551880
3.3787646,0.067479,-0.038437,0.978017,0.981096,4.539974,330.333282
3.3981824,0.073580,-0.036973,0.979238,0.982694,4.806849,333.321045
3.4176025,0.068577,-0.033190,0.975699,0.978669,4.464843,334.173676
3.4370227,0.066869,-0.037339,0.968011,0.971036,4.523723,330.821259
3.4564416,0.067845,-0.033068,0.977651,0.980560,4.414505,334.014923
3.4758625,0.077851,-0.032092,0.973258,0.976894,4.944943,337.597290
3.4952822,0.060036,-0.038559,0.978383,0.980982,4.171103,327.288330
3.5147009,0.073214,-0.040512,0.971428,0.975025,4.923105,331.042786
3.5341220,0.073946,-0.033922,0.977041,0.980422,4.759916,335.356903
3.5535409,0.065527,-0.036241,0.965693,0.968592,4.433896,331.054230
3.5729597,0.060280,-0.039536,0.961178,0.963878,4.289118,326.740326
3.5923800,0.069553,-0.043806,0.965205,0.968699,4.867678,327.796265
3.6118002,0.060646,-0.043806,0.967035,0.969925,4.423724,324.158142
3.6312196,0.073824,-0.038803,0.974601,0.978163,4.891126,332.272705
3.6506386,0.070163,-0.052714,0.966425,0.970402,5.188709,323.082306
3.6700568,0.054911,-0.044661,0.981312,0.983861,4.125450,320.877380
3.6894765,0.060158,-0.043196,0.968377,0.971205,4.373362,324.319672
3.7088966,0.069431,-0.045637,0.974845,0.978379,4.871581,326.683350
3.7283170,0.056619,-0.047833,0.970208,0.973035,4.368612,319.807953
3.7477365,0.048199,-0.045271,0.981800,0.984024,3.853156,316.794586
3.7671559,0.067235,-0.045393,0.973503,0.976877,4.763536,325.975281
3.7865753,0.053080,-0.054788,0.964107,0.967120,4.524069,314.092682
3.8059959,0.059425,-0.040878,0.983752,0.986393,4.193346,325.476501
3.8254156,0.059913,-0.051616,0.953613,0.956886,4.740575,319.254852
3.8448353,0.064794,-0.052470,0.983630,0.987158,4.845007,320.999695
3.8642530,0.066015,-0.045149,0.967523,0.970823,4.725427,325.631042
3.8836725,0.077729,-0.041488,0.975577,0.979547,5.160575,331.908844
3.9030912,0.065649,-0.048443,0.961300,0.964756,4.851150,323.575714
3.9225101,0.074556,-0.037095,0.979604,0.983137,4.858977,333.547577
3.9419284,0.079803,-0.029042,0.982044,0.985709,4.942407,340.002838
3.9613504,0.064794,-0.041000,0.974235,0.977247,4.500150,327.675659
3.9807701,0.073946,-0.030262,0.999615,1.002804,4.569904,337.743622
4.0001907,0.079559,-0.022330,0.983142,0.986609,4.804444,344.321899
4.0196104,0.066137,-0.019158,0.978628,0.981047,4.024674,343.845398
4.0390320,0.055399,-0.017937,0.971794,0.973537,3.429083,342.058655
4.0584507,0.068821,-0.018670,0.982410,0.984995,4.151571,344.822266
4.0778699,0.051738,-0.022818,0.966547,0.968200,3.348196,336.200714
4.0972872,0.048809,-0.011104,0.979726,0.981004,2.924827,347.183350
4.1167049,0.064306,-0.004027,0.964351,0.966501,3.822491,356.416901
4.1361227,0.026601,0.003905,0.939214,0.939599,1.639724,8.350752
4.1555424,0.044294,0.000366,0.978139,0.979142,2.592916,0.473508
4.1749620,0.039170,-0.025625,0.953003,0.954151,2.811811,326.807068
4.1943808,0.022940,0.003539,0.994247,0.994517,1.337352,8.769063
4.2137985,0.082122,0.007077,0.991684,0.995104,4.751348,4.925653
4.2332187,0.043196,-0.007687,0.957639,0.958644,2.623162,349.908936
4.2526379,0.032824,0.011104,0.994612,0.995216,1.995373,18.690161
4.2720571,0.094568,0.005613,0.990220,0.994741,5.464864,3.396797
4.2914753,0.056131,0.000854,0.980458,0.982064,3.276978,0.871825
4.3108940,0.063696,0.015375,1.001934,1.004074,3.741672,13.570435
4.3303123,0.082976,0.011348,0.985217,0.988770,4.858776,7.787725
4.3497310,0.073702,0.013057,0.988145,0.990976,4.331738,10.045856
4.3691492,0.065771,0.024161,0.992294,0.994765,4.039051,20.170654
4.3885679,0.072482,0.023062,0.987047,0.989973,4.406556,17.650126
4.4079885,0.069553,0.024405,0.980580,0.983346,4.298833,19.334810
4.4274087,0.055033,0.028920,0.970940,0.972928,3.663617,27.721876
4.4468265,0.056375,0.029408,0.975211,0.977281,3.730457,27.548573
4.4662452,0.064306,0.030384,0.972038,0.974637,4.184837,25.290068
4.4856634,0.062354,0.039292,0.980336,0.983102,4.299379,32.216549
4.5050831,0.057351,0.041732,0.975699,0.978274,4.157746,36.041862
4.5245032,0.063574,0.037705,0.984729,0.987499,4.292632,30.671766
4.5439243,0.054544,0.037095,0.978872,0.981092,3.855188,34.219208
4.5633430,0.046613,0.055399,0.973747,0.976434,4.252201,49.922417
4.5827608,0.058937,0.045149,0.965205,0.968056,4.398459,37.453762
4.6021776,0.035753,0.040268,0.961544,0.963051,3.205401,48.398804
4.6215982,0.052714,0.064062,0.978505,0.982016,4.846220,50.550503
4.6410179,0.036973,0.059913,0.951416,0.954018,4.232118,58.320938
4.6604390,0.038437,0.054911,0.976919,0.979216,3.924958,55.007980
4.6798577,0.027577,0.060890,0.966913,0.969221,3.954631,65.633949
4.6992803,0.033068,0.069431,0.979482,0.982496,4.489343,64.532745
4.7187009,0.044661,0.062598,0.974113,0.977143,4.513536,54.494026
4.7381215,0.030506,0.075777,0.984119,0.987503,4.744953,68.071442
4.7575412,0.036973,0.083586,0.985461,0.989690,5.298829,66.138481
4.7769618,0.028675,0.067235,0.968744,0.971497,4.314976,66.901886
4.7963800,0.026479,0.076021,0.998029,1.001270,4.611422,70.796028
4.8157983,0.046369,0.095788,0.979726,0.985489,6.199382,64.169472
4.8352160,0.046857,0.085538,0.973624,0.978497,5.720430,61.286564
4.8546371,0.037949,0.080291,0.968499,0.972563,5.239141,64.702499
4.8740563,0.054911,0.085050,0.979604,0.984821,5.900200,57.152740
4.8934779,0.049786,0.067845,0.969476,0.973121,4.960924,53.728294
4.9128971,0.066381,0.079315,0.992294,0.997670,5.950517,50.073265
4.9323158,0.029408,0.093714,0.963375,0.968369,5.821404,72.578033
4.9517355,0.051250,0.059547,0.958494,0.961708,4.685838,49.282875
4.9711547,0.041122,0.043196,0.972526,0.974353,3.509280,46.409306
4.9905734,0.045515,0.083586,0.999494,1.004015,5.439488,61.430576
5.0099936,0.045027,0.084562,0.975821,0.980512,5.607102,61.966148
5.0294108,0.048809,0.046003,0.949952,0.952317,4.038712,43.304482
5.0488310,0.042830,0.058937,0.993392,0.996060,4.194606,53.993790
5.0682502,0.044661,0.068821,0.996809,1.000180,4.705153,57.019001
5.0876698,0.055277,0.051616,0.978383,0.981302,4.420180,43.038582
5.1070871,0.053202,0.060768,1.005595,1.008833,4.591926,48.797791
5.1265068,0.049175,0.059059,0.988023,0.991008,4.447701,50.217728
5.1459270,0.050518,0.044050,0.994002,0.996260,3.857625,41.087795
5.1653471,0.060402,0.055033,1.000226,1.003558,4.670344,42.337002
5.1847663,0.041976,0.051982,0.972648,0.974940,3.929595,51.078720
5.2041869,0.060158,0.036241,0.978139,0.980657,4.106799,31.066191
5.2236052,0.058205,0.034655,0.970696,0.973057,3.991940,30.769051
5.2430220,0.056009,0.030262,0.983996,0.986054,3.701687,28.382578
5.2624388,0.060035,0.016595,0.967157,0.969161,3.684933,15.452009
5.2818584,0.051616,0.010006,0.974967,0.976383,3.086799,10.970907
5.3012776,0.048565,0.007565,0.977895,0.979130,2.877392,8.854308
5.3206983,0.058693,0.004271,0.978383,0.980152,3.442133,4.161797
5.3401184,0.048565,-0.013911,0.943729,0.945080,3.064138,344.016571
5.3595371,0.038681,-0.013789,0.979360,0.980220,2.401022,340.380524
5.3789568,0.045637,-0.022818,0.954467,0.955830,3.060047,333.434937
5.3983774,0.044539,-0.031848,0.960934,0.962493,3.261168,324.432648
5.4177947,0.029774,-0.022818,0.957395,0.958130,2.243761,322.533691
5.4372149,0.021964,-0.041976,0.948244,0.949426,2.860197,297.621063
5.4566340,0.045027,-0.049053,0.978017,0.980281,3.894807,312.549164
5.4760547,0.032580,-0.061744,0.958860,0.961398,4.164242,297.819183
5.4954734,0.044539,-0.057961,0.980336,0.983057,4.264251,307.539429
5.5148931,0.055765,-0.051250,0.965327,0.968293,4.486156,317.415833
5.5343122,0.046979,-0.056009,0.968866,0.971619,4.314886,309.989258
5.5537314,0.055033,-0.055277,0.965693,0.968838,4.617831,314.873230
5.5731502,0.064062,-0.073580,0.965937,0.970851,5.767349,311.044342
5.5925694,0.060036,-0.069919,0.983264,0.987574,5.354488,310.650665
5.6119871,0.065527,-0.073092,0.965937,0.970912,5.802789,311.876038
5.6314063,0.067357,-0.053446,0.993148,0.996863,4.948231,321.568756
5.6508255,0.055277,-0.035997,0.971062,0.973300,3.886099,326.927246
5.6702437,0.068821,-0.057351,0.974967,0.979074,5.249902,320.194427
5.6896620,0.060524,-0.057351,0.984851,0.988374,4.839262,316.541748
5.7090802,0.049297,-0.011714,1.004008,1.005286,2.889138,346.633057
5.7284985,0.054056,-0.005369,0.958738,0.960275,3.242927,354.327820
5.7479162,0.053324,-0.038193,0.989854,0.992024,3.791062,324.387970
5.7673330,0.053324,-0.052592,0.962032,0.964943,4.451575,315.396057
5.7867508,0.046857,-0.023795,0.993392,0.994781,3.028279,333.077972
5.8061681,0.032946,-0.022818,0.962398,0.963232,2.384580,325.293823
5.8255882,0.031482,-0.023795,0.987535,0.988323,2.288328,322.917511
5.8450065,0.030506,-0.023428,0.963131,0.963898,2.286960,322.475739
5.8644257,0.040878,-0.040024,0.972404,0.974086,3.366971,315.604919
5.8838439,0.023795,-0.032702,0.968622,0.969466,2.390892,306.040070
5.9032631,0.033312,-0.023062,0.982410,0.983245,2.361652,325.304840
5.9226818,0.038071,-0.030506,0.966547,0.967778,2.889476,321.295441
5.9420996,0.025747,-0.032946,0.967767,0.968670,2.474013,308.006958
5.9615159,0.032580,-0.034411,0.968377,0.969536,2.801559,313.434937
5.9809318,0.035509,-0.034289,0.963619,0.964882,2.932381,316.001587
6.0003481,0.030506,-0.043928,0.960324,0.961812,3.187579,304.777832
6.0197668,0.031360,-0.040878,0.984119,0.985466,2.996828,307.494141
6.0391846,0.038925,-0.041976,0.963375,0.965074,3.400703,312.840546
6.0586014,0.030262,-0.042952,0.973381,0.974798,3.089778,305.166443
6.0780187,0.031116,-0.046247,0.964717,0.966326,3.306833,303.933594
6.0974383,0.035021,-0.063574,0.965937,0.968660,4.297192,298.848785
6.1168585,0.042464,-0.051616,0.991440,0.993690,3.856813,309.443970
6.1362786,0.051616,-0.048321,0.983264,0.985803,4.112946,316.888184
6.1556969,0.051128,-0.044783,0.994246,0.996567,3.910663,318.785034
6.1751165,0.039047,-0.024649,0.973136,0.974231,2.716709,327.737823
6.1945367,0.041000,-0.051860,0.968866,0.971118,3.903445,308.329498
6.2139578,0.028553,-0.046979,0.975089,0.976637,3.226889,301.290924
6.2333779,0.042464,-0.051494,0.973869,0.976153,3.920615,309.510498
6.2527976,0.077363,-0.056741,0.992538,0.997164,5.521161,323.742249
6.2722158,0.051250,-0.040512,0.973136,0.975327,3.840583,321.674469
6.2916346,0.041732,-0.041122,0.987413,0.989150,3.395691,315.421906
6.3110533,0.041244,-0.047345,0.955077,0.957139,3.761402,311.060242
6.3304734,0.027943,-0.056253,0.957639,0.959697,3.752646,296.415710
6.3498921,0.034411,-0.052104,0.988755,0.990725,3.613463,303.441620
6.3693094,0.045149,-0.046857,0.961056,0.963256,3.873330,313.936279
6.3887286,0.036973,-0.055887,0.979848,0.982136,3.912265,303.487518
6.4081492,0.016229,-0.038315,0.963863,0.964760,2.471956,292.955902
6.4275694,0.038925,-0.050762,0.946413,0.948573,3.866752,307.481964
6.4469895,0.019402,-0.050762,0.980214,0.981719,3.173236,290.917450
6.4664063,0.025991,-0.038437,0.949830,0.950963,2.796734,304.066193
6.4858255,0.015009,-0.056253,0.961300,0.963062,3.465828,284.939148
6.5052438,0.024649,-0.048443,0.964595,0.966125,3.225129,296.967712
6.5246625,0.024771,-0.048077,0.966791,0.968303,3.201796,297.258820
6.5440807,0.040268,-0.056253,0.979726,0.982165,4.039003,305.596405
6.5634999,0.042586,-0.046003,0.972892,0.974910,3.686740,312.791351
6.5829158,0.027943,-0.041122,0.964595,0.965875,2.950549,304.197083
6.6023335,0.045271,-0.044539,0.968011,0.970092,3.753533,315.467072
6.6217513,0.021354,-0.051982,0.951660,0.953318,3.379508,292.332764
6.6411695,0.029164,-0.045027,0.973625,0.975101,3.153805,302.931000
6.6605892,0.026235,-0.045759,0.957151,0.958604,3.154239,299.827087
6.6800084,0.035021,-0.046857,0.970208,0.971970,3.450428,306.774292
6.6994271,0.025259,-0.047101,0.971428,0.972897,3.149146,298.203308
6.7188473,0.042098,-0.043562,0.971184,0.973072,3.569303,314.020691
6.7382655,0.041488,-0.051006,0.968133,0.970363,3.885142,309.124817
6.7576847,0.032946,-0.046369,0.977529,0.979183,3.330255,305.394806
6.7771058,0.037217,-0.028920,0.962764,0.963917,2.802677,322.151031
6.7965269,0.038193,-0.034167,0.948122,0.949506,3.093831,318.185181
6.8159451,0.037461,-0.040878,0.935431,0.937073,3.392172,312.502686
6.8353643,0.055155,-0.072726,0.964717,0.969025,5.404829,307.176300
6.8547816,0.052958,-0.070041,0.982288,0.986205,5.108180,307.092834
6.8742008,0.077607,-0.019036,1.001934,1.005115,4.559820,346.218414
6.8936191,0.019646,-0.068089,0.908342,0.911102,4.461025,286.094452
6.9130368,0.011348,-0.049908,1.004740,1.006043,2.916114,282.810333
6.9324536,0.019768,-0.003417,0.981312,0.981517,1.171195,350.193909
6.9518743,0.028920,-0.031726,0.951660,0.952628,2.582780,312.350372
6.9712934,0.050518,-0.011104,0.943607,0.945023,3.137562,347.603149
6.9907122,0.033800,-0.005247,0.919446,0.920082,2.130562,351.176147
7.0101309,0.062598,-0.034411,0.946535,0.949227,4.315748,331.202057
7.0295510,0.064306,-0.014399,0.968377,0.970617,3.892997,347.379120
7.0489683,0.059059,0.003417,0.942020,0.943876,3.593413,3.310941
7.0683866,0.055399,-0.018792,0.949830,0.951630,3.524368,341.262695
7.0878038,0.088833,-0.026235,0.956297,0.960773,5.532366,343.546570
7.1072240,0.072238,-0.008298,0.957151,0.959909,4.344335,353.447449
7.1266432,0.050518,-0.002196,0.920910,0.922298,3.142861,357.510437
7.1460609,0.063696,-0.008542,0.933235,0.935445,3.939400,352.362213
7.1654787,0.079193,-0.010982,0.946535,0.949906,4.828157,352.104858
7.1848979,0.055155,0.000366,0.950928,0.952526,3.319538,0.380276
7.2043147,0.063086,-0.033678,0.933357,0.936092,4.381371,331.904510
7.2237344,0.055643,-0.026723,0.968744,0.970708,3.645937,334.346741
7.2431507,0.049297,-0.010982,0.935675,0.937037,3.089778,347.441162
7.2625675,0.048199,-0.046003,0.942875,0.945226,4.042105,316.335663
7.2819858,0.021354,-0.034899,0.970574,0.971436,2.413786,301.461975
7.3014064,0.046003,-0.016473,0.949708,0.950964,2.945303,340.298065
7.3208294,0.004271,-0.040756,0.939092,0.939986,2.498654,275.982208
7.3402495,0.001342,-0.024283,0.951538,0.951849,1.464067,273.163879
7.3596673,-0.009396,-0.066991,0.926401,0.928868,4.176358,262.016052
7.3790889,0.013423,-0.029164,0.995711,0.996228,1.846738,294.714294
7.3985076,0.063940,0.042464,0.912491,0.915713,4.808235,33.589016
7.4179263,0.059791,-0.035631,0.803768,0.806776,4.949220,329.208527
7.4373446,-0.059303,0.010128,0.941288,0.943209,3.657037,170.308426
7.4567628,0.005735,0.023306,0.817069,0.817421,1.682606,76.175705
7.4761806,0.024527,-0.033800,0.913711,0.914665,2.616886,305.965820
7.4956017,0.036729,0.034533,0.939824,0.941175,3.070520,43.234592
7.5150199,-0.067357,0.047711,0.848673,0.852677,5.555132,144.688782
7.5344391,0.005369,-0.094934,0.875030,0.880181,6.201785,273.236938
7.5538578,0.143499,-0.067357,0.969842,0.982712,9.282963,334.855225
7.5732775,0.087979,-0.139961,0.963008,0.977095,9.740798,302.153320
7.5926957,0.250514,-0.329463,1.062091,1.139886,21.290436,307.248291
7.6121163,0.369243,-0.237824,1.264772,1.338861,19.150043,327.215027
7.6315351,0.051128,-0.238190,1.197537,1.222066,11.498774,282.114807
7.6509547,0.162413,-0.405362,1.304430,1.375585,18.509144,291.834106
7.6703734,0.347523,-0.462225,1.436093,1.548156,21.933928,306.937592
7.6897945,0.329951,-0.429522,1.674405,1.759826,17.924994,307.530823
7.7092128,-0.042830,-0.325558,1.483560,1.519465,12.480340,262.505249
7.7286310,0.174493,-0.391573,1.361903,1.427780,17.472692,294.018799
7.7480497,0.162657,-0.393647,1.441096,1.502722,16.465525,292.450653
7.7674680,0.035265,-0.227452,1.243174,1.264302,10.489331,278.813141
7.7868876,0.057839,-0.181205,1.284906,1.298909,8.420678,287.702667
7.8063059,-0.120925,-0.152651,1.029999,1.048248,10.706640,231.614929
7.8257227,-0.041000,-0.115190,1.098088,1.104875,6.353571,250.407715
7.8451419,-0.040634,-0.014643,1.054038,1.054922,2.346436,199.817154
7.8645601,-0.124220,-0.036241,0.850991,0.860773,8.645951,196.264526
7.8839793,-0.131175,0.030262,0.918348,0.928162,8.339578,167.009277
7.9033980,-0.074678,0.105550,0.787417,0.797962,9.324956,125.279961
7.9228201,-0.100913,0.077729,0.711518,0.722830,10.149761,142.394592
7.9422402,-0.129101,0.083342,0.662953,0.680529,13.050066,147.155426
7.9616599,-0.067845,0.138863,0.594620,0.614377,14.569605,116.039047
7.9810762,-0.003295,0.182425,0.591325,0.618834,17.147726,91.034660
8.0004959,0.049541,0.174860,0.486263,0.519117,20.493364,74.181427
8.0199146,-0.029042,0.114214,0.373147,0.391315,17.527285,104.266464
8.0393333,0.000366,0.155824,0.457588,0.483392,18.805468,89.865395
8.0587521,0.044539,0.127392,0.459784,0.479180,16.357792,70.729515
8.0781717,0.015253,0.080657,0.422079,0.429987,11.005642,79.291397
8.0975924,0.063452,0.120925,0.558745,0.575191,13.734268,62.312992
8.1170139,0.112628,0.128369,0.641721,0.664055,14.902035,48.737045
8.1364336,0.135690,0.102988,0.686382,0.707204,13.938148,37.198238
8.1558533,0.197434,0.064062,0.857214,0.881986,13.611681,17.976934
8.1752739,0.215249,0.046613,1.064898,1.087434,11.684978,12.218918
8.1946936,0.273576,0.071628,1.324198,1.354058,12.055092,14.671837
8.2141123,0.161193,0.120315,1.413153,1.427396,8.100915,36.737812
8.2335329,0.122023,0.056131,1.445855,1.452080,5.307328,24.702433
8.2529516,0.214517,0.024405,1.634991,1.649185,7.522405,6.490386
8.2723742,0.178398,0.115190,1.850118,1.862265,6.547691,32.849960
8.2917948,-0.030384,0.124220,1.766166,1.770790,4.141322,103.744530
8.3112154,0.086515,0.022330,1.681238,1.683611,3.042145,14.472738
8.3306341,0.067601,-0.029896,1.772024,1.773565,2.388517,336.143158
8.3500538,-0.010982,-0.055765,1.634503,1.635491,1.991544,258.858948
8.3694735,-0.050274,-0.034289,1.516629,1.517849,2.297718,214.295502
8.3888931,-0.120925,-0.084562,1.384477,1.392319,6.083699,214.964844
8.4083118,-0.103476,-0.144476,1.341403,1.353123,7.546575,234.389145
8.4277315,-0.111163,-0.159973,1.170936,1.187030,9.445541,235.204971
8.4471512,-0.145208,-0.084074,1.058553,1.071769,9.007019,210.070480
8.4665699,-0.107259,-0.114946,0.944339,0.957336,9.452074,226.981445
8.4859905,-0.117386,-0.174737,0.729578,0.759340,16.094500,236.107285
8.5054121,-0.039414,-0.086881,0.733360,0.739540,7.411983,245.598495
8.5248318,-0.045149,-0.093470,0.597426,0.606377,9.856742,244.218124
8.5442524,0.003905,-0.108967,0.468204,0.480733,13.109552,272.052277
8.5636721,0.048077,-0.088589,0.481260,0.491702,11.828917,298.488678
8.5830927,0.011470,-0.080047,0.428912,0.436469,10.676930,278.154572
8.6025124,0.093348,-0.040390,0.447948,0.459350,12.792682,336.602844
8.6219320,0.100425,-0.038803,0.459418,0.471864,13.188862,338.873901
8.6413527,0.075654,-0.012934,0.466861,0.473128,9.335931,350.298065
8.6607714,0.116410,0.016473,0.500662,0.514281,13.215299,8.054414
8.6801910,0.114580,0.014033,0.515305,0.528076,12.626654,6.982284
8.6996107,0.109821,0.043074,0.580343,0.592211,11.489948,21.416216
8.7190304,0.084806,0.053934,0.591813,0.600287,9.638208,32.455189
8.7384501,0.120071,0.044661,0.720914,0.732208,10.076380,20.402748
8.7578716,0.120437,0.045515,0.786807,0.797271,9.293330,20.702223
8.7772923,0.086271,0.071750,0.837202,0.844688,7.633732,39.749729
8.7967129,0.096398,0.046491,0.917494,0.923715,6.653341,25.747013
8.8161345,0.076143,0.033068,0.970452,0.973996,4.889203,23.475056
8.8355560,0.059791,0.034411,1.073440,1.075654,3.677114,29.920866
8.8549776,0.055521,0.032458,1.090767,1.092661,3.374348,30.311214
8.8743973,0.037583,0.002685,1.106020,1.106661,1.951139,4.085617
8.8938169,0.046979,-0.003295,1.170082,1.171029,2.304862,355.988434
8.9132376,0.036119,-0.010128,1.187287,1.187880,1.809700,344.336212
8.9326611,0.012690,-0.029286,1.198636,1.199060,1.525339,293.428680
8.9520807,-0.007321,-0.044539,1.165811,1.166685,2.217173,260.665009
8.9715014,0.011226,-0.047467,1.189850,1.190849,2.347437,283.306183
8.9909210,-0.018792,-0.080047,1.144701,1.147650,4.108468,256.788696
9.0103436,-0.025625,-0.108967,1.156172,1.161578,5.530063,256.766632
9.0297642,-0.036241,-0.136666,1.126520,1.135358,7.153766,255.148209
9.0491848,-0.026235,-0.134836,1.136526,1.144797,6.891562,258.989532
9.0686064,-0.028309,-0.131175,1.119198,1.127215,6.837273,257.821564
9.0880270,0.025015,-0.105062,1.072341,1.077766,5.751048,283.392487
9.1074467,0.001464,-0.139839,0.964839,0.974921,8.247169,270.599945
9.1268692,0.020134,-0.146672,0.970818,0.982042,8.670655,277.816223
9.1462879,0.032702,-0.085538,0.923961,0.928488,5.660293,290.922394
9.1657066,0.056863,-0.052958,0.868562,0.872031,5.112283,317.036316
9.1851263,0.088955,-0.076387,0.781438,0.790185,8.533340,319.346954
9.2045460,0.072482,-0.071872,0.789613,0.796184,7.365857,315.242157
9.2239637,0.075044,-0.013911,0.799131,0.802768,5.455604,349.498505
9.2433825,0.068943,-0.021110,0.747149,0.750620,5.512173,342.975677
9.2628031,0.073458,-0.034899,0.755081,0.759448,6.147396,334.588409
9.2822218,0.072604,0.010738,0.781438,0.784877,5.365566,8.413008
9.3016424,0.064062,0.075410,0.772286,0.778599,7.301191,49.651615
9.3210621,0.083830,0.018304,0.720060,0.725154,6.795551,12.316702
9.3404827,0.024771,0.010860,0.777899,0.778369,1.991250,23.673780
9.3599033,0.119217,0.087247,0.899800,0.911847,9.323797,36.197865
9.3793221,0.078705,0.051372,0.782902,0.788523,6.845587,33.133011
9.3987417,0.021720,0.049664,0.874053,0.875733,3.548727,66.378006
9.4181595,0.059913,0.065405,0.935675,0.939870,5.415225,47.508923
9.4375801,0.043562,0.024649,0.923473,0.924828,3.102361,29.502325
9.4569998,0.011592,0.034411,1.052818,1.053444,1.975263,71.382385
9.4764204,0.052592,0.023184,1.033904,1.035500,3.181862,23.789579
9.4958401,0.049541,-0.043196,1.032318,1.034408,3.643090,318.914124
9.5152617,0.068699,-0.095300,1.147020,1.153020,5.847977,305.786743
9.5346823,0.148136,-0.122511,1.233900,1.248785,8.855079,320.408630
9.5541019,0.037827,-0.096520,1.308457,1.312557,4.530040,291.400665
9.5735197,-0.026967,-0.182669,1.225847,1.239676,8.566028,261.602173
9.5929384,0.064184,-0.224401,1.339573,1.359754,9.883657,285.961853
9.6123562,0.123244,-0.237091,1.385575,1.411106,10.915565,297.466064
9.6317768,-0.006467,-0.225743,1.428284,1.446028,8.985025,268.359009
9.6511955,-0.094080,-0.188892,1.387040,1.403000,8.650652,243.523849
9.6706152,0.048199,-0.194383,1.239269,1.255347,9.179800,283.926178
9.6900320,0.050640,-0.082366,1.312727,1.316283,4.212451,301.583832
9.7094498,-0.118973,-0.107991,1.160686,1.171755,7.881448,222.229782
9.7288694,-0.013179,-0.079193,1.133719,1.136558,4.050526,260.552002
9.7482891,0.075166,-0.007565,1.013892,1.016703,4.261264,354.252563
9.7677097,0.009762,-0.006223,0.960324,0.960394,0.690688,327.482483
9.7871284,-0.076997,-0.022696,0.833298,0.837155,5.502388,196.423950
9.8065491,-0.009518,0.031848,0.860631,0.861273,2.211870,106.638809
9.8259678,0.054788,0.040268,0.769113,0.772113,5.052181,36.314644
9.8453856,0.049297,0.052592,0.738608,0.742117,5.574115,46.852032
9.8648033,0.014033,0.087247,0.724575,0.729944,6.953361,80.862846
9.8842211,-0.006101,0.087979,0.683087,0.688756,7.356474,93.967003
9.9036417,0.067967,0.067601,0.647090,0.654152,8.426646,44.845287
9.9230585,0.053690,0.140449,0.691384,0.707546,12.269563,69.079330
9.9424791,0.070530,0.176446,0.704441,0.729620,15.095973,68.212257
9.9618988,0.071018,0.134592,0.634034,0.652041,13.496681,62.181545
9.9813204,0.114458,0.139229,0.737021,0.758739,13.741833,50.576859
10.0007410,0.067357,0.163999,0.814018,0.833101,12.287130,67.671341
10.0201607,0.068699,0.139351,0.851113,0.865177,10.345051,63.756947
10.0395794,0.105428,0.153505,0.904803,0.923768,11.629982,55.518547
10.0589991,0.127270,0.126904,0.973869,0.990314,10.456377,44.917480
10.0784187,0.104696,0.076265,1.079663,1.087405,6.841145,36.071026
10.0978374,0.096765,0.109333,1.280025,1.288325,6.507225,48.489738
10.1172571,0.032702,0.117264,1.303210,1.308883,5.336783,74.417480
10.1366768,0.020012,0.048199,1.300281,1.301328,2.298399,67.452271
10.1560965,0.053324,0.043928,1.419498,1.421178,2.786426,39.481647
10.1755142,-0.010372,0.051860,1.475873,1.476820,2.052331,101.309937
10.1949320,-0.095178,0.022330,1.406319,1.409713,3.976655,166.796326
10.2143526,-0.043074,-0.044417,1.339573,1.341001,2.644491,225.878952
10.2337704,-0.037339,-0.058937,1.340915,1.342729,2.978481,237.644089
10.2531919,-0.109821,-0.010494,1.285638,1.290363,4.904526,185.458359
10.2726097,-0.106038,-0.089565,1.102969,1.111669,7.172636,220.186081
10.2920294,0.035021,-0.202193,1.135306,1.153701,10.245438,279.826416
10.3114471,-0.060646,-0.154604,1.086374,1.098994,8.691449,248.581650
10.3308687,-0.115312,-0.106526,1.030243,1.042135,8.663993,222.732056
10.3502874,-0.028065,-0.186940,0.861851,0.882339,12.371114,261.461914
10.3697081,-0.025381,-0.232088,0.864169,0.895153,15.118616,263.759003
10.3891277,-0.064306,-0.163145,0.867464,0.885012,11.428564,248.487320
10.4085503,-0.021232,-0.115434,0.804256,0.812775,8.302931,259.577942
10.4279709,0.001098,-0.178154,0.730310,0.751726,13.709419,270.353180
10.4473915,-0.054911,-0.178276,0.739218,0.762391,14.162851,252.880737
10.4668093,0.011836,-0.101767,0.784732,0.791392,7.438409,276.634094
10.4862299,0.021110,-0.113360,0.757399,0.766126,8.656372,280.548889
10.5056477,0.007077,-0.111163,0.768381,0.776413,8.248431,273.642883
10.5250683,0.009884,-0.088467,0.757643,0.762855,6.701069,276.374878
10.5444880,0.058815,-0.059791,0.805720,0.810074,5.942705,314.528442
10.5639086,0.034899,-0.032824,0.840619,0.841983,3.261948,316.754456
10.5833254,0.022940,-0.026601,0.834396,0.835135,2.410622,310.773987
10.6027431,0.064794,-0.016473,0.846476,0.849112,4.515922,345.735474
10.6221609,0.071750,-0.001830,0.895896,0.898766,4.580351,358.538696
10.6415815,0.001586,0.014521,0.942875,0.942988,0.887573,83.765518
10.6610012,0.025625,0.005003,0.922009,0.922378,1.621965,11.047350
10.6804228,0.034045,-0.000488,0.982288,0.982878,1.985147,359.178619
10.6998415,-0.013423,0.018304,0.977773,0.978037,1.329721,126.253838
10.7192612,-0.005613,-0.000732,1.029267,1.029283,0.315899,187.431412
10.7386799,-0.003173,0.003417,1.025241,1.025251,0.260947,132.878891
10.7580996,-0.017205,-0.013789,1.029511,1.029747,1.226848,218.709320
10.7775192,-0.032824,-0.034045,1.059651,1.060706,2.555352,226.045425
10.7969389,-0.010860,-0.014155,1.073562,1.073710,0.951827,232.503082
10.8163595,-0.055033,-0.002929,1.046350,1.047801,3.014933,183.046127
10.8357801,-0.071018,-0.063818,1.036345,1.040734,5.263879,221.943680
10.8551998,-0.008542,-0.000854,1.013648,1.013685,0.485375,185.710587
10.8746204,-0.038315,-0.040268,1.004130,1.005668,3.168359,226.423203
10.8940392,-0.018792,-0.079925,1.008645,1.011981,4.653664,256.769226
10.9134588,-0.059303,-0.065405,1.003764,1.007640,5.026599,227.800888
10.9328766,-0.091762,-0.091518,0.968622,0.977253,7.620713,224.923706
10.9522982,-0.044539,-0.098107,0.968988,0.974959,6.344739,245.582901
10.9717197,-0.029286,-0.094080,0.981678,0.986611,5.731692,252.709473
10.9911413,-0.063086,-0.087247,0.958982,0.965007,6.405789,234.130173
11.0105648,-0.022940,-0.086881,0.994857,0.998907,5.161107,255.208908
11.0299883,-0.039170,-0.096276,0.957395,0.963021,6.196029,247.861343
11.0494108,-0.043684,-0.085416,0.990342,0.994978,5.533251,242.913498
11.0688324,-0.059059,-0.073092,0.961544,0.966125,5.581704,231.061325
11.0882549,-0.013545,-0.090785,0.978750,0.983044,5.357708,261.514435
11.1076775,-0.000244,-0.076753,0.958250,0.961318,4.579453,269.817810
11.1271019,-0.024649,-0.054544,0.989610,0.991418,3.461249,245.681717
11.1465244,-0.012324,-0.067845,0.949708,0.952208,4.152750,259.704224
11.1659470,-0.024405,-0.064550,0.966181,0.968642,4.085428,249.289810
11.1853685,-0.001586,-0.054422,0.974235,0.975755,3.198676,268.330414
11.2047911,-0.008908,-0.056497,0.960934,0.962635,3.406226,261.040070
11.2242136,0.000732,-0.039047,0.989610,0.990380,2.260014,271.074158
11.2436342,-0.015741,-0.045271,0.946169,0.947383,2.899891,250.826981
11.2630568,-0.007687,-0.050396,0.965205,0.966550,3.023362,261.326813
11.2824764,0.011592,-0.046125,0.966669,0.967838,2.816680,284.107544
11.3018980,-0.028553,-0.045393,0.964107,0.965597,3.183707,237.828781
11.3213177,-0.014277,-0.049908,0.942142,0.943571,3.153681,254.036102
11.3407402,-0.003661,-0.047955,0.967889,0.969084,2.844687,265.634735
11.3601608,-0.027699,-0.044172,0.937018,0.938467,3.184814,237.909332
11.3795824,0.002685,-0.046247,0.963741,0.964853,2.752002,273.322144
11.3990040,-0.003539,-0.052836,0.962765,0.964220,3.148213,266.168365
11.4184237,-0.033434,-0.046003,0.965815,0.967488,3.369820,233.990707
11.4378443,0.013057,-0.050274,0.969598,0.970988,3.066374,284.558594
11.4572639,0.006345,-0.052958,0.967157,0.968627,3.156597,276.832367
11.4766846,-0.013667,-0.069919,0.978383,0.980974,4.164759,258.940277
11.4961071,-0.002196,-0.052470,1.007303,1.008671,2.984456,267.602966
11.5155268,-0.013179,-0.051128,0.975211,0.976639,3.099015,255.546249
11.5349483,0.002929,-0.056863,0.985583,0.987226,3.306360,272.948242
11.5543680,0.016229,-0.048321,0.992904,0.994212,2.938915,288.565063
11.5737886,-0.026235,-0.064306,0.966425,0.968918,4.110469,247.806030
11.5932083,-0.002074,-0.049908,0.998151,0.999400,2.864847,267.619873
11.6126299,0.025137,-0.050640,0.973014,0.974655,3.325372,296.399139
11.6320467,-0.023917,-0.062232,0.976553,0.978826,3.905552,248.977554
11.6514683,-0.014765,-0.050640,0.980702,0.982119,3.078798,253.745087
11.6708870,-0.000366,-0.049664,0.975333,0.976597,2.915040,269.577667
11.6903086,-0.015619,-0.055521,0.974235,0.975940,3.388072,254.287720
11.7097282,-0.009884,-0.052836,0.984607,0.986073,3.124807,259.404327
11.7291498,-0.019036,-0.038681,0.976675,0.977626,2.527472,243.797577
11.7485695,-0.019768,-0.052958,0.953247,0.954921,3.393615,249.530807
11.7679911,-0.027455,-0.048565,0.972160,0.973760,3.284378,240.519363
11.7874098,-0.018914,-0.052226,0.952881,0.954498,3.336128,250.092178
11.8068314,-0.028920,-0.050152,0.967035,0.968767,3.425941,240.030426
11.8262510,-0.005003,-0.050518,0.977895,0.979212,2.971704,264.344208
11.8456707,-0.013545,-0.063208,0.952881,0.955071,3.881007,257.905243
11.8650913,-0.004149,-0.048931,0.996077,0.997287,2.822373,265.153595
11.8845129,-0.008298,-0.055277,0.944339,0.945992,3.387378,261.463043
11.9039335,0.007077,-0.063208,0.989366,0.991408,3.678285,276.388733
11.9233513,-0.014521,-0.041000,0.958372,0.959358,2.598571,250.497559
11.9427700,-0.006833,-0.047833,0.954345,0.955567,2.898473,261.869904
11.9621916,0.003661,-0.053080,0.970452,0.971909,3.138186,273.945190
11.9816113,-0.000244,-0.040146,0.962764,0.963601,2.387779,269.651703
12.0010319,0.010372,-0.050884,0.973747,0.975130,3.052745,281.521149
12.0204515,-0.003905,-0.062964,0.968866,0.970917,3.725414,266.451324
12.0398722,0.010006,-0.039658,0.993392,0.994234,2.357753,284.160614
12.0592909,0.003417,-0.054911,1.034392,1.035854,3.044590,273.560486
12.0787125,-0.007199,-0.035997,0.931038,0.931762,2.257934,258.690063
12.0981331,0.025625,-0.031726,1.020115,1.020930,2.289440,308.927551
12.1175547,0.002318,-0.022208,0.942142,0.942407,1.357683,275.959839
12.1369762,0.038315,-0.026723,0.919202,0.920388,2.909259,325.106079
12.1563969,0.026357,-0.062232,1.027681,1.029901,3.762599,292.954071
12.1758146,-0.022696,-0.053324,1.055380,1.056970,3.143110,246.943985
12.1952333,0.021476,-0.040024,0.927378,0.928489,2.804003,298.217346
12.2146530,0.027943,-0.048565,0.955931,0.957572,3.354505,299.915131
12.2340708,0.021354,-0.056863,1.000347,1.002190,3.474685,290.582977
12.2534904,-0.002685,-0.042098,0.951050,0.951985,2.539678,266.351288
12.2729120,0.003051,-0.056741,0.955077,0.956766,3.404846,273.077454
12.2923307,0.016961,-0.058937,0.978383,0.980304,3.586868,286.054993
12.3117523,-0.005247,-0.033556,0.951172,0.951778,2.045071,261.112976
12.3311729,0.010250,-0.048687,0.966547,0.967827,2.946765,281.888672
12.3505926,0.010738,-0.058327,0.956541,0.958378,3.547900,280.431366
12.3700104,-0.012446,-0.050152,0.942387,0.943802,3.138498,256.062195
12.3894300,0.005125,-0.043806,0.962520,0.963530,2.623535,276.672791
12.4088478,0.001586,-0.052714,0.969720,0.971153,3.112944,271.723663
12.4282694,0.003783,-0.054178,0.957884,0.959422,3.245100,273.993896
12.4476881,0.015009,-0.035753,0.980580,0.981346,2.264426,292.772430
12.4671097,0.020256,-0.049664,0.975577,0.977050,3.146845,292.188690
12.4865274,0.019768,-0.059669,0.978139,0.980157,3.676954,288.329437
12.5059481,0.018181,-0.036729,1.004863,1.005698,2.335400,296.336182
12.5253668,0.033190,-0.041976,0.984607,0.986060,3.110931,308.333344
12.5447884,0.025747,-0.034899,0.978383,0.979344,2.538059,306.418518
12.5642071,0.019890,-0.039292,0.982898,0.983884,2.565443,296.849030
12.5836277,0.043196,-0.050152,0.963375,0.965646,3.930442,310.738770
12.6030436,0.025869,-0.020256,0.987901,0.988447,1.904851,321.938385
12.6224604,0.030872,-0.060890,0.946413,0.948872,4.125830,296.885651
12.6418781,0.056619,-0.043806,0.988023,0.990613,4.144111,322.270630
12.6612968,0.035021,-0.036485,0.963009,0.964336,3.006089,313.826874
12.6807156,0.033800,-0.054544,0.987535,0.989618,3.717785,301.785950
12.7001343,0.056497,-0.042464,0.962398,0.964990,4.200112,323.070740
12.7195539,0.046247,-0.042464,0.974601,0.976621,3.685943,317.441681
12.7389736,0.046613,-0.046125,0.977651,0.979848,3.837369,315.301544
12.7583923,0.055277,-0.045027,0.961788,0.964427,4.239423,320.834778
12.7778130,0.055643,-0.038559,0.986193,0.988514,3.926903,325.278717
12.7972317,0.048077,-0.041732,0.969110,0.971198,3.758486,319.041351
12.8166533,0.050396,-0.048443,0.963375,0.965907,4.150156,316.131622
12.8360720,0.046857,-0.044417,0.976065,0.978198,3.784394,316.531616
12.8554926,0.032702,-0.041000,0.967645,0.969066,3.102361,308.576538
12.8749113,0.038193,-0.052104,0.979970,0.982097,3.771695,306.242188
12.8943329,0.035875,-0.047223,0.966547,0.968365,3.511065,307.223572
12.9137506,0.027699,-0.046613,0.990586,0.992069,3.133066,300.720520
12.9331694,0.046613,-0.052104,0.969964,0.972480,4.122553,311.816254
12.9525890,0.041000,-0.044905,0.979848,0.981733,3.550989,312.397430
12.9720078,0.032336,-0.036973,0.959714,0.960970,2.929843,311.172546
12.9914284,0.032946,-0.038315,0.962398,0.963724,3.005633,310.691345
13.0108480,0.038193,-0.048809,0.961422,0.963418,3.688386,308.043182
13.0302668,0.041366,-0.045515,0.979482,0.981411,3.593031,312.266052
13.0496855,0.031116,-0.034777,0.975333,0.976449,2.739169,311.820160
13.0691051,0.043196,-0.043196,0.970452,0.972373,3.601957,315.000000
13.0885239,0.061622,-0.045149,0.982288,0.985254,4.446864,323.770752
13.1079407,0.041976,-0.035997,0.956907,0.958504,3.307307,319.384979
13.1273613,0.042830,-0.045881,0.986071,0.988066,3.642015,313.030487
13.1467810,0.037949,-0.044661,0.958860,0.960649,3.497656,310.355438
13.1662035,0.039414,-0.038559,0.976309,0.977865,3.232405,315.627625
13.1856222,0.056131,-0.049908,0.962642,0.965568,4.461376,318.358734
13.2050419,0.039780,-0.044417,0.964717,0.966558,3.536790,311.847778
13.2244616,0.050030,-0.049053,0.971916,0.974438,4.123313,315.564484
13.2438831,0.038803,-0.037949,0.971062,0.972578,3.199105,315.637604
13.2633047,0.026601,-0.036729,0.953979,0.955056,2.721676,305.914032
13.2827253,0.035509,-0.050030,0.980946,0.982863,3.578725,305.365448
13.3021450,0.041854,-0.051250,0.960812,0.963088,3.939599,309.237366
13.3215647,0.033434,-0.037827,0.984363,0.985656,2.935983,311.472534
13.3409853,0.037949,-0.047711,0.981434,0.983326,3.554461,308.498627
13.3604050,0.049175,-0.051982,0.966913,0.969557,4.232441,313.410767
13.3798265,0.048565,-0.038559,0.983875,0.985827,3.606466,321.551483
13.3992462,0.060158,-0.047955,0.968378,0.971429,4.542346,321.439545
13.4186659,0.059547,-0.055277,0.978750,0.982116,4.745449,317.130096
13.4380856,0.063574,-0.044539,0.988633,0.991676,4.489386,324.985840
13.4575043,0.039902,-0.039780,0.976797,0.978421,3.301263,315.087738
13.4769249,0.046735,-0.057107,0.979848,0.982622,4.306798,309.296082
13.4963465,0.069431,-0.048687,0.983630,0.987279,4.927440,324.960693
13.5157671,0.046247,-0.039536,0.976309,0.978203,3.565955,319.473480
13.5351868,0.031238,-0.085538,0.992782,0.996950,5.240824,290.061829
13.5546064,0.025869,-0.058937,0.981678,0.983786,3.751289,293.697784
13.5740280,0.077607,0.011104,0.966791,0.969965,4.635993,8.142714
13.5934486,0.040878,-0.060035,0.994857,0.997504,4.175560,304.250732
13.6128693,0.033190,-0.054422,0.939580,0.941740,3.881259,301.377563
13.6322880,0.058693,-0.033068,1.017919,1.020146,3.786411,330.602661
13.6517076,0.015497,-0.059547,0.911271,0.913346,3.862850,284.587402
13.6711273,0.043196,-0.046979,1.018285,1.020283,3.586268,312.597931
13.6905470,0.010250,-0.047589,0.933845,0.935113,2.984063,282.154938
13.7099667,0.016839,-0.057473,1.000470,1.002261,3.425656,286.330261
13.7293892,0.018548,-0.055033,0.959592,0.961348,3.463284,288.625305
13.7488079,0.013545,-0.042952,0.987779,0.988805,2.610595,287.502197
13.7682285,0.033190,-0.063818,0.953613,0.956322,4.313751,297.477875
13.7876501,0.039536,-0.047101,0.981312,0.983237,3.585776,310.009369
13.8070707,0.025869,-0.037583,0.962764,0.963845,2.713248,304.540100
13.8264923,0.056741,-0.056375,0.981800,0.985053,4.657492,315.185425
13.8459129,0.055033,-0.043928,0.967645,0.970204,4.162031,321.402222
13.8653355,0.042098,-0.045637,0.965693,0.967687,3.678711,312.690308
13.8847551,0.072848,-0.036363,0.971672,0.975077,4.789783,333.473358
13.9041777,0.042342,-0.045271,0.941532,0.943571,3.766656,313.085541
13.9235992,0.042952,-0.053446,0.981068,0.983461,3.997872,308.787201
13.9430189,0.073214,-0.033556,0.946169,0.949591,4.865263,335.376434
13.9624405,0.060890,-0.032824,0.966181,0.968654,4.095099,331.671875
13.9818640,0.032214,-0.043074,0.942631,0.944164,3.265847,306.791901
14.0012836,0.092494,-0.019890,0.947267,0.951980,5.703480,347.863953
14.0207052,0.218178,0.135080,0.956663,0.990481,15.015182,31.762789
14.0401249,0.173883,0.041122,0.962276,0.978725,10.519115,13.305494
14.0595465,-0.068089,-0.276505,1.012550,1.051831,15.707878,256.166199
14.0789671,0.001708,0.123122,1.019627,1.027035,6.885896,89.205063
14.0983896,0.081878,-0.015375,1.095404,1.098567,4.349111,349.364868
14.1178102,0.302862,-0.127636,1.174109,1.219241,15.638083,337.147766
14.1372318,-0.038071,-0.023673,0.937018,0.938089,2.739240,211.873138
14.1566525,0.108113,0.087857,1.307236,1.314638,6.082958,39.098728
14.1760731,0.142035,-0.401457,1.487953,1.547691,15.970773,289.483734
14.1954937,-0.142035,-0.297371,0.916518,0.973965,19.776958,244.469162
14.2149124,0.118607,0.257713,1.236463,1.268592,12.922408,65.286827
14.2343321,0.274186,0.261374,1.912716,1.949866,11.202277,43.629555
14.2537527,0.334954,0.183889,2.102951,2.137384,10.298429,28.766706
14.2731705,0.326413,0.100181,1.719431,1.753005,11.231544,17.062082
14.2925901,0.392549,-0.175226,1.027315,1.113631,22.706987,335.945038
14.3120117,0.288829,-0.089077,0.471254,0.559855,32.675320,342.859863
14.3314342,-0.106648,0.121169,0.309085,0.348697,27.575605,131.352982
14.3508568,-0.122145,0.281020,0.297005,0.426736,45.893661,113.492195
14.3702793,-0.155336,0.470644,0.399383,0.636507,51.137066,108.265434
14.3896999,-0.067601,0.453439,0.773384,0.899055,30.658819,98.479492
14.4091225,-0.134592,0.148624,0.751054,0.777358,14.947715,132.163452
14.4285440,-0.167538,0.089687,0.628909,0.656992,16.812944,151.838776
14.4479647,-0.286633,0.344838,0.987779,1.084795,24.416054,129.733704
14.4673843,-0.251856,0.403165,1.173255,1.265899,22.056288,121.992912
14.4868050,-0.223425,0.428302,1.270629,1.359360,20.816086,117.548904
14.5062256,-0.223547,0.265279,0.892723,0.957758,21.235968,130.120377
14.5256481,-0.275285,0.410487,0.469912,0.681981,46.445869,123.847000
14.5450716,-0.264181,0.445507,0.300788,0.598950,59.854919,120.667442
14.5644932,-0.262838,0.419272,0.366192,0.615605,53.498146,122.083260
14.5839128,-0.176568,0.629153,0.613656,0.896428,46.799236,105.676453
14.6033344,0.177056,0.638060,1.244638,1.409821,28.013800,74.491150
14.6227531,0.278457,0.364606,1.559215,1.625308,16.395752,52.630249
14.6421757,0.214883,0.301520,1.235853,1.290124,16.677938,54.523785
14.6615963,-0.019646,0.442457,0.675643,0.807866,33.245342,92.542351
14.6810169,-0.320922,0.459052,0.406826,0.692262,54.007717,124.957253
14.7004375,-0.445141,0.522504,0.273698,0.738967,68.260956,130.428955
14.7198591,-0.113116,0.619635,0.592668,0.864868,46.743221,100.345551
14.7392807,0.144720,0.490534,0.794372,0.944772,32.774445,73.562630
14.7587013,0.109943,0.434525,0.867830,0.976744,27.315523,75.801079
14.7781219,0.072116,0.679548,0.765941,1.026475,41.739006,83.942261
14.7975407,0.081878,0.824512,0.685039,1.075083,50.416893,84.328873
14.8169613,0.121169,0.760938,0.760938,1.082929,45.358662,80.952370
14.8363829,0.080413,0.650751,0.794982,1.030505,39.515762,82.955658
14.8558044,-0.047955,0.695289,0.736167,1.013740,43.432137,93.945534
14.8752260,-0.057717,0.718840,0.734215,1.029142,44.485794,94.590546
14.8946457,0.021720,0.706637,0.866732,1.118496,39.203243,88.239433
14.9140692,0.032336,0.631715,0.902485,1.102084,35.026207,87.069702
14.9334898,-0.068089,0.577171,0.778143,0.971220,36.755009,96.728111
14.9529114,-0.119705,0.609873,0.537025,0.821383,49.170845,101.104759
14.9723330,-0.097741,0.670762,0.437088,0.806549,57.185329,98.290550
14.9917536,-0.027821,0.704319,0.454415,0.838649,57.190895,92.262070
15.0111742,0.039292,0.755813,0.481748,0.897150,57.521961,87.024109
15.0305948,0.078949,0.770700,0.531168,0.939335,55.564915,84.151123
15.0500164,0.045393,0.738608,0.585956,0.943899,51.626705,86.483192
15.0694389,-0.017815,0.747515,0.537025,0.920593,54.313736,91.365265
15.0888586,-0.016595,0.797057,0.481504,0.931354,58.869198,91.192757
15.1082792,-0.006711,0.750566,0.565334,0.939679,53.013645,90.512306
15.1276999,-0.025625,0.732994,0.761792,1.057480,43.913795,92.002197
15.1471233,-0.044294,0.709200,0.817313,1.083017,41.004101,93.573883
15.1665449,-0.087491,0.725673,0.767527,1.059884,43.600861,96.874680
15.1859665,-0.096765,0.704929,0.778753,1.054867,42.417652,97.816055
15.2053871,-0.069431,0.727503,0.710908,1.019545,45.790833,95.451668
15.2248077,-0.038559,0.829149,0.633301,1.044052,52.657375,92.662613
15.2442284,-0.005125,0.799009,0.637206,1.021995,51.428375,90.367500
15.2636518,-0.019280,0.783146,0.657462,1.022715,49.994621,91.410240
15.2830715,-0.047589,0.763012,0.672227,1.018008,48.674553,93.568916
15.3024921,-0.059547,0.742390,0.721524,1.036960,45.908436,94.585899
15.3219109,-0.038681,0.758253,0.723355,1.048659,46.386517,92.920349
15.3413324,-0.000732,0.764843,0.683331,1.025634,48.221546,90.054848
