Keuwl Accelerometer Data File
2021-04-11 16-50-11

Time (s), X (g), Y (g), Z (g), R (g), Theta (deg), Phi (deg)
0.0000000,0.012030,0.779046,-0.341234,-0.004979,40.419495,-125.690208
0.0193967,0.001780,0.805159,-0.366493,0.000371,42.506901,-124.971054
0.0387951,0.037411,0.777826,-0.365517,-0.020821,41.498314,-127.581032
0.0581931,0.067185,0.766356,-0.378329,-0.036701,41.733608,-129.849701
0.0775916,0.102084,0.707052,-0.340624,-0.056030,37.816364,-132.994476
0.0969916,0.147110,0.625175,-0.341356,-0.110517,34.687294,-137.949005
0.1163905,0.211661,0.550252,-0.385041,-0.180267,34.173088,-145.797302
0.1357866,0.299395,0.463616,-0.406273,-0.223790,33.158821,-157.875336
0.1551839,0.312452,0.387473,-0.339648,-0.209514,26.845993,-164.000061
0.1745829,0.343690,0.273503,-0.211645,-0.135717,18.391346,-177.055588
0.1939802,0.481210,0.429083,-0.004694,0.148099,22.340179,-173.963730
0.2133763,0.202631,0.307792,0.183100,0.202452,6.205397,-157.761353
0.2327747,0.182009,0.021159,-0.138309,-0.155453,0.380663,-212.042221
0.2521736,0.121485,0.119510,-0.387603,-0.401343,3.883939,-168.981064
0.2715731,-0.067041,0.183816,-0.441415,-0.439063,9.798605,-99.864647
0.2909729,0.361627,0.253247,-0.905348,-0.568387,71.905151,-180.744583
0.3103714,0.721352,-0.047784,-0.333303,-0.050164,37.536442,139.104324
0.3297704,0.340883,-0.107942,0.047410,0.070787,7.925533,123.714737
0.3491699,0.322092,-0.052543,-0.031539,-0.014642,7.569658,132.210312
0.3685679,0.128441,-0.115629,0.329772,0.307223,-3.521657,94.833389
0.3879683,-0.115484,-0.265840,0.184565,0.191764,4.157054,27.589859
0.4073694,-0.283144,-0.165903,-0.015310,0.014275,9.493103,-6.208344
0.4267693,-0.349159,-0.068772,0.064616,0.098665,9.372366,-24.313965
0.4461665,-0.278873,-0.094275,0.353201,0.357546,2.692075,-17.132401
0.4655659,-0.056181,0.109504,0.488769,0.461068,-5.882454,-89.183136
0.4849655,0.072554,0.376979,0.541727,0.553899,3.062580,-134.447205
0.5043650,-0.161609,0.356113,0.867163,0.875489,1.252347,-98.673584
0.5237640,-0.325974,0.415294,0.863625,0.906883,5.463388,-85.856750
0.5431616,-0.147698,0.704856,1.223349,1.304504,7.307735,-112.731293
0.5625609,-0.123294,0.901069,1.574777,1.697820,8.775940,-117.151047
0.5819599,-0.176496,0.520479,0.595661,0.656143,8.560247,-105.269821
0.6013582,-0.517063,0.109504,0.025324,0.133468,18.174150,-46.839859
0.6207563,-0.393941,0.298884,-0.214818,-0.092816,23.317379,-71.264557
0.6401571,-0.062282,0.354649,-0.143800,-0.102982,12.692675,-112.919136
0.6595577,0.075361,-0.214712,-0.125375,-0.127169,4.630330,67.731552
0.6789573,0.079509,-0.287682,0.090851,0.100523,5.249434,65.156265
0.6983587,0.217518,-0.154189,0.305978,0.298606,0.625093,104.206253
0.7177606,-0.023478,-0.204096,-0.126839,-0.132002,3.811975,42.329697
0.7371601,0.015325,-0.122585,-0.027878,-0.051736,-2.783977,51.890579
0.7565593,0.102572,-0.126245,-0.003962,-0.023989,-1.400748,85.238907
0.7759578,0.269622,-0.335149,0.607376,0.631010,4.355233,89.729446
0.7953556,0.048759,-0.354063,-0.141116,-0.096729,13.176413,58.336746
0.8147535,0.136738,-0.008493,-0.825301,-0.813462,30.742287,135.157608
0.8341517,-0.273016,0.048248,-0.649465,-0.564356,32.815971,-43.854156
0.8535511,-0.443117,-0.358456,0.953556,1.009645,6.327578,2.216263
0.8729506,0.012396,-0.084025,0.307320,0.277618,-6.622020,49.330826
0.8923486,-0.073020,-0.078412,-0.162470,-0.185479,-1.749968,7.156693
0.9117459,-0.011642,-0.003246,-0.115369,-0.147848,-8.562687,-14.529068
0.9311447,-0.005663,-0.089272,0.165895,0.137331,-5.680729,39.360229
0.9505455,-0.011642,-0.018743,0.048142,0.015865,-8.462194,5.560379
0.9699445,-0.090225,-0.047174,-0.182116,-0.205516,-1.814659,-9.080307
0.9893439,-0.002246,-0.065722,0.152594,0.122182,-6.828972,37.493713
1.0087436,-0.066675,-0.068040,0.002872,-0.023331,-3.979693,5.585861
1.0281439,-0.064600,-0.041195,-0.063387,-0.091176,-4.591727,-5.350586
1.0475432,-0.044955,-0.071457,0.060345,0.032418,-5.057596,15.076370
1.0669410,-0.024821,-0.039853,0.010925,-0.019969,-6.941860,11.586777
1.0863386,-0.096692,-0.069260,-0.029953,-0.052568,-2.257285,-2.245255
1.1057380,-0.010666,-0.045832,0.047898,0.016706,-7.275856,24.940826
1.1251377,-0.065943,-0.066332,-0.007134,-0.033466,-4.008004,5.192032
1.1445357,-0.044710,-0.039487,0.013488,-0.016322,-6.103438,0.876694
1.1639344,-0.058499,-0.064135,0.000675,-0.026512,-4.474662,6.946747
1.1833341,-0.024455,-0.035948,0.029107,-0.002031,-7.192312,9.452133
1.2027333,-0.070091,-0.063403,-0.013479,-0.039612,-3.886255,2.737747
1.2221324,-0.031288,-0.028871,0.023616,-0.007481,-7.144496,0.550644
1.2415320,-0.045809,-0.063525,0.012145,-0.016090,-5.093296,11.780792
1.2609309,-0.060329,-0.023380,-0.002863,-0.032124,-5.686499,-14.075790
1.2803292,-0.024577,-0.061207,0.022640,-0.006997,-6.004907,21.643280
1.2997279,-0.080097,-0.026674,0.005800,-0.021548,-4.577448,-16.461823
1.3191286,-0.014815,-0.042537,0.002628,-0.028516,-7.147884,20.119095
1.3385295,-0.084978,-0.034240,0.033866,0.007154,-4.337819,-13.695129
1.3579278,-0.024089,-0.014228,-0.031417,-0.063242,-7.786044,-8.048019
1.3773257,-0.065943,-0.051933,0.069985,0.042194,-5.010447,-0.700119
1.3967247,-0.048737,0.005540,-0.039958,-0.070563,-6.586420,-33.186768
1.4161249,-0.049225,-0.039975,0.041431,0.011852,-6.011953,-0.705963
1.4355230,-0.052032,-0.025332,0.022640,-0.007294,-6.213645,-10.513962
1.4549216,-0.048615,0.001513,-0.024095,-0.054728,-6.645502,-29.823074
1.4743190,-0.048127,-0.031799,0.061931,0.031847,-6.410751,-5.062317
1.4937184,-0.043612,-0.006174,-0.012503,-0.043419,-6.913223,-22.581940
1.5131156,-0.055449,0.013593,0.000065,-0.030142,-6.363001,-39.603333
1.5325131,-0.041050,-0.018621,0.052413,0.021463,-7.070587,-11.609833
1.5519114,-0.044710,-0.002148,-0.006524,-0.037437,-6.922945,-26.245270
1.5713103,-0.053740,0.031653,0.003604,-0.026495,-6.289281,-53.275558
1.5907074,-0.038121,-0.007395,0.028375,-0.002950,-7.364323,-20.211914
1.6101079,-0.037999,-0.000317,0.028619,-0.002807,-7.462261,-26.869690
1.6295077,-0.055815,0.041293,-0.017018,-0.046608,-5.872241,-59.306213
1.6489080,-0.026163,0.016888,0.012390,-0.019652,-8.110329,-45.789886
1.6683079,-0.044100,-0.010567,0.054365,0.023409,-7.079519,-19.011795
1.6877075,-0.050446,0.043855,-0.008354,-0.038297,-6.145427,-62.578232
1.7071096,-0.032874,0.032507,-0.009575,-0.040989,-7.384401,-60.203369
1.7265104,-0.035071,0.020671,0.028985,-0.002587,-7.609185,-48.103226
1.7459112,-0.048371,0.001513,0.043505,0.012687,-6.941660,-29.800186
1.7653115,-0.047883,0.040317,0.000187,-0.030088,-6.414905,-61.008682
1.7847118,-0.033606,0.044099,-0.004328,-0.035359,-7.031883,-69.516647
1.8041109,-0.046663,0.026406,0.024958,-0.005813,-6.865114,-50.809677
1.8235074,-0.048005,0.010177,0.047532,0.016651,-7.002117,-37.080566
1.8429048,-0.053496,0.032263,0.017148,-0.012996,-6.355274,-53.765091
1.8623033,-0.050080,0.049834,-0.009331,-0.039060,-5.989996,-66.503448
1.8817015,-0.044588,0.036412,0.013488,-0.017166,-6.744491,-59.227982
1.9010994,-0.065454,0.006516,0.055830,0.026242,-6.051713,-34.445374
1.9204986,-0.052642,0.022867,0.021175,-0.009220,-6.555311,-46.966370
1.9398967,-0.066675,0.039584,0.007753,-0.021079,-5.439899,-55.655121
1.9592948,-0.056303,0.048370,-0.010917,-0.040226,-5.696877,-63.550476
1.9786943,-0.055449,0.024454,0.035086,0.004882,-6.439773,-47.742233
1.9980935,-0.064234,0.006516,0.054365,0.024682,-6.113321,-34.419083
2.0174925,-0.059109,0.034337,0.001774,-0.027829,-5.929571,-53.965683
2.0368929,-0.051178,0.035924,0.007265,-0.022927,-6.368073,-56.939102
2.0562944,-0.053374,0.041903,0.012756,-0.017109,-6.140637,-60.393295
2.0756934,-0.053252,0.015546,0.027520,-0.002922,-6.605683,-41.231277
2.0950937,-0.039830,0.003954,0.059125,0.027722,-7.491611,-31.207367
2.1144960,-0.057645,0.033361,0.010193,-0.019583,-6.071326,-53.622726
2.1338964,-0.040562,0.036046,-0.002131,-0.033015,-6.906556,-60.301941
2.1532960,-0.034216,0.040561,0.023738,-0.007440,-7.218561,-66.485443
2.1726966,-0.048859,0.014326,0.020443,-0.010303,-6.835705,-40.534790
2.1920989,-0.039463,0.005540,0.051681,0.020263,-7.494238,-32.706390
2.2115016,-0.039341,0.037632,0.002872,-0.028054,-6.953012,-62.005981
2.2309041,-0.052886,0.032629,-0.000301,-0.030428,-6.301808,-54.165756
2.2503057,-0.038731,0.038486,0.007509,-0.023439,-6.981690,-62.914108
2.2697046,-0.042026,0.019329,0.024592,-0.006577,-7.212089,-45.586731
2.2891030,-0.062770,0.008224,0.024958,-0.004749,-6.059360,-35.574219
2.3085017,-0.041904,0.027138,0.014464,-0.016580,-7.079831,-52.513458
2.3279023,-0.064966,0.027992,0.005312,-0.023953,-5.711473,-48.782059
2.3473048,-0.053618,0.034581,-0.003352,-0.033364,-6.209038,-55.372971
2.3667054,-0.045931,0.015912,0.039357,0.008378,-7.070171,-42.101135
2.3861043,-0.060451,0.005540,0.028497,-0.001406,-6.205617,-33.634842
2.4055040,-0.043978,0.020427,0.018125,-0.012894,-7.064937,-46.267502
2.4249058,-0.058255,0.026528,0.006166,-0.023693,-6.120861,-48.801071
2.4443076,-0.052520,0.036778,-0.001399,-0.031440,-6.235093,-57.180237
2.4637084,-0.047517,0.024453,0.018247,-0.012482,-6.816364,-49.057510
2.4831080,-0.047761,0.009079,0.026910,-0.003940,-6.936547,-36.149460
2.5025079,-0.054228,0.014448,0.022395,-0.007967,-6.532138,-40.318680
2.5219076,-0.046541,0.028114,0.001285,-0.029403,-6.747596,-52.212601
2.5413067,-0.046907,0.029823,0.017148,-0.013520,-6.764932,-53.481476
2.5607047,-0.049835,0.024209,0.010803,-0.019748,-6.655585,-48.451126
2.5801044,-0.051788,0.016522,0.026178,-0.004361,-6.678880,-42.109268
2.5995030,-0.037999,0.012617,0.031181,-0.000288,-7.510283,-39.648178
2.6189010,-0.067895,0.019817,0.018003,-0.011179,-5.690108,-43.171631
2.6382973,-0.041050,0.035558,0.000187,-0.030685,-6.901141,-59.743378
2.6576960,-0.059109,0.026284,0.023738,-0.006117,-6.159660,-48.499588
2.6770968,-0.039219,0.019939,0.005922,-0.025376,-7.299408,-46.599930
2.6964977,-0.049713,0.012983,0.045214,0.014461,-6.890828,-39.377213
2.7158978,-0.053984,0.007614,0.003360,-0.026979,-6.471539,-35.018204
2.7352972,-0.037633,0.023965,0.035696,0.004301,-7.444601,-50.719849
2.7546973,-0.064600,0.019206,-0.014090,-0.043442,-5.717085,-43.030533
2.7740974,-0.036291,0.025064,0.015196,-0.016222,-7.432304,-52.099457
2.7934968,-0.045809,0.019084,0.026056,-0.004875,-7.003238,-44.846725
2.8128958,-0.055449,-0.002514,0.011169,-0.019011,-6.368291,-27.381119
2.8322937,-0.044222,0.002611,0.068642,0.037494,-7.272566,-30.358322
2.8516924,-0.053618,0.021647,-0.016164,-0.046393,-6.340989,-45.901291
2.8710909,-0.058621,0.013837,0.028252,-0.001792,-6.306941,-39.645905
2.8904908,-0.041782,0.020183,0.007142,-0.023997,-7.152334,-46.397629
2.9098907,-0.058499,0.006150,0.010559,-0.019445,-6.236197,-34.016266
2.9292898,-0.060085,-0.005686,0.039235,0.009372,-6.202325,-25.670685
2.9486878,-0.049469,0.001635,0.023494,-0.007202,-6.799825,-30.001953
2.9680872,-0.072776,0.005662,0.026666,-0.002157,-5.486866,-34.059372
2.9874861,-0.039952,0.012007,-0.012991,-0.044264,-7.239186,-38.951675
3.0068853,-0.048249,0.013593,0.036672,0.005842,-6.938702,-39.957870
3.0262842,-0.061550,0.003832,-0.012259,-0.041922,-5.935113,-32.467773
3.0456843,-0.019696,-0.009347,0.026910,-0.005282,-8.321800,-10.983612
3.0650847,-0.071190,-0.010079,0.048264,0.019383,-5.580265,-24.263718
3.0844851,-0.035071,0.006516,-0.038738,-0.070261,-7.441321,-33.441879
3.1038849,-0.031166,-0.000317,0.054121,0.022288,-7.926976,-25.633591
3.1232860,-0.052398,0.007370,-0.027268,-0.057638,-6.424951,-34.796890
3.1426876,-0.036413,-0.001660,0.019223,-0.012264,-7.507174,-25.279785
3.1620862,-0.037877,-0.021671,0.055708,0.024654,-7.166198,-8.010559
3.1814859,-0.063502,-0.015448,-0.002253,-0.031484,-5.668036,-19.731705
3.2008870,-0.066919,-0.009103,0.054488,0.025189,-5.858119,-24.307587
3.2202866,-0.045321,0.001025,-0.019703,-0.050576,-6.860198,-29.075226
3.2396851,-0.067529,0.003221,0.037770,0.008440,-5.837656,-32.327347
3.2590835,-0.047395,0.002001,-0.018360,-0.049099,-6.747787,-30.119324
3.2784841,-0.041172,-0.014472,0.021785,-0.009198,-7.040724,-14.969437
3.2978837,-0.071434,-0.009957,0.024470,-0.004289,-5.441205,-24.368469
3.3172843,-0.042758,-0.002392,-0.025926,-0.056922,-6.956334,-25.721634
3.3366840,-0.052154,0.000415,0.000065,-0.030364,-6.534500,-29.272186
3.3560839,-0.065454,0.003710,-0.035810,-0.065033,-5.570004,-32.559219
3.3754854,-0.041904,-0.003246,0.014220,-0.016909,-7.155994,-24.812210
3.3948870,-0.051178,-0.007273,0.020321,-0.010136,-6.601252,-23.150467
3.4142890,-0.063380,-0.021061,-0.001521,-0.030605,-5.574314,-16.216034
3.4336903,-0.061916,-0.018255,0.041675,0.012216,-5.932043,-17.638367
3.4530904,-0.041904,0.001513,-0.004572,-0.035710,-7.129450,-29.128235
3.4724896,-0.065576,-0.000195,0.023250,-0.006169,-5.858983,-29.958115
3.4918890,-0.029580,-0.003246,0.008241,-0.023579,-7.843006,-22.049866
3.5112894,-0.044466,-0.022037,0.040089,0.009479,-6.764404,-10.258499
3.5306895,-0.076925,-0.029237,0.023738,-0.003934,-4.809724,-14.539322
3.5500906,-0.033484,-0.013862,0.029717,-0.001740,-7.495056,-12.769135
3.5694916,-0.063990,-0.010567,0.015074,-0.014295,-5.805484,-22.947479
3.5888937,-0.059597,-0.013496,-0.012381,-0.041952,-5.870862,-20.261230
3.6082964,-0.052886,-0.012276,0.044604,0.014298,-6.537135,-19.748886
3.6276972,-0.066187,-0.025820,0.010559,-0.018172,-5.385651,-14.045502
3.6470993,-0.071556,-0.044246,0.032645,0.005111,-4.762265,-5.868225
3.6665027,-0.060696,-0.034484,0.038503,0.009533,-5.608960,-7.703827
3.6859040,-0.053374,-0.013984,-0.013968,-0.044020,-6.212842,-18.626862
3.7053041,-0.071312,-0.016058,0.006044,-0.022503,-5.260528,-20.725174
3.7247069,-0.028115,-0.024844,-0.004450,-0.035801,-7.331242,-0.743301
3.7441094,-0.053252,-0.030701,0.025080,-0.004570,-6.020147,-7.542023
3.7635124,-0.063746,-0.043391,0.001285,-0.026820,-4.985074,-3.999710
3.7829144,-0.029946,-0.026552,0.015318,-0.015917,-7.256874,-0.436203
3.8023160,-0.036413,-0.021427,-0.021045,-0.052024,-6.951403,-7.581604
3.8217182,-0.048493,-0.023380,-0.004938,-0.035105,-6.321075,-10.682388
3.8411205,-0.025431,-0.031067,0.003238,-0.028017,-7.252785,5.553299
3.8605239,-0.035925,-0.044002,0.033500,0.003325,-6.414551,7.525146
3.8799253,-0.052032,-0.046808,0.016904,-0.012017,-5.521643,1.770096
3.8993282,-0.050934,-0.030457,-0.012747,-0.042443,-5.957145,-6.904907
3.9187300,-0.040318,-0.019719,0.018735,-0.012153,-6.952358,-10.487183
3.9381313,-0.068383,-0.041195,0.000553,-0.027253,-4.812680,-6.448502
3.9575315,-0.047273,-0.051567,0.028741,-0.000284,-5.617910,6.010025
3.9769306,-0.067651,-0.044490,0.047166,0.019219,-5.030973,-4.645752
3.9963305,-0.066065,-0.041683,-0.038738,-0.066509,-4.665202,-5.542221
4.0157304,-0.044100,-0.022770,0.031669,0.001081,-6.730048,-9.600464
4.0351319,-0.066797,-0.063403,-0.000179,-0.026709,-4.131657,3.790298
4.0545344,-0.047029,-0.081585,0.049973,0.023089,-4.476109,17.472885
4.0739365,-0.065943,-0.043514,0.027276,-0.000767,-5.027569,-4.609283
4.0933385,-0.046785,-0.047784,-0.031661,-0.060692,-5.455182,4.391388
4.1127396,-0.052154,-0.042659,0.037892,0.008667,-5.769809,-0.394257
4.1321430,-0.043124,-0.077192,-0.004938,-0.032131,-4.459538,17.767532
4.1515460,-0.038487,-0.079388,0.043872,0.016303,-4.814727,20.496002
4.1709480,-0.055449,-0.034850,-0.034711,-0.063773,-5.466208,-5.840668
4.1903501,-0.032752,-0.045832,-0.004938,-0.035068,-6.292980,10.178848
4.2097516,-0.024699,-0.082073,0.037038,0.009043,-5.028580,27.859726
4.2291541,-0.057889,-0.079754,0.005556,-0.020404,-3.871305,12.689056
4.2485552,-0.024455,-0.042049,-0.019337,-0.050058,-6.731237,13.066910
4.2679572,-0.015913,-0.059987,-0.011283,-0.041246,-6.153645,26.578613
4.2873573,-0.061916,-0.084757,0.018613,-0.006654,-3.593101,12.804047
4.3067584,-0.003711,-0.075850,0.017392,-0.011782,-5.683765,38.422089
4.3261604,-0.041904,-0.056936,-0.021655,-0.050463,-5.341076,10.827332
4.3455610,-0.044833,-0.054862,-0.029098,-0.057819,-5.264038,8.583511
4.3649621,-0.006395,-0.093665,0.039113,0.011588,-4.776752,39.566666
4.3843641,-0.054228,-0.085123,0.016904,-0.008920,-3.846963,15.697708
4.4037652,-0.054106,-0.037168,-0.039837,-0.068870,-5.432871,-4.077652
4.4231653,-0.007737,-0.069871,0.027398,-0.002209,-5.996739,34.677551
4.4425659,-0.048737,-0.111603,0.043872,0.020282,-2.964807,24.251801
4.4619684,-0.055937,-0.054984,-0.013723,-0.041689,-4.858343,4.103226
4.4813690,-0.020916,-0.068528,-0.001887,-0.031031,-5.612029,26.218536
4.5007677,-0.052154,-0.096472,0.039845,0.014831,-3.556942,19.570877
4.5201683,-0.047273,-0.094397,0.036916,0.011372,-3.786432,20.905914
4.5395699,-0.033240,-0.056448,0.002017,-0.027444,-5.833276,14.918503
4.5589705,-0.041782,-0.067186,-0.005426,-0.033553,-4.977286,14.964371
4.5783730,-0.025309,-0.105013,0.037282,0.011665,-3.821811,32.283859
4.5977755,-0.029336,-0.073653,0.038381,0.009863,-5.333960,23.181747
4.6171761,-0.047029,-0.051445,-0.050330,-0.079024,-5.182160,6.056976
4.6365771,-0.011520,-0.072067,0.026544,-0.002770,-5.798687,32.795761
4.6559763,-0.026407,-0.100132,0.045702,0.019532,-4.111065,30.927399
4.6753769,-0.051300,-0.054862,-0.024950,-0.053223,-5.003464,5.848175
4.6947765,-0.009202,-0.042659,-0.010429,-0.041725,-7.266599,24.703598
4.7141762,-0.032386,-0.072433,-0.007134,-0.035375,-5.038968,21.258942
4.7335758,-0.030922,-0.080365,0.025690,-0.002104,-4.882784,24.322327
4.7529764,-0.036779,-0.045100,-0.003840,-0.033787,-6.159953,7.672974
4.7723770,-0.025431,-0.033020,-0.041057,-0.072133,-6.997890,6.904297
4.7917752,-0.032874,-0.045344,0.000431,-0.029737,-6.334342,9.857254
4.8111753,-0.031654,-0.071457,0.022273,-0.006233,-5.282291,21.314835
4.8305759,-0.027383,-0.059133,0.023982,-0.005676,-6.022665,19.238235
4.8499784,-0.035193,-0.046930,-0.001399,-0.031341,-6.162044,9.440063
4.8693800,-0.034461,-0.034362,-0.002375,-0.033008,-6.693994,2.611023
4.8887815,-0.010422,-0.041439,0.029839,-0.001559,-7.438045,23.088516
4.9081836,-0.036047,-0.059377,0.038381,0.009134,-5.784730,14.691299
4.9275842,-0.021160,-0.043636,0.010193,-0.020661,-6.906307,16.101501
4.9469857,-0.009324,-0.042659,0.044360,0.012966,-7.458329,24.600662
4.9663877,-0.047395,-0.018255,-0.023485,-0.053837,-6.419504,-13.967667
4.9857888,0.008126,-0.024356,0.015440,-0.017064,-8.761018,34.875397
5.0051894,-0.012618,-0.023868,0.022151,-0.009912,-8.151209,9.496368
5.0245876,-0.024821,-0.024722,-0.007500,-0.039010,-7.483449,1.117035
5.0439882,0.010810,-0.020939,0.037160,0.004506,-9.040121,37.495453
5.0633898,-0.055449,-0.021671,0.017392,-0.012390,-6.093864,-13.891861
5.0827913,-0.032996,-0.019719,0.008363,-0.022926,-7.294663,-7.447556
5.1021924,0.003733,0.003221,0.065470,0.032461,-9.897381,-15.600662
5.1215925,-0.079365,-0.006662,-0.040447,-0.068143,-4.617361,-27.146439
5.1409936,0.008614,0.003099,0.038991,0.005920,-10.124257,-7.198639
5.1603913,-0.061184,0.000903,0.008973,-0.020776,-6.049302,-30.388458
5.1797905,-0.028969,-0.000195,-0.019581,-0.051428,-7.830904,-25.303665
5.1991920,-0.030068,-0.000561,0.057294,0.025405,-7.994009,-25.132950
5.2185926,-0.050568,0.004198,-0.026658,-0.057157,-6.530186,-32.174713
5.2379928,-0.006029,-0.002148,0.041919,0.009162,-9.241576,-12.366745
5.2573915,-0.029336,-0.004466,0.008607,-0.023210,-7.839488,-20.648102
5.2767920,-0.021160,-0.011177,0.007509,-0.024567,-8.145983,-9.688202
5.2961926,-0.015181,-0.008859,0.014952,-0.017409,-8.541185,-8.810471
5.3155956,-0.023478,-0.015082,0.000797,-0.031079,-7.895888,-6.841583
5.3349948,-0.016767,-0.024234,0.020199,-0.011705,-7.957179,6.344147
5.3543944,-0.027627,-0.027650,-0.000789,-0.032068,-7.267912,1.713867
5.3737941,-0.017499,-0.036314,0.036306,0.004887,-7.468864,14.566254
5.3931952,-0.020428,-0.052299,0.010193,-0.020182,-6.515235,20.690933
5.4125967,-0.019940,-0.060109,0.023006,-0.006907,-6.199416,24.045334
5.4319963,-0.032630,-0.056692,0.007264,-0.022233,-5.871571,15.346664
5.4513960,-0.009812,-0.067186,-0.027024,-0.056585,-5.825426,32.690842
5.4707947,-0.032630,-0.054374,-0.003107,-0.032722,-5.925230,14.343750
5.4901924,-0.014815,-0.061695,-0.030319,-0.060130,-5.994315,27.856201
5.5095925,-0.017133,-0.091713,0.020199,-0.007078,-4.585742,33.746948
5.5289931,-0.041538,-0.089028,-0.025316,-0.051322,-3.780293,21.850250
5.5483937,-0.001758,-0.085856,-0.017872,-0.045991,-4.934256,41.085617
5.5677929,-0.015059,-0.092079,-0.015066,-0.042164,-4.374501,34.857407
5.5871954,-0.004931,-0.115995,0.019955,-0.004915,-3.419336,42.662521
5.6065974,0.031310,-0.113189,0.076208,0.050335,-4.071228,59.214035
5.6259971,-0.020794,-0.113555,-0.002253,-0.026713,-3.151567,35.534210
5.6453953,-0.026163,-0.094031,-0.023363,-0.049722,-3.962660,29.840836
5.6647949,0.026551,-0.069749,-0.002253,-0.032125,-6.109266,58.781448
5.6841950,-0.016523,-0.113799,0.010193,-0.014513,-3.309463,37.381836
5.7035956,-0.002856,-0.077192,-0.036054,-0.064896,-5.320324,39.178604
5.7229962,-0.013228,-0.070847,-0.045450,-0.074511,-5.434537,31.450134
5.7423954,-0.017621,-0.058766,-0.045205,-0.075075,-5.997547,25.042679
5.7617950,-0.016401,-0.078900,-0.010917,-0.039301,-5.112169,31.522446
5.7811942,-0.006517,-0.105501,-0.017750,-0.043575,-3.720298,40.921402
5.8005934,-0.037145,-0.059987,-0.037518,-0.066332,-5.298271,14.391373
5.8199925,-0.019696,-0.066576,-0.063997,-0.093085,-5.396608,26.339172
5.8393912,0.042170,-0.071945,0.011413,-0.018087,-5.884073,69.293076
5.8587914,-0.077901,-0.110138,0.004214,-0.016684,-1.754246,14.498840
5.8781919,0.050346,-0.088540,-0.040203,-0.067655,-4.481005,71.210678
5.8975921,0.021426,-0.062427,0.042041,0.011453,-6.750799,55.210556
5.9169931,-0.033728,-0.079144,-0.114149,-0.141018,-3.880395,22.631943
5.9363947,0.060718,-0.071213,0.011047,-0.017906,-5.525288,80.831070
5.9557953,0.005441,-0.104891,0.023616,-0.002830,-4.171030,46.674545
5.9751940,-0.023356,-0.072311,-0.089256,-0.117538,-4.797265,25.959930
5.9945960,0.054861,-0.073409,0.037893,0.008782,-5.696116,76.863571
6.0139985,-0.027871,-0.077192,-0.062777,-0.090521,-4.567666,24.960815
6.0333991,0.032286,-0.075972,-0.017262,-0.046482,-5.619972,62.221298
6.0527987,0.025575,-0.110138,0.075476,0.049205,-4.255595,56.615005
6.0721993,-0.052764,-0.098912,-0.073881,-0.097519,-2.482405,19.952347
6.0915995,0.069503,-0.070115,0.047288,0.018493,-5.524331,85.926102
6.1109986,-0.022258,-0.087808,-0.034956,-0.062083,-4.321598,30.409134
6.1304002,-0.007371,-0.091225,-0.024828,-0.052206,-4.492877,38.715714
6.1498022,0.078655,-0.081707,0.052413,0.025058,-4.726600,86.757095
6.1692061,-0.039219,-0.099766,-0.092184,-0.116532,-2.713999,25.388626
6.1886077,-0.012862,-0.099034,-0.022265,-0.048622,-3.965938,37.053436
6.2080092,0.052908,-0.072433,-0.041423,-0.070345,-5.355870,75.945724
6.2274108,-0.025431,-0.085246,0.004214,-0.023268,-4.644870,28.257553
6.2468109,-0.019452,-0.123317,-0.024706,-0.047694,-2.432705,37.328644
6.2662115,0.183961,-0.091347,0.076330,0.060961,-0.301218,112.291397
6.2856135,-0.108163,-0.070847,-0.043253,-0.064072,-1.494610,-4.183960
6.3050141,-0.086320,-0.078656,-0.141238,-0.162887,-1.291183,3.422226
6.3244152,0.145768,-0.060841,0.037282,0.014532,-2.602181,114.710983
6.3438144,-0.137082,-0.076460,-0.090232,-0.105216,0.771715,-7.586548
6.3632159,-0.088883,-0.112091,-0.195172,-0.211176,1.183817,11.938370
6.3826170,0.075238,-0.071945,0.017880,-0.010326,-5.093126,88.185745
6.4020185,-0.109871,-0.134665,-0.102068,-0.113628,1.884297,11.762222
6.4214206,-0.084002,-0.222766,-0.109634,-0.105595,5.810240,29.680878
6.4408221,0.102694,-0.297078,0.161746,0.172669,4.967095,68.926498
6.4602242,-0.161121,-0.318310,0.066446,0.099404,9.198889,24.857346
6.4796238,0.006051,-0.361140,0.100368,0.130180,8.438637,51.652176
6.4990253,0.237041,-0.357480,0.445084,0.475235,6.045893,84.415176
6.5184264,-0.049103,-0.466202,0.417385,0.465656,8.395294,45.524033
6.5378280,-0.127564,-0.556256,0.629950,0.700836,9.346281,39.159103
6.5572295,0.170417,-0.485848,0.455456,0.514020,9.253271,70.690567
6.5766311,0.147842,-0.448265,0.276082,0.331174,10.197844,69.407150
6.5960326,0.123926,-0.591765,-0.339770,-0.122901,33.731422,63.595383
6.6154342,0.315381,-0.545884,0.904502,0.974648,7.806881,81.798325
6.6348343,-0.121707,-0.348084,-0.095235,-0.046770,13.139364,32.168365
6.6542349,0.044611,-0.105990,-0.120128,-0.145034,-2.845160,65.998917
6.6736331,0.493169,0.098278,1.016276,1.041061,2.865441,-205.600616
6.6930327,0.056935,0.046296,-1.049946,-0.886688,139.151031,-171.441101
6.7124338,-0.113532,-0.084269,-0.501329,-0.506419,8.728483,-1.180252
6.7318344,-0.074484,-0.101231,0.324525,0.299550,-4.396112,13.317947
6.7512355,0.227646,-0.103061,0.210800,0.201303,0.581271,115.395920
6.7706351,0.118923,-0.047540,-0.296818,-0.320156,-1.041672,114.009445
6.7900352,-0.008592,0.006028,-0.541841,-0.574026,-6.953918,-29.831406
6.8094344,0.104402,-0.021061,-0.162226,-0.190302,-4.396386,124.108597
6.8288350,-0.086809,-0.045588,-0.167961,-0.192106,-2.240105,-9.008942
6.8482375,0.072920,0.053129,-0.410666,-0.439478,-3.661839,-176.771606
6.8676391,0.080730,0.014448,-0.305969,-0.336242,-5.476308,-211.347672
6.8870387,-0.086198,-0.023014,-0.180651,-0.205982,-2.756967,-19.317841
6.9064388,-0.013595,0.031165,-0.379305,-0.411090,-6.916760,-69.748428
6.9258409,-0.015669,0.010299,-0.107681,-0.140100,-8.471986,-38.036972
6.9452429,-0.080219,0.002611,-0.296940,-0.322572,-2.251090,-32.476364
6.9646435,-0.058133,0.022257,-0.275952,-0.304567,-4.261430,-45.788483
6.9840446,-0.064966,-0.002514,-0.074003,-0.103044,-5.334565,-28.366364
7.0034466,-0.053496,-0.000195,-0.202250,-0.231818,-5.282185,-28.928192
7.0228486,-0.042758,0.003710,-0.020801,-0.051864,-7.027829,-31.220612
7.0422506,-0.072776,-0.030457,0.026544,-0.001491,-5.020533,-13.018127
7.0616517,-0.047029,-0.061329,0.016660,-0.011676,-5.165574,10.377502
7.0810518,-0.053618,-0.049981,0.241671,0.212208,-6.361691,2.696518
7.1004534,-0.026651,-0.097448,0.306710,0.278888,-5.597522,30.303345
7.1198525,0.083048,-0.121486,0.457043,0.431327,-4.987181,79.644608
7.1392541,0.086953,-0.057790,0.484376,0.454350,-7.079571,98.902878
7.1586552,0.016545,-0.087442,0.556248,0.526180,-7.194028,51.938766
7.1780553,0.020694,-0.139668,0.572965,0.547033,-5.294528,54.169418
7.1974568,0.144548,-0.069016,0.602739,0.576532,-5.452784,111.701157
7.2168570,0.072676,-0.075972,0.561251,0.531411,-7.068357,85.678299
7.2362580,0.070968,-0.142352,0.468757,0.444548,-4.449751,72.471848
7.2556581,0.092810,-0.090737,0.401888,0.374367,-5.643422,89.973282
7.2750578,0.204705,-0.118192,0.205919,0.194248,0.074257,109.210983
7.2944598,0.138813,-0.170784,0.378948,0.363106,-1.678267,87.266159
7.3138628,0.116116,-0.135397,0.130874,0.111507,-1.780761,87.470291
7.3332658,0.265717,-0.105990,0.100246,0.101405,3.545542,118.666122
7.3526678,0.105988,-0.105990,-0.015920,-0.038139,-2.163076,90.616653
7.3720708,0.063158,-0.146135,-0.056065,-0.074913,-0.713227,69.412369
7.3914728,0.212149,-0.099522,-0.082911,-0.088578,3.323215,114.296005
7.4108753,0.104646,-0.087930,-0.245934,-0.267487,-0.580281,94.953049
7.4302759,0.011054,-0.113555,-0.267898,-0.290175,-0.746904,49.766373
7.4496760,0.117703,-0.097814,-0.274976,-0.292884,1.140613,96.260147
7.4690776,0.050834,-0.082927,-0.376865,-0.401940,-1.355487,72.477158
7.4884791,-0.054228,-0.090004,-0.310240,-0.331706,-0.050750,17.091690
7.5078812,0.085610,-0.066698,-0.368689,-0.393327,-1.171909,94.762680
7.5272808,0.016423,-0.053641,-0.321466,-0.351517,-5.207304,50.856613
7.5466819,-0.059109,-0.078290,-0.312803,-0.335321,-0.521196,11.772781
7.5660839,0.088295,-0.040341,-0.346359,-0.373680,-2.971709,107.949997
7.5854850,0.010200,-0.043636,-0.188583,-0.219865,-6.860050,43.663315
7.6048875,-0.029214,-0.058156,-0.271681,-0.299814,-3.943025,17.818253
7.6242924,0.124902,-0.051323,-0.140384,-0.164569,-2.404089,113.859085
7.6436939,-0.007859,-0.040219,-0.100238,-0.131528,-7.078427,24.692139
7.6630950,0.011298,-0.068650,-0.201151,-0.230266,-4.945906,47.662949
7.6824975,0.069625,-0.055350,0.059613,0.029732,-6.260868,91.524124
7.7019019,-0.018475,-0.047296,-0.082789,-0.113293,-6.398755,19.772049
7.7213058,0.032652,-0.080365,0.044360,0.015285,-5.690032,62.040695
7.7407098,0.006173,-0.032653,0.086336,0.054110,-8.437441,35.965714
7.7601123,-0.038365,-0.066454,0.012268,-0.016216,-5.240353,16.289978
7.7795143,0.050224,-0.100010,0.136121,0.108831,-4.931405,69.412735
7.7989178,-0.009324,-0.041805,0.086092,0.054586,-7.633960,24.194138
7.8183208,0.012030,-0.079754,0.099758,0.070367,-6.024858,48.885544
7.8377247,0.020084,-0.110992,0.138074,0.111490,-4.592260,53.979416
7.8571281,0.005319,-0.080609,0.093535,0.064308,-5.906750,44.714157
7.8765306,0.015935,-0.089272,0.110862,0.082242,-5.582274,51.617783
7.8959336,0.059009,-0.103915,0.089874,0.063544,-4.329237,72.956924
7.9153352,0.026917,-0.096350,0.059979,0.032309,-4.916575,57.714676
7.9347367,0.054006,-0.125757,0.039113,0.015635,-2.900410,68.050858
7.9541373,0.066331,-0.130882,0.073523,0.050882,-2.704805,72.196671
7.9735379,0.042658,-0.085490,-0.029220,-0.057275,-4.860569,67.435013
7.9929395,0.054495,-0.121731,0.006898,-0.016791,-2.858347,68.671524
8.0123405,0.064256,-0.151016,0.033378,0.014073,-1.329301,69.322617
8.0317421,0.008492,-0.100620,-0.035932,-0.062504,-4.025121,47.973129
8.0511417,0.050468,-0.128076,-0.000667,-0.023540,-2.491308,66.421066
8.0705414,0.049003,-0.143939,0.034354,0.013372,-1.922359,64.617050
8.0899410,0.008004,-0.097936,-0.060825,-0.087531,-4.002613,47.571335
8.1093407,0.024721,-0.131492,-0.023119,-0.045736,-2.288878,55.832932
8.1287413,0.039120,-0.141864,-0.002985,-0.024074,-1.790976,61.110886
8.1481438,-0.004687,-0.090493,-0.069610,-0.096859,-4.263128,40.057541
8.1675463,0.021182,-0.108796,-0.061557,-0.086979,-3.352995,54.516953
8.1869497,0.026063,-0.135885,-0.008721,-0.030834,-2.154665,56.299026
8.2063494,-0.002856,-0.114043,-0.058872,-0.083344,-2.920868,43.421951
8.2257481,-0.000904,-0.095862,-0.043619,-0.070530,-4.174439,42.705795
8.2451477,0.040706,-0.106356,-0.062167,-0.087654,-3.381806,64.099503
8.2645493,0.000804,-0.086100,-0.121958,-0.149489,-4.224779,42.592087
8.2839489,0.007638,-0.104891,-0.133306,-0.158523,-2.934106,47.763260
8.3033485,0.064256,-0.127954,-0.030441,-0.052451,-2.014042,71.783188
8.3227501,0.005807,-0.108674,-0.073637,-0.098866,-3.209276,47.074783
8.3421507,0.039730,-0.091103,-0.130378,-0.157234,-3.805716,65.096878
8.3615513,0.068405,-0.102329,0.000187,-0.025266,-3.610733,77.382706
8.3809519,-0.005053,-0.106966,-0.136967,-0.161581,-2.623478,41.767136
8.4003506,0.047173,-0.083903,-0.064363,-0.092257,-4.649741,70.245987
8.4197531,0.038998,-0.093665,-0.044351,-0.071529,-4.315289,64.427933
8.4391537,0.023379,-0.083293,-0.095845,-0.124044,-4.722820,56.088669
8.4585533,0.016911,-0.075972,-0.059604,-0.088725,-5.432039,51.941452
8.4779558,0.016179,-0.085612,-0.087182,-0.115183,-4.633593,51.682938
8.4973574,0.013495,-0.082073,-0.007988,-0.036748,-5.350197,49.922501
8.5167580,0.002879,-0.073165,-0.062899,-0.092115,-5.486390,42.273666
8.5361605,0.019108,-0.064135,-0.044962,-0.075173,-6.257366,53.365433
8.5555630,0.006905,-0.098302,0.004702,-0.022386,-4.435390,47.014267
8.5749664,-0.012130,-0.098302,-0.022753,-0.049216,-4.017333,37.304413
8.5943661,0.024965,-0.063525,-0.003107,-0.033479,-6.482209,57.968979
8.6137676,0.003489,-0.097082,0.011047,-0.016163,-4.520932,45.129166
8.6331711,-0.016157,-0.071091,0.005922,-0.023232,-5.640070,29.743881
8.6525717,0.010078,-0.060475,-0.014456,-0.044990,-6.586925,45.968155
8.6719713,-0.084002,-0.145403,-0.006280,-0.021419,0.209591,19.921234
8.6913729,0.185182,-0.113555,0.062419,0.049864,0.565746,107.195694
8.7107735,-0.058499,-0.092689,0.059002,0.033917,-3.656897,16.277771
8.7301722,-0.055204,-0.134665,-0.074857,-0.093257,-0.450930,26.275375
8.7495718,0.185914,-0.133811,0.180904,0.168670,0.048357,103.055557
8.7689714,-0.058011,-0.154677,-0.028976,-0.044611,0.189109,28.406082
8.7883711,-0.045199,-0.161632,0.025080,0.008751,-0.325600,32.975723
8.8077717,0.143206,-0.139180,0.138562,0.122276,-0.864518,93.543045
8.8271723,-0.039830,-0.196287,0.021907,0.011815,1.458759,37.617279
8.8465729,-0.000660,-0.161754,0.069252,0.050417,-1.339490,46.989456
8.8659744,0.095006,-0.268037,0.109276,0.114095,4.210417,68.963455
8.8853750,-0.017011,-0.338932,0.156011,0.176529,6.586733,47.744003
8.9047737,0.069503,-0.247293,0.192374,0.188509,1.943133,64.757584
8.9241743,0.013495,-0.292319,0.146493,0.153749,4.416147,52.587540
8.9435730,0.052420,-0.389572,0.272299,0.302540,7.159107,58.452347
8.9629726,0.088173,-0.377247,0.331237,0.356472,6.076414,63.809433
8.9823732,-0.011642,-0.310257,0.183100,0.194206,4.854689,48.161850
9.0017719,0.079509,-0.298908,0.250213,0.257144,3.708019,64.750900
9.0211735,0.044489,-0.318676,0.272177,0.282189,4.110095,58.088394
9.0405750,-0.043612,-0.182498,0.080357,0.066630,0.146851,35.498001
9.0599747,0.016179,-0.221790,0.095609,0.087471,1.512298,52.899338
9.0793753,0.038509,-0.220691,0.080967,0.073097,1.662668,58.449997
9.0987778,-0.020062,-0.063769,-0.013113,-0.042623,-5.826831,25.223633
9.1181803,-0.051422,-0.078046,-0.093405,-0.119273,-3.439073,14.601639
9.1375799,0.056081,-0.094153,-0.103655,-0.129809,-3.541856,73.190323
9.1569796,0.038265,-0.064624,-0.150268,-0.179839,-5.465334,67.938858
9.1763792,-0.053618,-0.031067,-0.201761,-0.230314,-4.547212,-7.442459
9.1957788,0.039852,-0.031555,-0.215062,-0.246820,-7.343911,80.174393
9.2151775,0.068649,-0.022892,-0.188095,-0.219018,-6.496236,110.552872
9.2345762,-0.039097,-0.000561,-0.291205,-0.321708,-5.752661,-26.810242
9.2539759,0.027527,-0.000195,-0.258990,-0.292032,-9.839125,93.916336
9.2733755,0.014593,-0.021671,-0.186509,-0.219025,-8.526707,44.541672
9.2927752,-0.016767,-0.031067,-0.243127,-0.274223,-6.510308,11.663757
9.3121738,-0.001392,-0.006662,-0.156735,-0.189453,-8.967030,0.829254
9.3315725,-0.020428,-0.008127,-0.226288,-0.258140,-7.438332,-12.844162
9.3509712,0.043268,-0.042781,-0.188827,-0.219861,-6.603097,78.231216
9.3703709,-0.052276,-0.004954,-0.100848,-0.130876,-5.965568,-25.111786
9.3897705,0.090857,-0.021183,0.004580,-0.025460,-6.248239,120.654800
9.4091721,0.054617,-0.080365,0.015440,-0.012974,-5.208174,75.102646
9.4285727,-0.013228,0.005784,-0.063021,-0.095563,-8.735822,-30.310776
9.4479723,0.037411,0.014448,0.097074,0.064088,-9.837959,-199.842468
9.4673719,0.066331,-0.075362,0.061931,0.033344,-5.438449,82.674850
9.4867706,-0.034705,-0.044978,0.149910,0.119411,-6.888007,8.682297
9.5061693,0.020084,-0.027040,0.084871,0.052351,-8.856719,54.518356
9.5255680,0.093542,-0.055960,0.224588,0.195536,-6.084762,102.360641
9.5449686,-0.002490,-0.063647,0.176389,0.145789,-7.009358,36.880356
9.5643692,0.031066,-0.122219,0.250091,0.224118,-4.618022,58.734848
9.5837717,0.081462,-0.120632,0.378948,0.353507,-4.709452,79.224716
9.6031723,-0.009202,-0.110260,0.335019,0.307692,-5.420179,40.193466
9.6225729,0.060230,-0.095007,0.317448,0.289190,-5.837109,75.049026
9.6419735,0.049003,-0.118558,0.385903,0.359129,-5.277326,66.709396
9.6613741,-0.020550,-0.159802,0.366135,0.344324,-3.376550,40.384079
9.6807766,0.057057,-0.120510,0.304025,0.278073,-4.743218,69.855759
9.7001772,0.047051,-0.128076,0.296094,0.270729,-4.480143,65.056686
9.7195807,-0.050690,-0.142841,0.190910,0.169898,-2.556599,28.936630
9.7389812,0.037411,-0.104525,0.116964,0.089956,-4.737920,62.649918
9.7583799,0.019352,-0.119168,0.064371,0.039243,-3.694629,53.637833
9.7777824,-0.005541,-0.210686,0.056928,0.047611,1.446478,47.225143
9.7971830,-0.046541,-0.095251,0.017514,-0.007839,-3.628761,21.405670
9.8165817,0.034239,-0.085001,-0.105851,-0.133689,-4.468202,62.582138
9.8359804,0.040950,-0.164561,-0.162592,-0.176722,1.555132,60.752884
9.8553801,-0.001392,-0.079632,-0.212500,-0.240088,-3.872571,40.453598
9.8747807,0.012763,-0.095373,-0.183214,-0.209315,-3.150470,50.008102
9.8941822,0.055105,-0.141376,-0.214452,-0.231694,0.895693,67.015732
9.9135818,0.023501,-0.093421,-0.284371,-0.309747,-2.187655,55.925797
9.9329844,0.004343,-0.084025,-0.222139,-0.249257,-3.538230,44.454758
9.9523859,0.025331,-0.114897,-0.197613,-0.220691,-1.576367,56.392746
9.9717875,-0.014449,-0.059743,-0.199199,-0.228467,-5.065559,27.466354
9.9911890,0.001048,-0.090248,-0.173452,-0.200113,-3.505600,43.182297
10.0105906,0.010566,-0.132469,-0.075589,-0.097403,-1.714736,50.099747
10.0299940,-0.010300,-0.085001,-0.091940,-0.119474,-4.341375,36.139526
10.0493946,0.016911,-0.067308,-0.080348,-0.110168,-5.864998,51.737198
10.0687933,0.021914,-0.110382,0.017392,-0.008457,-3.860457,54.857437
10.0881958,-0.028847,-0.098302,-0.012991,-0.038819,-3.739292,29.489273
10.1075954,0.009224,-0.061207,0.013000,-0.017548,-6.657268,45.366562
10.1269960,0.022890,-0.111847,0.070107,0.044058,-4.133410,55.305832
10.1463957,-0.022990,-0.110992,0.052657,0.027514,-3.660309,34.236755
10.1657944,-0.006151,-0.065356,0.085481,0.055307,-6.526239,34.695145
10.1851950,-0.007005,-0.101353,0.069374,0.042494,-4.534804,40.217545
10.2045984,-0.003345,-0.087442,0.079136,0.050729,-5.379266,40.393387
10.2239990,0.019230,-0.074752,0.054121,0.024445,-6.107736,53.496902
10.2434006,-0.014815,-0.118680,0.084993,0.060211,-3.615046,38.686111
10.2628021,0.019962,-0.117094,0.096586,0.070966,-4.021700,53.912827
10.2822037,0.023623,-0.074141,0.060589,0.030848,-6.166354,56.512924
10.3016052,0.017765,-0.094275,0.019589,-0.008102,-4.807483,52.733383
10.3210039,0.032652,-0.114287,0.063273,0.037640,-3.918489,59.782272
10.3404045,0.013739,-0.086466,-0.009575,-0.037898,-5.079955,50.243210
10.3598061,0.028504,-0.115141,0.007509,-0.017633,-3.494729,57.844345
10.3792057,0.024233,-0.116484,0.028375,0.003205,-3.585071,55.859604
10.3986063,-0.008714,-0.085856,-0.060092,-0.087785,-4.547928,37.162292
10.4180079,0.034727,-0.110626,-0.018605,-0.044028,-3.525488,60.943558
10.4374075,-0.004809,-0.114897,0.000187,-0.024658,-3.332647,42.621109
10.4568062,-0.020428,-0.094153,-0.073027,-0.099269,-3.713583,32.577896
10.4762058,0.028259,-0.114409,-0.002619,-0.027773,-3.461759,57.755997
10.4956083,0.000804,-0.126733,-0.022875,-0.046018,-2.504293,45.876022
10.5150099,-0.017865,-0.092445,-0.058384,-0.085040,-3.985380,33.515518
10.5344133,0.028504,-0.110870,0.007753,-0.017927,-3.745064,57.989578
10.5538139,-0.036657,-0.094885,-0.044473,-0.070000,-3.472555,25.357941
10.5732155,-0.004443,-0.086344,-0.033857,-0.061774,-4.765650,39.624451
10.5926180,-0.015303,-0.125879,0.026666,0.003344,-2.787679,39.260803
10.6120224,-0.036535,-0.095495,-0.040569,-0.066066,-3.474125,25.549637
10.6314240,-0.011276,-0.102451,0.044604,0.018119,-4.260120,38.290482
10.6508265,-0.031898,-0.110992,-0.013601,-0.037749,-2.969316,30.555176
10.6702299,-0.011886,-0.078656,0.003360,-0.025274,-5.305447,34.032455
10.6896334,-0.015425,-0.124415,0.033622,0.010039,-2.921934,39.059860
10.7090349,-0.027871,-0.098302,0.000919,-0.025062,-3.864671,29.923203
10.7284374,-0.006029,-0.101475,0.010315,-0.016199,-4.159786,40.710617
10.7478409,-0.004565,-0.125269,0.037038,0.013217,-3.033825,43.560898
10.7672453,-0.021770,-0.081829,-0.028610,-0.056401,-4.710410,29.308578
10.7866478,0.010810,-0.107698,0.048997,0.022642,-4.210784,49.448685
10.8060503,0.022890,-0.097570,-0.061801,-0.088612,-4.054457,55.514175
10.8254519,-0.020062,-0.097326,0.054976,0.028179,-4.448127,33.327484
10.8448534,-0.047151,-0.126367,-0.007134,-0.028361,-1.823344,27.533463
10.8642540,0.091834,-0.083415,-0.038860,-0.064542,-3.569604,91.700027
10.8836575,-0.058011,-0.115751,0.038625,0.016263,-2.456664,21.902588
10.9030600,-0.025309,-0.103671,-0.055211,-0.080232,-3.188872,32.052216
10.9224596,0.086221,-0.097936,0.041919,0.016691,-3.660200,85.622910
10.9418631,-0.053618,-0.102085,-0.030197,-0.053840,-2.682192,20.406036
10.9612656,-0.102306,0.069358,-0.115247,-0.137514,-1.691244,-62.519287
10.9806662,-0.279850,-0.467179,0.066568,0.177660,17.910456,21.593857
11.0000648,0.042170,-0.180058,0.149910,0.133024,-1.091193,60.548721
11.0194645,0.104768,-0.021793,-0.151610,-0.179687,-4.438969,123.750473
11.0388641,-0.080707,-0.185061,0.095976,0.085246,0.864470,26.438019
11.0582657,-0.226159,-0.410438,0.029351,0.109384,15.357870,23.391998
11.0776653,0.204705,0.020915,0.094267,0.077328,-0.856443,-212.632248
11.0970678,0.444603,0.127807,0.041553,0.101397,12.956264,-200.660446
11.1164675,0.255833,-0.056082,0.013732,0.010990,3.299156,128.298996
11.1358671,0.257053,-0.244120,0.151252,0.171138,6.523560,96.895462
11.1552677,0.341860,0.036534,0.018735,0.037699,7.461365,-211.405228
11.1746683,0.311354,0.492291,0.144663,0.247458,16.241528,-157.382721
11.1940718,0.441309,-0.062671,-0.042033,0.019718,14.169710,134.074844
11.2134733,0.689382,-0.407875,0.185419,0.397944,23.743729,111.836227
11.2328730,0.323922,-0.370902,1.079728,1.103925,2.588247,92.428970
11.2522726,-0.261180,0.039462,1.278870,1.263470,-3.652778,-42.404800
11.2716751,0.223985,-0.173346,0.919633,0.906368,-2.545473,101.977615
11.2910757,0.996149,-0.130882,0.327576,0.629175,26.639778,135.583572
11.3104773,0.823242,-0.087930,-0.235806,0.093410,37.385105,136.855270
11.3298788,0.466934,-0.066332,-0.570882,-0.395042,38.622044,134.162827
11.3492794,0.091834,-0.084025,-0.582474,-0.597576,6.555185,91.517746
11.3686790,-0.350013,-0.131370,-0.595165,-0.454731,36.553806,-15.430267
11.3880796,-0.339641,-0.195067,-0.436900,-0.326249,27.527485,-6.630081
11.4074821,-0.124026,0.178203,-0.203592,-0.204848,5.520618,-85.894714
11.4268856,0.005807,0.478258,0.140392,0.203220,12.272722,-124.569443
11.4462872,0.226059,0.488630,0.278400,0.350863,12.030098,-149.552094
11.4656887,0.331976,0.314015,0.203356,0.249461,9.738359,-171.955536
11.4850912,0.308303,0.357455,0.053511,0.116837,13.232491,-165.912384
11.5044947,0.180423,0.397235,-0.322076,-0.229156,22.567127,-148.765564
11.5238972,-0.017377,0.350012,-0.421648,-0.354727,21.700603,-120.061707
11.5432978,-0.090347,0.342324,-0.452031,-0.375610,23.846519,-107.988472
11.5627003,-0.051056,0.231893,-0.289008,-0.282580,8.383818,-108.651085
11.5821028,0.023257,-0.002514,-0.107437,-0.140498,-10.019802,71.100784
11.6015062,0.063646,-0.202388,-0.047402,-0.055276,2.494851,65.507126
11.6209068,0.038998,-0.065844,0.109154,0.078814,-6.694466,68.242386
11.6403084,0.064500,0.280825,0.201160,0.200234,2.506154,-135.640427
11.6597099,0.038509,0.482407,0.155889,0.219172,12.172987,-128.542084
11.6791096,0.005685,0.396381,-0.035566,0.009282,11.919504,-124.195602
11.6985102,0.005075,0.281557,-0.196759,-0.182569,8.847267,-123.201393
11.7179136,-0.020672,0.177349,-0.236660,-0.249399,2.619273,-112.785828
11.7373171,-0.025431,0.091566,-0.138187,-0.165985,-4.319945,-97.589294
11.7567186,0.057301,0.127441,-0.070098,-0.094624,-2.895742,-143.939972
11.7761192,0.114286,0.243852,0.014952,0.014142,3.720924,-148.229095
11.7955198,0.112944,0.322069,0.036184,0.055234,7.321257,-142.866348
11.8149204,0.117947,0.382348,0.011901,0.052643,10.834120,-141.018951
11.8343229,0.046563,0.488020,0.141002,0.207868,12.714428,-129.476746
11.8537245,-0.039097,0.517062,0.160282,0.238381,13.707239,-119.660858
11.8731260,-0.066431,0.414928,-0.012747,0.041023,12.826956,-114.282112
11.8925295,-0.090225,0.297054,-0.179065,-0.153554,10.714542,-105.370514
11.9119329,-0.211516,0.278262,-0.277782,-0.224100,16.666224,-85.592087
11.9313354,-0.225671,0.511205,-0.421648,-0.216902,35.281887,-100.214241
11.9507380,-0.077291,0.680573,-0.385895,-0.104058,38.970631,-118.041519
11.9701405,0.069015,0.764525,-0.081690,0.166619,29.948441,-129.996674
11.9895420,0.095738,0.652142,0.111717,0.259122,20.319414,-133.007248
12.0089436,0.031920,0.502419,0.025080,0.108704,15.786171,-127.684639
12.0283461,-0.078145,0.523529,-0.106705,0.008128,20.721323,-115.493317
12.0477486,-0.141719,0.544517,-0.187363,-0.039215,25.086964,-109.483337
12.0671511,-0.163195,0.530973,-0.045694,0.075488,20.348339,-106.946495
12.0865526,-0.070946,0.575877,-0.062777,0.072090,21.792259,-117.175484
12.1059523,-0.023356,0.621514,-0.314877,-0.102336,32.783386,-122.240669
12.1253519,-0.007493,0.533901,-0.287666,-0.139619,27.210247,-123.297813
12.1447515,-0.044588,0.538782,-0.203958,-0.067631,24.403835,-119.342812
12.1641521,-0.066919,0.560868,-0.181506,-0.034865,24.848045,-117.340508
12.1835537,-0.079609,0.607359,-0.186143,-0.009790,27.276917,-116.836426
12.2029562,-0.067651,0.625785,-0.173818,0.010042,27.579460,-118.199364
12.2223577,-0.040928,0.587957,-0.145509,0.008084,24.738335,-120.283234
12.2417574,-0.042270,0.561112,-0.187485,-0.041495,24.909412,-119.857452
12.2611561,-0.068383,0.576487,-0.247886,-0.078191,28.075653,-117.437645
12.2805557,-0.088029,0.630178,-0.230803,-0.029049,30.037582,-116.420708
12.2999582,-0.053740,0.632862,-0.194318,-0.002623,28.554760,-119.546669
12.3193579,-0.013350,0.627615,-0.237148,-0.041000,29.789330,-123.203674
12.3387547,-0.038731,0.673008,-0.226166,-0.001597,31.442486,-121.231705
12.3581533,-0.039341,0.628103,-0.215794,-0.023149,29.075066,-120.813454
12.3775549,-0.025187,0.569532,-0.240931,-0.080185,27.216766,-121.683792
12.3969545,-0.071068,0.572583,-0.283029,-0.107479,29.332737,-117.111191
12.4163551,-0.084246,0.592716,-0.317440,-0.118669,31.895676,-116.162590
12.4357557,-0.025431,0.621392,-0.284127,-0.079814,31.451733,-122.046722
12.4551582,-0.028603,0.697412,-0.171622,0.054765,30.386421,-122.247055
12.4745598,-0.066675,0.642868,-0.086205,0.089901,25.391663,-118.500397
12.4939642,-0.087419,0.559038,-0.086083,0.045070,21.848907,-115.239502
12.5133648,-0.077779,0.578684,-0.131354,0.017239,24.078388,-116.550209
12.5327644,-0.055082,0.627859,-0.210303,-0.018006,28.933048,-119.370377
12.5521650,-0.058133,0.663368,-0.257038,-0.029427,32.344566,-119.477074
12.5715666,-0.079975,0.690579,-0.198345,0.033958,31.316299,-117.939362
12.5909681,-0.088761,0.633106,-0.109512,0.067433,25.863369,-116.400688
