Keuwl Accelerometer Data File
2021-04-11 16-52-09

Time (s), X (g), Y (g), Z (g), R (g), Theta (deg), Phi (deg)
0.0000000,-0.115434,-0.100303,1.013160,1.024636,8.583321,220.988083
0.0194097,-0.031238,-0.112750,0.881253,0.888985,7.562472,254.514267
0.0388181,-0.038681,-0.096154,1.060749,1.065801,5.580545,248.085846
0.0582258,-0.102012,-0.112384,0.864658,0.877878,9.955976,227.769684
0.0776330,0.017693,-0.103842,1.058309,1.063538,5.684169,279.669647
0.0970415,-0.149113,-0.106770,0.891747,0.910410,11.621441,215.604156
0.1164510,0.030262,-0.113604,1.007303,1.014140,6.657054,284.916107
0.1358590,-0.127636,-0.101523,0.965815,0.979488,9.584660,218.499130
0.1552666,-0.013789,-0.114092,0.921398,0.928538,7.109533,263.108917
0.1746745,-0.070774,-0.100425,1.042324,1.049539,6.722399,234.826157
0.1940822,-0.071384,-0.114092,0.860997,0.871452,8.884049,237.967087
0.2134895,-0.021842,-0.102500,1.078077,1.083158,5.552309,257.970459
0.2328966,-0.107259,-0.114336,0.857580,0.871792,10.359627,226.829315
0.2523027,0.008664,-0.102866,1.057210,1.062238,5.576891,274.814270
0.2717113,-0.132273,-0.109699,0.903827,0.920018,10.765068,219.670135
0.2911214,0.022452,-0.108845,0.993636,0.999832,6.381900,281.655396
0.3105307,-0.125440,-0.104940,0.968988,0.982693,9.580188,219.915039
0.3299379,-0.004881,-0.109333,0.928598,0.935025,6.721699,267.443848
0.3493481,-0.086637,-0.104208,1.022678,1.031618,7.548447,230.260483
0.3687566,-0.046735,-0.111163,0.882229,0.890432,7.783261,247.197281
0.3881635,-0.048931,-0.101645,1.060993,1.066974,6.069149,244.294174
0.4075697,-0.081756,-0.113726,0.860265,0.871592,9.247370,234.288239
0.4269740,-0.009640,-0.101157,1.068925,1.073744,5.430438,264.556396
0.4463819,-0.128857,-0.111651,0.877470,0.893881,10.996014,220.908188
0.4657883,0.025747,-0.107259,1.029511,1.035404,6.115550,283.498199
0.4851940,-0.136300,-0.109211,0.937384,0.953516,10.554505,218.703568
0.5046015,0.007199,-0.109577,0.962642,0.968886,6.507888,273.759033
0.5240102,-0.104574,-0.106770,0.999860,1.010967,8.501196,225.595428
0.5434186,-0.024283,-0.109821,0.904193,0.911162,7.090662,257.531860
0.5628260,-0.070163,-0.105184,1.043788,1.051418,6.906829,236.294601
0.5822344,-0.063208,-0.112139,0.868196,0.877688,8.433751,240.591949
0.6016433,-0.030018,-0.094690,1.068925,1.073530,5.309210,252.410843
0.6210521,-0.102866,-0.101890,0.862339,0.874409,9.530978,224.726837
0.6404592,0.004027,-0.088711,1.054160,1.057894,4.815238,272.598999
0.6598660,-0.119705,-0.091151,0.899434,0.911932,9.496597,217.288116
0.6792708,0.004881,-0.085050,1.007059,1.010656,4.835293,273.284546
0.6986795,-0.106526,-0.078949,0.950806,0.960007,7.938895,216.542984
0.7180871,-0.005857,-0.082244,0.963741,0.967261,4.889964,265.926453
0.7374930,-0.112628,-0.073824,0.987291,0.996433,7.767181,213.243683
0.7569000,-0.003173,-0.085660,0.935187,0.939107,5.237084,267.878906
0.7763070,-0.095666,-0.060646,1.029145,1.035360,6.280758,212.371780
0.7957120,-0.048809,-0.080901,0.882839,0.887881,6.108750,238.896652
0.8151181,-0.023184,-0.066747,1.077954,1.080268,3.750245,250.845367
0.8345281,-0.119095,-0.072848,0.863315,0.874531,9.185878,211.453308
0.8539364,0.027089,-0.075044,1.062946,1.065936,4.292586,289.848358
0.8733432,-0.129589,-0.065160,0.908220,0.919730,9.073895,206.694382
0.8927498,0.019890,-0.078339,0.994368,0.997648,4.646924,284.246033
0.9121567,-0.112384,-0.060768,0.980824,0.989110,7.421481,208.400833
0.9315634,-0.001098,-0.083830,0.919080,0.922896,5.212031,269.249451
0.9509716,-0.076021,-0.058205,1.050377,1.054732,5.208233,217.439484
0.9703791,-0.063208,-0.079193,0.858679,0.864636,6.729864,231.404846
0.9897875,0.004271,-0.068821,1.096502,1.098668,3.598313,273.551025
1.0091953,-0.134470,-0.072848,0.850747,0.864384,10.190919,208.446274
1.0286025,0.039902,-0.081512,1.060993,1.064868,4.888962,296.082703
1.0480089,-0.135690,-0.063574,0.914321,0.926519,9.307257,205.104279
1.0674176,0.019158,-0.086026,0.976065,0.980036,5.159512,282.554626
1.0868245,-0.109943,-0.065893,1.000226,1.008405,7.302507,210.935699
1.1062330,-0.020622,-0.087003,0.898580,0.903018,5.682514,256.665466
1.1256413,-0.062842,-0.065405,1.065874,1.069726,4.863934,226.144684
1.1450500,-0.080413,-0.080169,0.850747,0.858291,7.602355,224.912918
1.1644574,0.000976,-0.071750,1.093329,1.095682,3.755045,270.779480
1.1838648,-0.133738,-0.074556,0.864414,0.877870,10.044729,209.138870
1.2032729,0.035631,-0.081146,1.053428,1.057149,4.808927,293.706177
1.2226807,-0.138985,-0.066137,0.926523,0.939221,9.432089,205.447723
1.2420897,0.027333,-0.086759,0.977041,0.981266,5.318871,287.487000
1.2614979,-0.116654,-0.066503,0.998761,1.007748,7.657270,209.686768
1.2809045,-0.011714,-0.085660,0.898214,0.902366,5.498076,262.212982
1.3003105,-0.062110,-0.061988,1.062214,1.065832,4.722483,224.943665
1.3197170,-0.074190,-0.078095,0.844890,0.851729,7.265606,226.468796
1.3391242,-0.000244,-0.066259,1.092109,1.094117,3.471867,269.788971
1.3585315,-0.128979,-0.073092,0.855628,0.868376,9.829734,209.540146
1.3779366,0.033312,-0.074068,1.059895,1.063002,4.381729,294.215973
1.3973432,-0.140815,-0.067113,0.907854,0.921158,9.749554,205.482605
1.4167488,0.028309,-0.074434,1.000226,1.003391,4.552211,290.823212
1.4361564,-0.122267,-0.064184,0.979116,0.988806,8.027810,207.697235
1.4555628,-0.002807,-0.074922,0.937506,0.940499,4.572347,267.854736
1.4749699,-0.090785,-0.056985,1.038541,1.044058,5.892621,212.116013
1.4943771,-0.043196,-0.068943,0.885890,0.889618,5.247214,237.930847
1.5137839,-0.040634,-0.054056,1.068559,1.070696,3.621258,233.068069
1.5331911,-0.081268,-0.073336,0.867098,0.873980,7.195138,222.063171
1.5525994,-0.016473,-0.061988,1.071365,1.073283,3.426056,255.117737
1.5720061,-0.094202,-0.070774,0.867708,0.875672,7.732892,216.917374
1.5914135,-0.004759,-0.061622,1.058675,1.060477,3.341113,265.583954
1.6108198,-0.102622,-0.073702,0.880765,0.889781,8.163371,215.685623
1.6302282,0.002929,-0.060035,1.041958,1.043690,3.301501,272.792694
1.6496340,-0.110553,-0.066625,0.903339,0.912514,8.131877,211.075226
1.6690419,0.010738,-0.055155,1.018651,1.020200,3.157403,281.017120
1.6884495,-0.104818,-0.067601,0.933113,0.941412,7.613421,212.819427
1.7078578,0.003295,-0.059181,0.998517,1.000275,3.397189,273.186371
1.7272651,-0.100303,-0.067601,0.951782,0.959437,7.242617,213.978622
1.7466720,0.004271,-0.056863,0.989366,0.991008,3.298653,274.295258
1.7660798,-0.099327,-0.067601,0.958006,0.965510,7.148471,214.238800
1.7854885,0.001586,-0.056375,0.981434,0.983053,3.288786,271.611786
1.8048961,-0.101523,-0.062720,0.967645,0.974976,7.030511,211.707291
1.8243035,0.000244,-0.051982,0.965815,0.967213,3.080832,270.268982
1.8437115,-0.092616,-0.056863,0.982654,0.988646,6.311090,211.548492
1.8631179,-0.019158,-0.056375,0.957761,0.959610,3.557324,251.230865
1.8825241,-0.081390,-0.061012,0.982044,0.987298,5.913540,216.856155
1.9019310,-0.018181,-0.054788,0.961300,0.963032,3.436497,251.641647
1.9213383,-0.101890,-0.057717,0.972892,0.979914,6.863328,209.530121
1.9407455,0.001586,-0.053568,0.971916,0.973393,3.156101,271.696198
1.9601524,-0.107991,-0.055887,0.966181,0.973802,7.173019,207.362198
1.9795585,-0.004393,-0.047955,0.974235,0.975424,2.829785,264.766144
1.9989644,-0.095056,-0.055521,0.964351,0.970614,6.512256,210.288437
2.0183718,-0.006223,-0.044172,0.984851,0.985860,2.593444,261.980713
2.0377786,-0.101523,-0.061988,0.946657,0.954102,7.161933,211.407272
2.0571876,0.002074,-0.038315,1.008157,1.008887,2.179603,273.098969
2.0765972,-0.104452,-0.065160,0.934089,0.942167,7.508148,211.957230
2.0960042,-0.001342,-0.033190,1.013404,1.013948,1.877219,267.684143
2.1154089,-0.091518,-0.062964,0.940678,0.947215,6.734904,214.527969
2.1348152,-0.021232,-0.021720,1.000226,1.000687,1.739451,225.651062
2.1542222,-0.063818,-0.066503,0.957761,0.962186,5.496936,226.180084
2.1736302,-0.052226,-0.018181,0.985583,0.987133,3.211442,199.194580
2.1930366,-0.036485,-0.055277,0.961178,0.963457,3.941835,236.573425
2.2124434,-0.067601,-0.035753,0.988023,0.990978,4.425893,207.873505
2.2318513,-0.033312,-0.037705,0.946779,0.948115,3.041952,228.539566
2.2512569,-0.060280,-0.043684,1.002178,1.004939,4.248238,215.930710
2.2706625,-0.037461,-0.015497,0.937994,0.938869,2.474804,202.473938
2.2900701,-0.052104,-0.051372,1.006571,1.009227,4.157700,224.594604
2.3094790,-0.044661,-0.019646,0.952881,0.954129,2.931179,203.744247
2.3288860,-0.047711,-0.032092,0.962154,0.963871,3.420050,213.926132
2.3482924,-0.042952,-0.032336,1.007913,1.009346,3.053322,216.973923
2.3676984,-0.044905,-0.013301,0.929696,0.930875,2.883848,196.499054
2.3871064,-0.048809,-0.030994,1.002300,1.003966,3.301560,212.415543
2.4065163,-0.038681,-0.033678,0.972648,0.974000,3.018437,221.044861
2.4259226,-0.061012,-0.008298,0.940800,0.942813,3.744550,187.744705
2.4453297,-0.032458,-0.035631,1.022434,1.023569,2.698999,227.667770
2.4647393,-0.058205,-0.023673,0.940312,0.942409,3.823004,202.132004
2.4841475,-0.045515,-0.009640,0.971672,0.972785,2.741240,191.958313
2.5035536,-0.037949,-0.030140,1.000470,1.001643,2.773188,218.457031
2.5229614,-0.051006,-0.005979,0.944583,0.945978,3.112001,186.685974
2.5423677,-0.055033,-0.008054,0.974967,0.976552,3.265007,188.325653
2.5617728,-0.028431,-0.026479,0.998639,0.999395,2.228004,222.963669
2.5811772,-0.073946,-0.007199,0.955931,0.958814,4.444177,185.560776
2.6005828,-0.046125,-0.007809,0.974357,0.975479,2.748799,189.609741
2.6199901,-0.040634,-0.029408,1.000470,1.001726,2.870172,215.894150
2.6393983,-0.063940,-0.006711,0.966181,0.968318,3.806938,185.991928
2.6588066,-0.051738,-0.004027,0.963741,0.965137,3.082229,184.450363
2.6782134,-0.032702,-0.021598,1.005839,1.006602,2.231252,213.442673
2.6976216,-0.066015,-0.016107,0.976797,0.979158,3.979412,193.711838
2.7170296,-0.037217,0.009274,0.959958,0.960724,2.287986,166.007965
2.7364373,-0.044172,-0.016595,0.990098,0.991221,2.728572,200.590729
2.7558446,-0.044539,-0.026113,1.005839,1.007163,2.938383,210.383148
2.7752509,-0.051982,0.008908,0.942631,0.944105,3.202285,170.276154
2.7946575,-0.043806,-0.004271,0.973869,0.974863,2.587702,185.568344
2.8140638,-0.039902,-0.031848,1.004863,1.006159,2.908451,218.595642
2.8334711,-0.056009,0.004393,0.962032,0.963671,3.342167,175.515396
2.8528762,-0.051128,-0.003173,0.949952,0.951332,3.086735,183.550797
2.8722825,-0.036119,-0.015497,1.005107,1.005875,2.239395,203.221954
2.8916893,-0.057351,-0.016351,0.967279,0.969116,3.528032,195.913193
2.9110947,-0.056863,0.008420,0.958738,0.960459,3.431195,171.577484
2.9305010,-0.043196,-0.008176,0.970940,0.971935,2.592538,190.717346
2.9499097,-0.048687,-0.026723,0.992782,0.994334,3.201918,208.761154
2.9693186,-0.054666,0.000366,0.967401,0.968945,3.234343,179.616333
2.9887254,-0.047833,-0.005979,0.952392,0.953612,2.897527,187.125015
3.0081341,-0.029652,-0.022574,1.008645,1.009333,2.115906,217.282623
3.0275433,-0.057107,-0.029286,0.981678,0.983774,3.740469,207.149673
3.0469513,-0.044050,0.007199,0.959226,0.960264,2.664254,170.717926
3.0663610,-0.042952,-0.020012,0.974723,0.975874,2.783193,204.981232
3.0857692,-0.035875,-0.034533,1.008889,1.010118,2.825631,223.907837
3.1051779,-0.051128,-0.004515,0.957761,0.959136,3.067523,185.046448
3.1245854,-0.043562,-0.011104,0.967889,0.968933,2.659253,194.300278
3.1439941,-0.034045,-0.041122,1.001324,1.002746,3.051911,230.378876
3.1634026,-0.051616,-0.016473,0.976431,0.977933,3.176073,197.700424
3.1828098,-0.051128,-0.011836,0.942875,0.944334,3.185736,193.034561
3.2022164,-0.040024,-0.028798,0.999982,1.001196,2.822859,215.735474
3.2216227,-0.054300,-0.034045,0.976919,0.979019,3.753481,212.086334
3.2410305,-0.064184,-0.002074,0.940068,0.942259,3.907907,181.851120
3.2604377,-0.040390,-0.022452,0.978750,0.979840,2.703130,209.069305
3.2798448,-0.060036,-0.047711,0.989610,0.992576,4.430979,218.474716
3.2992523,-0.053324,-0.007077,0.952515,0.954032,3.232284,187.560287
3.3186607,-0.049053,-0.024161,0.960202,0.961758,3.259306,206.221970
3.3380685,-0.044417,-0.048931,1.002910,1.005085,3.769878,227.769012
3.3574748,-0.059547,-0.020500,0.964839,0.966892,3.734496,198.996658
3.3768823,-0.042220,-0.017937,0.950562,0.951668,2.762863,203.018478
3.3962913,-0.047467,-0.043440,1.008523,1.010574,3.650553,222.463715
3.4157007,-0.044661,-0.032336,0.975577,0.977134,3.234767,215.906174
3.4351096,-0.054300,-0.019524,0.952393,0.954139,3.467183,199.776077
3.4545197,-0.039047,-0.036973,1.001568,1.003011,3.073261,223.436935
3.4739292,-0.050274,-0.050152,0.990342,0.992884,4.101312,224.930389
3.4933362,-0.053324,-0.014399,0.956907,0.958500,3.303516,195.110794
3.5127430,-0.047711,-0.038559,0.979726,0.981644,3.582881,218.944595
3.5321486,-0.032946,-0.052592,1.003032,1.004950,3.540497,237.934906
3.5515552,-0.071506,-0.024161,0.948244,0.951243,4.550962,198.669281
3.5709629,-0.031360,-0.032702,0.970452,0.971509,2.673129,226.200302
3.5903697,-0.045515,-0.054666,0.996443,0.998979,4.083270,230.219604
3.6097779,-0.058327,-0.025747,0.953857,0.955985,3.824028,203.817749
3.6291864,-0.033556,-0.028553,0.956541,0.957556,2.637301,220.394760
3.6485946,-0.052104,-0.049419,0.997785,1.000366,4.116611,223.485321
3.6680036,-0.046735,-0.041000,0.962276,0.964283,3.696605,221.259979
3.6874118,-0.046003,-0.019646,0.952515,0.953827,3.006154,203.125183
3.7068198,-0.048443,-0.049786,0.992416,0.994844,4.003942,225.782883
3.7262278,-0.048687,-0.047223,0.988877,0.991201,3.923760,224.125320
3.7456369,-0.044661,-0.015497,0.942997,0.944181,2.869762,199.136490
3.7650454,-0.056253,-0.038071,0.970574,0.972948,4.003256,214.089737
3.7844560,-0.029896,-0.057351,1.003520,1.005602,3.687536,242.468018
3.8038654,-0.069065,-0.020134,0.942142,0.944885,4.366504,196.252426
3.8232722,-0.030872,-0.031726,0.967157,0.968170,2.620698,225.781769
3.8426805,-0.051616,-0.050274,0.994368,0.996976,4.144489,224.245255
3.8620894,-0.047467,-0.027577,0.950440,0.952024,3.305649,210.155594
3.8814981,-0.060646,-0.030506,0.948610,0.951036,4.093282,206.703217
3.9009047,-0.038315,-0.045637,0.995101,0.996883,3.426913,229.984116
3.9203107,-0.055521,-0.048687,0.980824,0.983600,4.305571,221.248276
3.9397161,-0.052226,-0.017327,0.948732,0.950326,3.319361,198.354584
3.9591210,-0.049297,-0.045881,0.985339,0.987637,3.909861,222.944107
3.9785275,-0.028553,-0.054056,0.998151,1.000022,3.504758,242.156235
3.9979360,-0.070407,-0.029408,0.951172,0.954228,4.586377,202.669205
4.0173430,-0.037339,-0.040146,0.973991,0.975532,3.221789,227.074371
4.0367508,-0.038071,-0.065038,1.013160,1.015959,4.253950,239.656754
4.0561581,-0.083098,-0.038193,0.955321,0.959689,5.468377,204.684372
4.0755649,-0.030018,-0.036851,0.970818,0.971981,2.802817,230.834793
4.0949712,-0.064672,-0.056009,1.002300,1.005945,4.878814,220.893799
4.1143761,-0.045149,-0.049419,0.956907,0.959246,4.001446,227.585785
4.1337824,-0.044905,-0.029774,0.970086,0.971581,3.178969,213.546112
4.1531887,-0.057961,-0.052226,0.959958,0.963123,4.646418,222.020508
4.1725950,-0.028065,-0.066015,1.008767,1.011315,4.067461,246.967773
4.1920013,-0.059791,-0.025625,0.937262,0.939516,3.970248,203.198593
4.2114067,-0.045881,-0.051860,0.971794,0.974258,4.075541,228.500626
4.2308135,-0.028309,-0.071506,1.010842,1.013763,4.350777,248.401169
4.2502193,-0.068577,-0.035265,0.931648,0.934834,4.731599,207.213806
4.2696261,-0.025991,-0.047467,0.980092,0.981585,3.160440,241.296738
4.2890329,-0.050152,-0.067357,0.992538,0.996084,4.836185,233.329910
4.3084407,-0.045637,-0.051494,0.960202,0.962664,4.098684,228.450836
4.3278484,-0.052104,-0.045759,0.960324,0.962824,4.130147,221.290253
4.3472552,-0.035021,-0.064428,0.996199,0.998894,4.209986,241.473236
4.3666620,-0.065527,-0.057839,0.969842,0.973772,5.149553,221.434250
4.3860707,-0.058449,-0.046735,0.951782,0.954720,4.495751,218.645218
4.4054785,-0.034655,-0.066869,0.999738,1.002570,4.308208,242.604630
4.4248853,-0.073946,-0.070530,0.973991,0.979337,5.989394,223.645279
4.4442887,-0.035875,-0.036241,0.956663,0.958021,3.051205,225.290833
4.4636950,-0.045759,-0.063818,0.980580,0.983719,4.578682,234.358826
4.4831042,-0.047589,-0.082122,0.968866,0.973504,5.595100,239.907928
4.5025129,-0.038193,-0.036607,0.964961,0.966410,3.138061,223.785095
4.5219202,-0.055399,-0.060402,0.958494,0.961991,4.887400,227.473831
4.5413265,-0.030140,-0.081390,0.997175,1.000945,4.974333,249.679657
4.5607338,-0.065649,-0.052226,0.943363,0.947085,5.081646,218.503616
4.5801406,-0.047955,-0.080169,0.986315,0.990729,5.410554,239.113251
4.5995479,-0.050274,-0.103476,0.992172,0.998819,6.613904,244.087250
4.6189551,-0.077973,-0.050518,0.955199,0.959707,5.555414,212.938690
4.6383619,-0.048321,-0.084562,0.988999,0.993784,5.624238,240.255127
4.6577697,-0.044905,-0.084196,0.978139,0.982783,5.571864,241.927505
4.6771765,-0.075654,-0.050396,0.931160,0.935587,5.575732,213.668732
4.6965823,-0.010860,-0.071384,0.990830,0.993457,4.167955,261.349548
4.7159886,-0.046125,-0.055155,0.925791,0.928579,4.440826,230.094818
4.7353973,-0.046369,-0.069919,0.940556,0.944291,5.097275,236.448608
4.7548046,0.002318,-0.088589,0.972526,0.976556,5.206577,271.499146
4.7742138,-0.062598,-0.061866,0.932503,0.936647,5.391688,224.662964
4.7936234,-0.025015,-0.090907,0.992050,0.996521,5.429175,254.614807
4.8130317,-0.018670,-0.082122,0.955199,0.958904,5.038551,257.192047
4.8324385,-0.069675,-0.075410,0.968377,0.973805,6.052103,227.263672
4.8518467,-0.036241,-0.097619,0.983996,0.989491,6.040690,249.632553
4.8712554,-0.056497,-0.061744,0.950684,0.954361,5.030924,227.540878
4.8906641,-0.074678,-0.094690,0.990830,0.998142,6.939383,231.738571
4.9100704,-0.047223,-0.081146,0.963131,0.967696,5.567606,239.802521
4.9294772,-0.066381,-0.083708,0.966181,0.972070,6.309753,231.585480
4.9488859,-0.064184,-0.096276,0.992172,0.998897,6.651956,236.309937
4.9682922,-0.035753,-0.071750,0.941044,0.944453,4.869047,243.512955
4.9876990,-0.068455,-0.102256,1.004130,1.011642,6.986626,236.199631
5.0071058,-0.056497,-0.075532,0.951172,0.955838,5.663305,233.204224
5.0265117,-0.034411,-0.090175,0.980824,0.985561,5.620054,249.113312
5.0459180,-0.068211,-0.080657,0.972892,0.978610,6.196693,229.779190
5.0653238,-0.051616,-0.071628,0.944339,0.948457,5.341151,234.222977
5.0847311,-0.040634,-0.097375,0.987535,0.993156,6.098633,247.349548
5.1041384,-0.059669,-0.065405,0.949098,0.953218,5.329250,227.625381
5.1235476,-0.043074,-0.100913,0.972648,0.978817,6.436173,246.885071
5.1429534,-0.043196,-0.078583,0.980092,0.984185,5.227684,241.202866
5.1623602,-0.043196,-0.085660,0.943363,0.948228,5.806739,243.239395
5.1817670,-0.046247,-0.095422,1.006449,1.012020,6.014445,244.142624
5.2011743,-0.047101,-0.065160,0.937384,0.940825,4.902408,234.138855
5.2205796,-0.035265,-0.102622,1.000714,1.006580,6.188621,251.035309
5.2399874,-0.049297,-0.073336,0.957273,0.961343,5.273995,236.090500
5.2593932,-0.031360,-0.092494,0.958371,0.963335,5.818778,251.270767
5.2787991,-0.048077,-0.085050,0.997541,1.002314,5.593664,240.521408
5.2982054,-0.035021,-0.072116,0.928476,0.931931,4.934949,244.097977
5.3176117,-0.032824,-0.109333,0.999249,1.005749,6.517222,253.289017
5.3370194,-0.046491,-0.072604,0.956907,0.960783,5.148221,237.367096
5.3564267,-0.029774,-0.098229,0.968377,0.973802,6.050386,253.137650
5.3758326,-0.034045,-0.092616,0.989366,0.994274,5.695570,249.817139
5.3952374,-0.052226,-0.068333,0.937262,0.941199,5.242918,232.609848
5.4146438,-0.047345,-0.105306,1.001568,1.008201,6.575962,245.791580
5.4340496,-0.033678,-0.066015,0.953491,0.956366,4.444309,242.970856
5.4534550,-0.071140,-0.098839,0.959470,0.967167,7.233455,234.255432
5.4728622,-0.031238,-0.072604,0.983386,0.986558,4.595252,246.720108
5.4922705,-0.067845,-0.081268,0.919080,0.925157,6.570682,230.143692
5.5116782,-0.033312,-0.100547,1.012306,1.017832,5.973368,251.669418
5.5310845,-0.053812,-0.068333,0.933357,0.937401,5.323953,231.779572
5.5504913,-0.056375,-0.102744,0.975943,0.982954,6.847449,241.246704
5.5698981,-0.033312,-0.086271,0.996443,1.000725,5.302378,248.886505
5.5893059,-0.063940,-0.080535,0.916518,0.922268,6.401717,231.552551
5.6087117,-0.050884,-0.102744,1.037199,1.043516,6.307951,243.653107
5.6281180,-0.064062,-0.077363,0.922619,0.928070,6.213250,230.372665
5.6475258,-0.046979,-0.109333,1.006205,1.013217,6.744739,246.747406
5.6669326,-0.081024,-0.088833,0.987413,0.994706,6.942492,227.632431
5.6863356,-0.035997,-0.073458,0.946291,0.949820,4.940742,243.893616
5.7057409,-0.047711,-0.102744,1.005351,1.011713,6.428888,245.091232
5.7251487,-0.051128,-0.076143,0.919934,0.924495,5.693471,236.119659
5.7445545,-0.038437,-0.079071,0.963863,0.967864,5.211768,244.075104
5.7639585,-0.018304,-0.077241,0.952392,0.955695,4.764441,256.668701
5.7833619,-0.016473,-0.079193,0.900044,0.903672,5.135456,258.249329
5.8027663,-0.052714,-0.100913,0.980092,0.986682,6.626020,242.418777
5.8221726,-0.019158,-0.075777,0.953613,0.956810,4.685670,255.811890
5.8415780,-0.032092,-0.086759,0.951294,0.955781,5.554003,249.700485
5.8609843,-0.057351,-0.094324,0.993880,0.999992,6.337906,238.699524
5.8803930,-0.039658,-0.062110,0.925059,0.927990,4.554620,237.441483
5.8998013,-0.028431,-0.101279,1.004496,1.009990,5.978420,254.319351
5.9192100,-0.071140,-0.091029,0.954101,0.961070,6.904216,231.992325
5.9386172,-0.035509,-0.070652,0.962764,0.966006,4.695234,243.316315
5.9580250,-0.027821,-0.114214,1.019749,1.026502,6.575843,256.309967
5.9774313,-0.063940,-0.084074,0.932625,0.938587,6.461563,232.746185
5.9968352,-0.018181,-0.092738,1.018285,1.022661,5.302193,258.907715
6.0162396,-0.036485,-0.097619,0.988389,0.993868,6.018941,249.506775
6.0356431,-0.057717,-0.074190,0.934699,0.939414,5.742589,232.118484
6.0550489,-0.021110,-0.105672,1.022434,1.028097,6.016498,258.702789
6.0744557,-0.039047,-0.090297,0.957883,0.962922,5.863944,246.614777
6.0938640,-0.066869,-0.074556,0.945437,0.950727,6.046789,228.111374
6.1132727,-0.022452,-0.109699,1.008645,1.014841,6.334688,258.432922
6.1326799,-0.046003,-0.069675,0.916884,0.920677,5.203076,236.565399
6.1520863,-0.052470,-0.103110,0.986559,0.993319,6.688443,243.029556
6.1714950,-0.033068,-0.095056,0.944217,0.949566,6.084183,250.818146
6.1909032,-0.034777,-0.084440,0.951294,0.955667,5.483443,247.615707
6.2103090,-0.061256,-0.112994,0.972038,0.980499,7.532337,241.537140
6.2297153,-0.038681,-0.085294,0.935309,0.939986,5.718134,245.605469
6.2491236,-0.028675,-0.122145,0.998395,1.006248,7.162673,256.788208
6.2685328,-0.061622,-0.103964,0.933479,0.941270,7.376877,239.343796
6.2879415,-0.017083,-0.098107,0.971794,0.976883,5.850859,260.122162
6.3073487,-0.050640,-0.114092,0.959348,0.967434,7.413360,246.065948
6.3267550,-0.013301,-0.098351,0.959226,0.964346,5.907073,262.298279
6.3461642,-0.030506,-0.130687,0.962154,0.971468,7.940329,256.860901
6.3655720,-0.045149,-0.089565,0.969720,0.974893,5.905281,243.247910
6.3849764,0.004149,-0.117875,0.960446,0.967661,7.001126,272.015778
6.4043794,-0.051860,-0.095544,0.965205,0.971308,6.426173,241.507584
6.4237843,-0.001830,-0.123366,0.970452,0.978263,7.245488,269.149963
6.4431906,-0.053202,-0.106282,0.956297,0.963655,7.084739,243.408646
6.4625959,0.005735,-0.096887,0.967279,0.972136,5.729845,273.387604
6.4820027,-0.045759,-0.125684,0.955565,0.964881,7.968192,249.994568
6.5014105,-0.011470,-0.082854,0.981312,0.984870,4.871943,262.118134
6.5208178,-0.033190,-0.143255,0.955565,0.966814,8.748508,256.955505
6.5402269,-0.034777,-0.096887,0.992416,0.997741,5.921854,250.254807
6.5596356,-0.010982,-0.124708,0.964473,0.972564,7.395764,264.967377
6.5790439,-0.058327,-0.112750,0.968988,0.977267,7.463560,242.646744
6.5984521,0.002929,-0.108479,0.979726,0.985717,6.320558,271.546417
6.6178589,-0.057595,-0.126660,0.951660,0.961778,8.318171,245.547729
6.6372638,-0.009884,-0.100425,0.993880,0.998990,5.797483,264.379028
6.6566706,-0.021964,-0.139107,0.942264,0.952731,8.500457,261.027374
6.6760764,-0.043440,-0.090785,0.989488,0.994593,5.807718,244.429138
6.6954832,0.011348,-0.135690,0.949098,0.958816,8.164310,274.780701
6.7148910,-0.059791,-0.103842,0.976431,0.983756,6.996221,240.066956
6.7342973,0.013301,-0.128857,0.953857,0.962613,7.733907,275.893188
6.7537045,-0.050030,-0.109821,0.967523,0.975020,7.109809,245.508102
6.7731123,0.012690,-0.110065,0.967279,0.973604,6.534320,276.577118
6.7925205,-0.065771,-0.121047,0.939092,0.949143,8.345556,241.482697
6.8119307,0.018792,-0.097497,0.998395,1.003320,5.679409,280.909454
6.8313389,-0.040268,-0.126904,0.907976,0.917685,8.342050,252.395370
6.8507471,-0.006833,-0.101523,1.021214,1.026270,5.690096,266.149353
6.8701544,-0.016717,-0.116776,0.892235,0.900000,7.531686,261.853149
6.8895631,-0.017083,-0.098473,1.019871,1.024757,5.596887,260.158173
6.9089699,-0.007077,-0.126294,0.895774,0.904661,8.037610,266.792572
6.9283757,-0.023306,-0.092006,1.013648,1.018082,5.349216,255.785095
6.9477835,0.000000,-0.122023,0.940190,0.948075,7.394862,270.000000
6.9671936,-0.063086,-0.097985,0.973625,0.980574,6.825473,237.225128
6.9866042,0.031848,-0.117753,0.974235,0.981842,7.136826,285.134460
7.0060134,-0.088467,-0.109455,0.952515,0.962856,8.404805,231.053131
7.0254230,0.023673,-0.109577,0.990220,0.996545,6.459074,282.190582
7.0448327,-0.067357,-0.115068,0.946657,0.956001,8.017141,239.656754
7.0642400,0.018792,-0.100547,0.986193,0.991483,5.921556,280.586060
7.0836482,-0.065649,-0.125074,0.931282,0.941934,8.624844,242.306000
7.1030569,0.013911,-0.093226,1.010964,1.015348,5.326566,278.486755
7.1224666,-0.021232,-0.130809,0.906756,0.916388,8.314817,260.780518
7.1418738,-0.025991,-0.091396,1.022068,1.026475,5.311424,254.125351
7.1612806,0.002440,-0.135568,0.914443,0.924441,8.434147,271.031311
7.1806879,-0.021842,-0.104208,1.034636,1.040100,5.875498,258.162079
7.2000942,-0.007809,-0.123854,0.903461,0.911944,7.821222,266.392029
7.2195024,-0.020012,-0.107014,1.041714,1.047387,5.966308,259.407959
7.2389102,0.006589,-0.122878,0.899312,0.907692,7.791478,273.069519
7.2583194,-0.062720,-0.102744,1.016577,1.023679,6.753021,238.597961
7.2777271,0.038803,-0.129345,0.923473,0.933294,8.319422,286.699249
7.2971334,-0.079071,-0.108845,1.013282,1.022174,7.562965,234.003189
7.3165388,0.015009,-0.107747,0.913833,0.920286,6.788823,277.930145
7.3359451,-0.040634,-0.112994,1.020603,1.027643,6.710223,250.220856
7.3553519,-0.012446,-0.112628,0.905779,0.912840,7.130666,263.693878
7.3747578,-0.041732,-0.103110,1.005229,1.011364,6.314444,247.965164
7.3941641,0.014033,-0.120803,0.928964,0.936891,7.458457,276.625885
7.4135714,-0.056619,-0.112994,0.990220,0.998253,7.273541,243.385468
7.4329801,0.023428,-0.108723,0.944217,0.950744,6.717876,282.160614
7.4523883,-0.066137,-0.103110,0.976187,0.983843,7.152422,237.323074
7.4717970,0.049664,-0.121657,0.947267,0.956338,7.897620,292.206482
7.4912047,-0.077607,-0.111895,0.987169,0.996517,7.854054,235.256149
7.5106139,0.033922,-0.124220,0.965327,0.973878,7.598043,285.274170
7.5300212,-0.054911,-0.109089,0.986681,0.994211,7.056051,243.281342
7.5494289,0.026845,-0.107381,0.957029,0.963409,6.597250,284.036255
7.5688386,-0.069309,-0.115312,0.961056,0.970427,7.969078,238.991684
7.5882478,0.046857,-0.115678,0.976065,0.984012,7.286773,292.051056
7.6076560,-0.091884,-0.104696,0.959348,0.969408,8.261632,228.729095
7.6270628,0.052836,-0.111773,0.963008,0.970912,7.315714,295.300446
7.6464672,-0.064672,-0.107625,0.973014,0.981082,7.353006,238.998047
7.6658735,0.015863,-0.111895,0.963375,0.969981,6.690817,278.068848
7.6852818,-0.047101,-0.099815,0.956175,0.962524,6.584455,244.738190
7.7046900,0.051250,-0.112139,0.976675,0.984427,7.194975,294.561279
7.7240987,-0.074068,-0.108845,0.929818,0.939093,8.059124,235.764969
7.7435093,0.047589,-0.116898,0.988389,0.996415,7.277073,292.151154
7.7629194,-0.061866,-0.113848,0.939214,0.948109,7.854779,241.479980
7.7823281,0.042220,-0.100669,0.989244,0.995248,6.297187,292.752899
7.8017392,-0.060768,-0.118729,0.943607,0.952986,8.045300,242.895767
7.8211498,0.046613,-0.117142,0.996809,1.004750,7.208432,291.698425
7.8405590,-0.052714,-0.117386,0.919080,0.928044,7.970113,245.816849
7.8599687,0.063452,-0.109821,1.017553,1.025427,7.105062,300.018372
7.8793783,-0.049053,-0.116410,0.892479,0.901375,8.056249,247.150238
7.8987875,0.062842,-0.110919,1.032196,1.040038,7.040800,299.533997
7.9181991,-0.036485,-0.129467,0.879544,0.889770,8.694929,254.261658
7.9376078,0.063208,-0.103476,1.048913,1.055898,6.594098,301.418640
7.9570174,-0.013667,-0.128003,0.893211,0.902440,8.201020,263.905701
7.9764261,0.042708,-0.117631,1.045618,1.053080,6.824898,289.954468
7.9958358,0.000244,-0.120193,0.898458,0.906462,7.619657,270.116333
8.0152445,0.041854,-0.106160,1.044398,1.050614,6.235550,291.516968
8.0346546,0.020622,-0.120437,0.888086,0.896453,7.834036,279.716309
8.0540638,0.030506,-0.114946,1.042934,1.049692,6.505296,284.863251
8.0734739,0.017205,-0.130565,0.897238,0.906851,8.350072,277.506927
8.0928822,0.031482,-0.111773,1.039151,1.045619,6.376213,285.730377
8.1122885,0.036729,-0.127392,0.921154,0.930647,8.190311,286.083038
8.1316957,-0.005857,-0.101890,1.000347,1.005540,5.825309,266.709961
8.1511040,0.071262,-0.127636,0.949952,0.961134,8.748283,299.175385
8.1705122,-0.037217,-0.112628,0.976431,0.983609,6.926397,251.714157
8.1899195,0.068699,-0.121901,0.953491,0.963703,8.348684,299.404022
8.2093287,-0.020378,-0.116166,0.956663,0.963906,7.028111,260.050385
8.2287378,0.033678,-0.107014,0.969598,0.976067,6.600132,287.469269
8.2481461,-0.015497,-0.124220,0.932381,0.940747,7.646883,262.888824
8.2675533,0.051616,-0.089565,1.001568,1.006888,5.892720,299.954590
8.2869606,-0.041244,-0.128369,0.912979,0.922881,8.400903,252.188156
8.3063679,0.033800,-0.081390,0.998517,1.002399,5.043837,292.552734
8.3257742,0.009640,-0.127514,0.927378,0.936153,7.851130,274.323242
8.3451805,-0.028798,-0.091518,0.957517,0.962312,5.721801,252.532944
8.3645887,0.053080,-0.121779,0.961300,0.970436,7.868012,293.551025
8.3839960,-0.022818,-0.111773,0.969720,0.976407,6.709492,258.461700
8.4034023,0.040024,-0.114336,0.959348,0.966966,7.196747,289.292786
8.4228096,0.017083,-0.123122,0.977651,0.985522,7.245867,277.899414
8.4422178,0.021354,-0.103354,0.983508,0.989155,6.124775,281.673706
8.4616261,0.010128,-0.155214,0.963375,0.975851,9.171661,273.733337
8.4810324,0.033800,-0.107991,0.993270,0.999695,6.499325,287.379822
8.5004396,0.044050,-0.130931,0.966913,0.976732,8.130815,288.595001
8.5198469,-0.008908,-0.107747,0.978139,0.984096,6.307329,265.273956
8.5392532,0.046369,-0.129467,0.953003,0.962874,8.211213,289.705109
8.5586605,0.005735,-0.115556,0.967035,0.973932,6.822570,272.841278
8.5780687,0.019402,-0.089931,0.952515,0.956947,5.516900,282.174377
8.5974770,0.018426,-0.106892,0.932625,0.938911,6.633977,279.780212
8.6168842,0.028798,-0.072848,0.959714,0.962905,4.666232,291.569366
8.6362925,-0.002562,-0.123854,0.895896,0.904420,7.872676,268.814728
8.6557026,0.018426,-0.101645,0.975333,0.980788,6.045913,280.274567
8.6751118,0.019768,-0.104574,0.948610,0.954561,6.401349,280.704407
8.6945210,-0.000122,-0.097619,0.946169,0.951192,5.890524,269.928375
8.7139273,0.047833,-0.103964,0.959836,0.966634,6.799216,294.706879
8.7333355,-0.006589,-0.103720,0.940800,0.946523,6.303847,266.364929
8.7527428,0.079681,-0.096398,0.956663,0.964804,7.448164,309.576538
8.7721510,0.021842,-0.120315,0.927744,0.935768,7.508593,280.289490
8.7915592,0.052104,-0.086637,0.972282,0.977524,5.936269,301.023041
8.8109665,0.059181,-0.127758,0.926279,0.936920,8.643156,294.854919
8.8303757,0.015985,-0.081634,0.963985,0.967567,4.931971,281.079163
8.8497810,0.077119,-0.115312,0.922863,0.933231,8.548608,303.773926
8.8691883,0.006101,-0.091762,0.961056,0.965446,5.466047,273.803955
8.8885965,0.092372,-0.114458,0.949830,0.961150,8.802411,308.904785
8.9080038,-0.035021,-0.094690,0.936529,0.941955,6.152783,249.703323
8.9274130,0.111895,-0.103232,0.950806,0.962917,9.096884,317.306183
8.9468203,-0.003417,-0.091029,0.946657,0.951030,5.496472,267.850494
8.9662275,0.065771,-0.115800,0.965449,0.974591,7.853855,299.595123
8.9856367,0.015131,-0.099937,0.945925,0.951310,6.099147,278.609436
9.0050459,0.099083,-0.107137,0.978993,0.989810,8.478156,312.763550
9.0244532,-0.046979,-0.095056,0.922741,0.928813,6.555084,243.700348
9.0438614,0.105916,-0.111041,1.005595,1.017236,8.676498,313.646820
9.0632687,-0.023917,-0.107137,0.936041,0.942456,6.688766,257.415924
9.0826769,0.081268,-0.116776,0.983020,0.993262,8.235186,304.835022
9.1020832,-0.020012,-0.106526,0.953735,0.959874,6.483738,259.360535
9.1214895,0.088711,-0.102744,0.988999,0.998271,7.815097,310.807983
9.1408978,-0.019280,-0.094934,0.918348,0.923443,6.021611,258.520233
9.1603050,0.084196,-0.131297,1.022800,1.034624,8.670655,302.670593
9.1797142,-0.013301,-0.108601,0.896750,0.903400,6.956266,263.017639
9.1991224,0.110919,-0.084806,1.013404,1.022978,7.844727,322.599335
9.2185326,-0.012812,-0.110065,0.870637,0.877660,7.253174,263.360199
9.2379398,0.069431,-0.107381,0.998029,1.006188,7.301191,302.886353
9.2573490,-0.024283,-0.134226,0.874175,0.884754,8.868801,259.745575
9.2767553,0.030018,-0.095666,1.025972,1.030860,5.581634,287.420593
9.2961636,0.066381,-0.110431,0.884792,0.894124,8.285388,301.010284
9.3155718,-0.015741,-0.122023,1.063190,1.070285,6.601024,262.649445
9.3349781,-0.036851,-0.128003,0.869661,0.879802,8.708021,253.939255
9.3543835,0.125928,-0.130809,1.086130,1.101203,9.490613,313.910858
9.3737898,-0.012324,-0.104574,0.863681,0.870077,6.951019,263.278534
9.3931990,0.016961,-0.102256,1.033172,1.038358,5.729024,279.417969
9.4126053,0.046003,-0.115556,0.856848,0.865828,8.259136,291.707458
9.4320135,0.056619,-0.098229,0.996565,1.002994,6.490540,299.959045
9.4514217,0.011836,-0.106526,0.831467,0.838347,7.345317,276.340179
9.4708261,0.085782,-0.101890,0.998639,1.007482,7.596907,310.094574
9.4902325,0.020256,-0.100181,0.813896,0.820288,7.157659,281.430664
9.5096397,0.108845,-0.139229,0.999372,1.014877,10.028308,308.017242
9.5290480,0.082610,-0.169246,0.847941,0.868603,12.522386,296.017181
9.5484543,0.120437,-0.218666,1.035734,1.065395,13.551343,298.845154
9.5678625,0.143866,-0.249904,0.902485,0.947432,17.719381,299.928314
9.5872707,0.193285,-0.289561,1.093086,1.147188,17.666557,303.723480
9.6066780,0.070896,-0.367046,1.004863,1.072146,20.406282,280.932159
9.6260872,0.158142,-0.330439,1.149338,1.206307,17.678797,295.574951
9.6454954,0.151431,-0.395356,1.121029,1.198308,20.689394,290.958069
9.6649017,0.080291,-0.421469,1.240856,1.312938,19.073765,280.785828
9.6843090,0.118851,-0.438552,1.196439,1.279813,20.795271,285.163361
9.7037163,0.002562,-0.406582,1.256963,1.321087,17.924849,270.361115
9.7231245,0.079071,-0.361921,1.191314,1.247585,17.273926,282.324097
9.7425337,-0.083220,-0.264913,1.151657,1.184659,13.555875,252.560364
9.7619410,-0.076021,-0.260886,1.115538,1.148157,13.690184,253.754196
9.7813501,-0.126294,-0.230380,1.034758,1.067591,14.246452,241.268494
9.8007584,-0.078827,-0.179496,1.042446,1.060719,10.650650,246.290985
9.8201666,-0.161193,-0.152407,0.951416,0.976936,13.124811,223.395248
9.8395748,-0.093714,-0.162291,0.972892,0.990778,10.903168,239.995987
9.8589830,-0.160827,-0.140693,0.941776,0.965714,12.783517,221.179764
9.8783903,-0.031726,-0.112872,0.908586,0.916120,7.352926,254.300339
9.8977995,-0.127758,-0.092250,0.894187,0.907967,9.994617,215.831665
9.9172077,0.013301,-0.088589,0.820851,0.825725,6.228189,278.538483
9.9366150,0.012446,-0.076631,0.903461,0.906790,4.911391,279.225433
9.9560223,-0.015985,-0.079925,0.762524,0.766868,6.101333,258.690063
9.9754295,0.002562,-0.055643,0.832566,0.834427,3.827559,272.636749
9.9948368,0.086026,-0.052104,0.764232,0.770822,7.497215,328.797821
10.0142450,-0.000488,-0.049786,0.799619,0.801168,3.562934,269.438293
10.0336494,0.067845,-0.065527,0.762524,0.768336,7.051518,315.995880
10.0530577,0.017937,-0.042586,0.751420,0.752839,3.519030,292.841003
10.0724649,0.078705,-0.068699,0.754715,0.761911,7.881024,318.883331
10.0918732,0.054178,-0.055643,0.854896,0.858416,5.190710,314.236115
10.1112795,0.071750,-0.062720,0.825244,0.830728,6.587285,318.841675
10.1306858,0.068455,-0.052714,0.834518,0.838979,5.910888,322.401794
10.1500931,0.104574,-0.066259,0.901875,0.910332,7.816001,327.641418
10.1695004,0.021598,-0.074434,0.906390,0.909697,4.887440,286.180817
10.1889086,0.080413,-0.050396,0.935187,0.939990,5.794372,327.924347
10.2083149,0.114092,-0.092250,0.928964,0.940479,8.975158,321.042511
10.2277231,-0.001952,-0.014521,0.924815,0.924931,0.907629,262.342285
10.2471333,0.142157,-0.064184,0.984241,0.996523,9.004946,335.700714
10.2665405,0.054056,-0.061134,0.967157,0.970594,4.823002,311.484131
10.2859478,0.084562,-0.064306,0.981556,0.987288,6.177206,322.748413
10.3053579,0.063452,-0.051250,0.998639,1.001965,4.669338,321.072449
10.3247643,0.101523,-0.060402,1.053062,1.059667,6.400706,329.249390
10.3441715,0.015497,-0.039902,0.979726,0.980660,2.501707,291.225128
10.3635788,0.148869,-0.081146,1.121395,1.134140,8.597656,331.406006
10.3829861,0.103354,-0.115922,1.073806,1.084979,8.229676,311.719513
10.4023933,0.155580,-0.068333,1.156538,1.168954,8.358393,336.288177
10.4217997,0.119827,-0.093592,1.152267,1.162255,7.516951,322.008057
10.4412079,0.080535,-0.092860,1.188874,1.195211,5.902857,310.934448
10.4606152,0.094202,-0.136788,1.252814,1.263775,7.551747,304.554047
10.4800234,0.010860,-0.110797,1.294058,1.298838,4.917052,275.598114
10.4994307,-0.044050,-0.070407,1.231094,1.233892,3.859402,237.967850
10.5188389,-0.024893,-0.143866,1.344209,1.352115,6.198971,260.183411
10.5382471,-0.093226,-0.111041,1.243296,1.251721,6.651484,229.984512
10.5576544,-0.126050,-0.052836,1.240978,1.248482,6.284971,202.741852
10.5770607,-0.109089,-0.097375,1.217549,1.226299,6.848366,221.752655
10.5964699,-0.143011,-0.065405,1.096868,1.108084,8.158896,204.576416
10.6158781,-0.192797,0.006101,1.052818,1.070342,10.382354,178.187454
10.6352863,-0.139351,-0.104330,0.998395,1.013458,9.890559,216.821701
10.6546926,-0.157654,-0.096520,0.965327,0.982867,10.840556,211.476181
10.6741009,-0.118119,-0.015619,0.949342,0.956789,7.153492,187.532608
10.6935101,-0.145086,-0.068211,0.865634,0.880355,10.492632,205.180237
10.7129173,-0.106770,-0.083586,0.851601,0.862329,9.047025,218.055878
10.7323246,-0.061012,-0.042464,0.813530,0.816919,5.220821,214.837921
10.7517328,-0.097741,-0.074068,0.874908,0.883461,7.979122,217.154953
10.7711391,-0.140449,-0.041976,0.838789,0.851501,9.912942,196.639862
10.7905474,-0.014643,-0.020500,0.868196,0.868562,1.662128,234.462326
10.8099518,-0.124342,-0.064916,0.757399,0.770278,10.492088,207.568176
10.8293610,-0.118607,-0.035997,0.798399,0.807963,8.824544,196.882935
10.8487673,-0.063208,-0.031604,0.850503,0.853434,4.749864,206.565048
10.8681746,-0.089199,-0.043806,0.844768,0.850593,6.709229,206.156036
10.8875828,-0.121657,-0.041732,0.835738,0.845577,8.748890,198.933456
10.9069901,-0.074556,-0.038315,0.869417,0.873448,5.507194,207.199158
10.9263983,-0.059913,-0.050640,0.905414,0.908806,4.951911,220.204956
10.9458036,-0.143988,-0.033922,0.890405,0.902609,9.432797,193.256760
10.9652109,-0.048687,-0.037583,0.931648,0.933677,3.777091,217.665619
10.9846191,-0.105672,-0.056375,0.924327,0.932054,7.382965,208.079361
11.0040264,-0.158020,-0.025259,0.886500,0.900828,10.232546,189.081650
11.0234356,-0.054911,-0.035387,0.974845,0.977031,3.833694,212.799530
11.0428429,-0.146794,-0.035753,0.946169,0.958156,9.072465,193.688324
11.0622520,-0.160461,-0.017327,0.929208,0.943120,9.853371,186.163193
11.0816593,-0.092494,-0.008908,0.970208,0.974648,5.470813,185.500961
11.1010675,-0.204755,-0.006955,0.921765,0.944258,12.530983,181.945526
11.1204758,-0.116044,-0.001586,0.969476,0.976397,6.826335,180.783173
11.1398859,-0.165830,-0.005125,1.002666,1.016300,9.395467,181.770172
11.1592960,-0.179252,-0.005491,0.948732,0.965533,10.704177,181.754593
11.1787043,-0.102012,-0.025625,1.017309,1.022732,5.902924,194.100739
11.1981125,-0.212565,0.000000,0.923839,0.947978,12.957576,180.000000
11.2175217,-0.108479,-0.006223,1.000958,1.006838,6.195364,183.283340
11.2369289,-0.133005,-0.018181,0.979360,0.988517,7.804994,187.783936
11.2563381,-0.157898,-0.030506,0.969598,0.982844,9.417386,190.934784
11.2757473,-0.094324,-0.048809,1.006205,1.011794,6.025224,207.359955
11.2951555,-0.137642,-0.033068,0.944949,0.955493,8.519888,193.509186
11.3145638,-0.133616,-0.008908,0.956907,0.966232,7.966393,183.814072
11.3339729,-0.069187,-0.038193,0.968988,0.972205,4.662621,208.899933
11.3533792,-0.145940,-0.054544,0.968378,0.980831,9.139832,200.493027
11.3727865,-0.101645,-0.056253,0.976065,0.982954,6.787494,208.961075
11.3921957,-0.100913,-0.061866,0.969720,0.976917,6.959311,211.510773
11.4116039,-0.130443,-0.050152,0.935797,0.946175,8.493777,201.030319
11.4310131,-0.100547,-0.076021,0.979238,0.987317,7.334972,217.091751
11.4504213,-0.103232,-0.081268,0.986071,0.994785,7.589256,218.211029
11.4698267,-0.133372,-0.083098,0.990586,1.002972,9.013953,211.925217
11.4892359,-0.125074,-0.073214,0.948610,0.959617,8.686363,210.343246
11.5086432,-0.111895,-0.082976,0.978994,0.988855,8.098443,216.558731
11.5280523,-0.156190,-0.079925,0.975699,0.991348,10.194083,207.099670
11.5474615,-0.105672,-0.086393,0.981678,0.991122,7.915668,219.267776
11.5668688,-0.140693,-0.082976,0.945071,0.959082,9.805679,210.530655
11.5862761,-0.136056,-0.077241,0.937506,0.950470,9.474320,209.584137
11.6056843,-0.091151,-0.094690,0.982776,0.991526,7.617390,226.090851
11.6250925,-0.128735,-0.094690,0.947512,0.960894,9.573496,216.336151
11.6444998,-0.106160,-0.076875,0.923961,0.933212,8.073994,215.909729
11.6639061,-0.076631,-0.084684,0.952270,0.959095,6.838994,227.858078
11.6833134,-0.091762,-0.105428,0.969476,0.979499,8.203773,228.964661
11.7027216,-0.088467,-0.098107,0.951050,0.960181,7.907952,227.957718
11.7221279,-0.056131,-0.077607,0.956785,0.961567,5.716523,234.122894
11.7415361,-0.073336,-0.100425,0.962764,0.970762,7.359648,233.861023
11.7609444,-0.072604,-0.106160,0.965083,0.973615,7.590885,235.631470
11.7803516,-0.045271,-0.088955,0.961178,0.966347,5.928537,243.027710
11.7997608,-0.075654,-0.071018,0.932258,0.938015,6.351133,223.189255
11.8191671,-0.035265,-0.106282,0.978505,0.984892,6.528526,251.644028
11.8385754,-0.045881,-0.103110,0.984119,0.990569,6.541998,246.012344
11.8579817,-0.051860,-0.075166,0.915297,0.919842,5.697635,235.396851
11.8773899,-0.025747,-0.078705,0.940556,0.944194,5.031508,251.885437
11.8967981,0.003173,-0.101157,0.932625,0.938100,6.193402,271.796387
11.9162064,-0.031238,-0.094446,0.883937,0.889517,6.421045,251.698395
11.9356165,-0.048199,-0.065527,0.894553,0.898244,5.195803,233.662994
11.9550257,-0.006101,-0.104208,0.897970,0.904017,6.630695,266.649261
11.9744320,-0.050762,-0.106404,0.919568,0.927095,7.305731,244.495865
11.9938402,-0.067845,-0.067113,0.840497,0.845897,6.477687,224.689178
12.0132494,-0.035021,-0.087613,0.912369,0.917235,5.904252,248.212357
12.0326567,-0.080901,-0.109943,0.899068,0.909371,8.632993,233.652542
12.0520649,-0.082610,-0.066991,0.890038,0.896371,6.814458,219.039658
12.0714741,-0.064916,-0.076509,0.887598,0.893251,6.449595,229.685898
12.0908823,-0.097863,-0.090053,0.894065,0.903902,8.460672,222.620255
12.1102915,-0.073092,-0.098107,0.937262,0.945212,7.436800,233.312973
12.1297007,-0.118485,-0.078827,0.901021,0.912190,8.975377,213.635574
12.1491079,-0.112384,-0.067967,0.918226,0.927571,8.140058,211.164597
12.1685152,-0.103964,-0.084928,0.953613,0.963015,8.013051,219.245438
12.1879225,-0.154726,-0.096887,0.944705,0.962182,10.937167,212.054092
12.2073278,-0.133250,-0.086759,0.952637,0.965815,9.475897,213.068100
12.2267361,-0.157288,-0.076143,0.972770,0.988342,10.184045,205.831451
12.2461433,-0.178764,-0.110309,0.983752,1.005929,12.053260,211.677277
12.2655506,-0.184743,-0.084074,0.985949,1.006625,11.632776,204.469604
12.2849560,-0.169124,-0.071994,0.949464,0.967092,10.956553,203.058746
12.3043623,-0.220496,-0.100181,0.963131,0.993114,14.114884,204.434402
12.3237696,-0.164488,-0.104818,0.991440,1.010443,11.129673,212.506927
12.3431759,-0.187306,-0.077485,0.968988,0.989962,11.815198,202.473938
12.3625813,-0.239288,-0.111773,0.936163,0.972704,15.754571,205.037689
12.3819866,-0.146062,-0.112017,1.014990,1.031546,10.279003,217.485229
12.4013929,-0.211344,-0.124708,0.959836,0.990709,14.341230,210.543549
12.4208002,-0.214395,-0.125196,0.940190,0.972418,14.792228,210.282791
12.4402056,-0.137520,-0.132029,0.938238,0.957410,11.485541,223.832977
12.4596148,-0.164366,-0.161193,1.003642,1.029707,12.919003,224.441666
12.4790239,-0.150333,-0.131907,1.002422,1.022179,11.283220,221.264847
12.4984331,-0.078705,-0.147648,1.035002,1.048439,9.182839,241.939804
12.5178413,-0.094202,-0.191455,1.034026,1.055812,11.659540,243.801285
12.5372515,-0.143988,-0.199630,0.994979,1.024972,13.894954,234.198166
12.5566587,-0.191577,-0.224767,0.962154,1.006460,17.063875,229.557907
12.5760670,-0.057107,-0.207684,1.014502,1.037116,11.986665,254.625320
12.5954733,-0.136300,-0.239898,1.033904,1.070087,14.942101,240.396545
12.6148796,-0.166928,-0.216714,0.999982,1.036722,15.299252,232.394012
12.6342878,-0.093470,-0.226841,1.006327,1.035803,13.701506,247.605911
12.6536970,-0.044172,-0.207806,1.061481,1.082533,11.317815,257.999481
12.6731043,-0.001830,-0.198044,1.126154,1.143437,9.974389,269.470490
12.6925125,-0.069553,-0.247097,1.076246,1.106436,13.415185,254.279068
12.7119179,-0.095300,-0.273454,1.062336,1.101098,15.247940,250.786285
12.7313242,-0.095056,-0.297737,1.078321,1.122701,16.163820,252.293671
12.7507286,-0.121169,-0.295541,1.078321,1.124634,16.500118,247.706772
12.7701340,-0.072848,-0.257957,1.042568,1.076474,14.418567,254.230164
12.7895393,0.052348,-0.195970,0.999372,1.019749,11.473374,284.955841
12.8089457,0.067235,-0.249294,1.004252,1.036914,14.418896,285.093628
12.8283520,0.047955,-0.247585,0.881741,0.917096,15.961076,280.961975
12.8477602,0.104086,-0.143133,1.022434,1.037638,9.820268,306.024475
12.8671694,0.173151,-0.090053,0.943729,0.963699,11.684422,332.521759
12.8865767,0.276017,-0.082488,0.999615,1.040298,16.076443,343.361206
12.9059849,0.247585,-0.069187,0.963008,0.996730,14.946338,344.387085
12.9253922,0.102866,-0.077363,0.892601,0.901833,8.205329,323.054047
12.9448004,0.228062,-0.003661,0.915541,0.943526,13.989450,359.080414
12.9642076,0.234529,-0.036241,0.916762,0.946979,14.512994,351.215759
12.9836140,0.059181,-0.101035,0.877104,0.884885,7.603930,300.359589
13.0030222,0.151797,-0.021842,0.891503,0.904598,9.760760,351.811859
13.0224304,0.178764,-0.024039,0.772408,0.793189,13.144213,352.341309
13.0418396,0.056985,-0.050396,0.857702,0.861069,5.068481,318.511475
13.0612459,0.098351,-0.031360,0.802670,0.809281,7.328469,342.314667
13.0806532,0.048199,-0.057717,0.932258,0.935286,4.611506,309.865082
13.1000624,-0.022086,-0.096520,0.891625,0.897106,6.336730,257.111237
13.1194715,0.010372,-0.064672,0.950684,0.952938,3.941239,279.111359
13.1388788,-0.051738,-0.025381,0.881741,0.883622,3.739369,206.130997
13.1582861,-0.045027,-0.046369,0.943241,0.945453,3.919915,225.841400
13.1776934,-0.082000,-0.103354,0.957273,0.966322,7.847104,231.571930
13.1971006,-0.105794,-0.081878,0.953613,0.962950,7.985615,217.737473
13.2165089,-0.104452,-0.028553,0.968622,0.974656,6.378734,195.289093
13.2359152,-0.112384,-0.084318,0.995833,1.005695,8.030573,216.879852
13.2553234,-0.102744,-0.051860,1.042812,1.049143,6.297935,206.782379
13.2747326,-0.071750,-0.058937,1.029145,1.033325,5.155409,219.400665
13.2941389,-0.113726,-0.085538,0.994368,1.004499,8.144277,216.948502
13.3135481,-0.034289,-0.084196,1.110413,1.114128,4.680358,247.841568
13.3329573,-0.123488,-0.099571,1.093818,1.105260,8.251763,218.880066
13.3523645,-0.046491,-0.079437,1.114928,1.118720,4.719287,239.661545
13.3717718,-0.005125,-0.065771,1.086862,1.088863,3.473502,265.544403
13.3911800,-0.070652,-0.072116,1.084300,1.088990,5.319350,225.587631
13.4105873,0.050640,-0.065405,1.124568,1.127606,4.206821,307.748962
13.4299974,0.036607,-0.060402,1.098210,1.100479,3.679775,301.218414
13.4494057,0.017327,-0.055277,1.043788,1.045394,3.176566,287.404419
13.4688139,0.155336,-0.029042,1.079419,1.090925,8.328952,349.410248
13.4882221,0.155458,-0.052714,1.045984,1.058787,8.919009,341.268738
13.5076284,0.183035,-0.058449,1.077344,1.094344,10.112193,342.289978
13.5270367,0.265645,-0.024161,1.090279,1.122434,13.747611,354.803192
13.5464420,0.337395,-0.008054,1.040371,1.093742,17.972778,358.632629
13.5658493,0.319945,-0.052958,1.068925,1.117036,16.877138,350.601471
13.5852547,0.306889,0.007077,1.059895,1.103453,16.152260,1.321100
13.6046619,0.390475,0.016839,1.005473,1.078763,21.241625,2.469351
13.6240683,0.348499,-0.053568,0.994246,1.054916,19.526142,351.261383
13.6434736,0.326413,-0.000854,0.939458,0.994549,19.159723,359.850067
13.6628799,0.304814,-0.002807,0.918958,0.968196,18.351173,359.472473
13.6822872,0.266011,-0.025991,0.941898,0.979086,15.842077,354.419556
13.7016916,0.206708,-0.010128,0.903705,0.927099,12.898763,357.194946
13.7210999,0.182547,-0.045149,0.943607,0.962162,11.270558,346.108032
13.7405071,0.151553,-0.063574,0.928598,0.943029,10.036522,337.242706
13.7599144,0.112384,-0.045881,0.917372,0.925368,7.537702,337.792175
13.7793207,0.084440,-0.032458,0.902485,0.907008,5.724095,338.973572
13.7987280,0.068455,-0.020012,0.858679,0.861635,4.748007,343.704498
13.8181362,0.061988,-0.036485,0.846598,0.849648,4.856235,329.519684
13.8375435,0.003905,-0.076265,0.895041,0.898293,4.876645,272.931000
13.8569498,0.004881,-0.058693,0.908586,0.910493,3.708768,274.753784
13.8763561,0.016107,-0.053690,0.911881,0.913602,3.517583,286.699249
13.8957615,-0.026113,-0.059791,0.895774,0.898147,4.165887,246.407440
13.9151688,0.021354,-0.043806,0.920300,0.921590,3.031251,295.987610
13.9345751,-0.006955,-0.060524,0.897726,0.899791,3.882268,263.444366
13.9539833,-0.010372,-0.072848,0.948732,0.951581,4.434912,261.896759
13.9733887,0.031604,-0.060524,0.945559,0.948021,4.130147,297.572540
13.9927959,-0.020378,-0.063208,0.904559,0.906994,4.199086,252.130997
14.0122023,0.039902,-0.049175,0.922741,0.924911,3.926005,309.056366
14.0316105,0.077485,-0.044783,0.963985,0.968130,5.304041,329.974121
14.0510178,0.055277,-0.082000,0.989732,0.994660,5.705884,303.984192
14.0704231,0.084562,-0.077119,0.996199,1.002751,6.553588,317.635895
14.0898294,0.119949,-0.053690,0.983142,0.991887,7.613602,335.886261
14.1092358,0.112506,-0.053690,0.998639,1.006390,7.115408,334.488434
14.1286430,0.140205,-0.058449,1.001568,1.013021,8.623887,337.369507
14.1480494,0.167172,-0.054422,1.025241,1.040205,9.730397,341.967468
14.1674566,0.121535,-0.066991,0.998883,1.008477,7.909491,331.136230
14.1868639,0.134226,-0.045637,0.983752,0.993915,8.200613,341.221954
14.2062721,0.215371,-0.037583,1.016821,1.040058,12.134370,350.101318
14.2256804,0.190478,-0.080413,1.022190,1.042890,11.434853,337.112213
14.2450857,0.166562,-0.078583,0.985705,1.002762,10.583105,334.742310
14.2644958,0.260276,-0.034655,0.983386,1.017837,14.949700,352.415924
14.2839031,0.212687,-0.034411,0.955321,0.979315,12.709220,350.809753
14.3033104,0.216836,-0.081512,0.987535,1.014341,13.201428,339.398041
14.3227186,0.216591,-0.062964,0.949098,0.975532,13.368606,343.790619
14.3421259,0.198654,-0.035143,0.900899,0.923210,12.622028,349.967926
14.3615341,0.193163,-0.065160,0.930550,0.952618,12.356680,341.358978
14.3809423,0.197556,-0.094080,0.982410,1.006484,12.556598,334.535278
14.4003496,0.173151,-0.075044,0.926035,0.945069,11.518407,336.567902
14.4197588,0.141913,-0.070041,0.884303,0.898353,10.146350,333.731293
14.4391642,0.182791,-0.082000,0.952758,0.973594,11.874860,335.839081
14.4585705,0.154360,-0.097741,0.970818,0.987860,10.658075,327.657959
14.4779797,0.122756,-0.090907,0.909806,0.922540,9.530772,323.477966
14.4973869,0.175104,-0.065527,0.911026,0.930013,11.597308,339.483337
14.5167952,0.158142,-0.084074,0.964351,0.980841,10.521248,332.003296
14.5362005,0.124708,-0.111041,0.941776,0.956465,10.054221,318.317780
14.5556059,0.158996,-0.065649,0.932503,0.948236,10.451691,337.564606
14.5750103,0.146794,-0.071872,0.928964,0.943233,9.978646,333.913208
14.5944176,0.158752,-0.098595,0.984851,1.002424,10.744259,328.157196
14.6138239,0.162047,-0.092494,0.963497,0.981397,10.959967,330.282990
14.6332312,0.164121,-0.066625,0.954833,0.971123,10.509365,337.905396
14.6526384,0.144842,-0.085660,0.963131,0.977720,9.910561,329.399628
14.6720467,0.191821,-0.086637,1.015357,1.036943,11.711254,335.693512
14.6914539,0.153749,-0.081512,0.953369,0.969121,10.344442,332.069305
14.7108603,0.135812,-0.082366,0.948610,0.961816,9.505514,328.764496
14.7302685,0.216103,-0.088467,1.001080,1.027953,13.129969,337.737122
14.7496786,0.153994,-0.093958,0.984119,1.000516,10.387299,328.610870
14.7690859,0.144354,-0.063940,0.936773,0.949985,9.566552,336.109467
14.7884960,0.182181,-0.068577,0.961666,0.981170,11.443204,339.372498
14.8079042,0.162901,-0.099937,0.991562,1.009812,10.909377,328.471588
14.8273134,0.150821,-0.071262,0.929696,0.944542,10.171947,334.709656
14.8467236,0.179008,-0.065160,0.939580,0.958697,11.461299,339.998077
14.8661337,0.118241,-0.089687,0.976431,0.987645,8.642201,322.819183
14.8855400,0.171077,-0.105550,0.966547,0.987229,11.748614,328.326416
14.9049482,0.157410,-0.087369,0.946169,0.963145,10.773109,330.968018
14.9243584,0.129833,-0.068943,0.960202,0.971390,8.704119,332.031036
14.9437656,0.172053,-0.092372,0.979360,0.998639,11.276708,331.769562
14.9631748,0.146428,-0.102988,0.956907,0.973509,10.596410,324.880005
14.9825811,0.136666,-0.066015,0.915541,0.928036,9.412668,334.217804
15.0019875,0.149113,-0.093714,0.969842,0.985703,10.292335,327.851563
15.0213966,0.164976,-0.127148,1.002178,1.023594,11.740896,322.378204
15.0408058,0.121657,-0.072848,0.936041,0.946721,8.614225,329.086975
15.0602140,0.140327,-0.061500,0.958250,0.970421,9.083958,336.334045
15.0796213,0.139717,-0.117020,0.957151,0.974348,10.780488,320.052002
15.0990305,0.122756,-0.087735,0.972892,0.984523,8.815701,324.446167
15.1184406,0.098961,-0.076997,0.908586,0.917197,7.857278,322.115234
15.1378508,0.125440,-0.094202,0.991074,1.003412,8.994511,323.094452
15.1572609,0.127758,-0.095544,0.971550,0.984561,9.325041,323.208984
15.1766701,0.105794,-0.072360,0.941898,0.950579,7.749194,325.629120
15.1960783,0.117020,-0.093714,0.969720,0.981240,8.788429,321.311066
15.2154856,0.150699,-0.109455,0.995345,1.012621,10.598898,324.008484
15.2348928,0.110309,-0.076875,0.936041,0.945649,8.174115,325.127258
15.2542982,0.113604,-0.073458,0.926768,0.936590,8.305082,327.112610
15.2737064,0.159118,-0.087735,0.983142,0.999792,10.471194,331.128510
15.2931128,0.111529,-0.083830,0.935187,0.945538,8.485426,323.069977
15.3125210,0.102134,-0.081878,0.921154,0.930409,8.087914,321.281799
15.3319292,0.151919,-0.087979,0.992904,1.008305,10.026856,329.924164
15.3513365,0.116898,-0.089443,0.948366,0.959720,8.822228,322.579102
15.3707447,0.092738,-0.066137,0.922375,0.929381,7.039880,324.505127
15.3901501,0.160095,-0.082854,0.978750,0.995211,10.435658,332.637054
15.4095592,0.118973,-0.110431,0.963008,0.976593,9.567888,317.132355
15.4289694,0.130077,-0.087735,0.956419,0.969203,9.316311,326.000977
15.4483767,0.141913,-0.065649,0.969842,0.982366,9.158669,335.174896
15.4677830,0.138497,-0.090663,1.007059,1.020573,9.334373,326.790222
15.4871912,0.125806,-0.084562,0.955443,0.967393,9.015064,326.092468
15.5065994,0.114214,-0.066503,0.935187,0.944480,8.044007,329.789246
15.5260077,0.108967,-0.089077,0.981312,0.991353,8.161856,320.735046
15.5454140,0.108845,-0.099083,0.970452,0.981551,8.624366,317.687958
15.5648212,0.082488,-0.056619,0.941288,0.946591,6.067179,325.534668
15.5842304,0.079193,-0.074312,0.964473,0.970568,6.424434,316.821198
15.6036367,0.111407,-0.109089,0.989366,1.001577,8.956071,315.602417
15.6230440,0.083098,-0.087857,0.959348,0.966940,7.184497,313.405457
15.6424484,0.072116,-0.067479,0.954955,0.960048,5.904617,316.902466
15.6618547,0.122145,-0.081390,0.992416,1.003212,8.413049,326.323151
15.6812620,0.101767,-0.094934,0.980702,0.990528,8.076984,316.989624
15.7006712,0.061256,-0.065649,0.943485,0.947748,5.436317,313.017487
15.7200804,0.120315,-0.092616,1.001934,1.013373,8.617029,322.411743
15.7394896,0.103964,-0.095056,0.986193,0.996203,8.129221,317.562714
15.7588987,0.072360,-0.061500,0.950074,0.954808,5.708014,319.638275
15.7783051,0.095300,-0.090785,0.970452,0.979337,7.723825,316.389862
15.7977114,0.129345,-0.093104,1.004619,1.017181,9.014062,324.253235
15.8171186,0.050396,-0.093226,0.947878,0.953783,6.379318,298.394592
15.8365250,0.100181,-0.085416,0.967889,0.976802,7.745825,319.548462
15.8559313,0.115068,-0.101767,0.990098,1.001943,8.819155,318.510101
15.8753376,0.055521,-0.097985,0.939336,0.946063,6.836843,299.536987
15.8947458,0.097863,-0.086026,0.958128,0.966947,7.744305,318.682831
15.9141550,0.125562,-0.098961,0.999493,1.012199,9.087656,321.756805
15.9335623,0.057717,-0.103964,0.920300,0.927951,7.362313,299.037476
15.9529696,0.118851,-0.082366,0.968988,0.979718,8.487601,325.277313
15.9723787,0.120071,-0.089321,0.973259,0.984697,8.741455,323.354340
15.9917860,0.090541,-0.088711,0.922375,0.931044,7.824835,315.585022
16.0111923,0.112506,-0.080657,0.947511,0.957570,8.312078,324.362518
16.0306015,0.115434,-0.110675,0.983386,0.996305,9.236610,316.205719
16.0500088,0.084562,-0.089443,0.942875,0.950875,7.437671,313.393250
16.0694160,0.103110,-0.081024,0.947267,0.956301,7.881672,321.839783
16.0888195,0.095056,-0.100303,0.988389,0.998003,7.959120,313.461517
16.1082268,0.095178,-0.093958,0.952026,0.961375,7.996669,315.369659
16.1276340,0.080535,-0.074678,0.925669,0.932162,6.766512,317.161072
16.1470413,0.094324,-0.098839,0.991928,1.001293,7.842350,313.661041
16.1664486,0.072116,-0.109211,0.952148,0.961101,7.826265,303.438202
16.1858540,0.057351,-0.079315,0.950074,0.955102,5.881933,305.869812
16.2052612,0.089931,-0.092006,1.010842,1.018996,7.253445,314.346741
16.2246666,0.072238,-0.117142,0.980946,0.990553,7.986352,301.660736
16.2440739,0.030628,-0.082122,0.934211,0.938313,5.359756,290.453339
16.2634811,0.091029,-0.092982,1.022190,1.030439,7.254634,314.392120
16.2828884,0.047101,-0.118607,0.964107,0.972516,7.540305,291.658997
16.3022957,0.028431,-0.068333,0.947267,0.950154,4.467562,292.590790
16.3217030,0.092860,-0.109943,1.014014,1.024175,8.077592,310.184998
16.3411102,0.044905,-0.112262,0.952758,0.960400,7.232425,291.801422
16.3605175,0.047345,-0.068943,0.950318,0.953991,5.029444,304.478394
16.3799248,0.091029,-0.100181,0.999860,1.008981,7.709837,312.259796
16.3993320,0.047467,-0.098717,0.942509,0.948852,6.629039,295.680145
16.4187412,0.057473,-0.069797,0.940800,0.945135,5.489515,309.468933
16.4381523,0.085294,-0.100425,0.982654,0.991448,7.636945,310.342285
16.4575634,0.064062,-0.103964,0.951538,0.959342,7.313139,301.641266
16.4769688,0.052470,-0.073702,0.924693,0.929108,5.587986,305.447845
16.4963799,0.085294,-0.101157,1.000592,1.009302,7.533041,310.137085
16.5157890,0.055033,-0.104208,0.941776,0.949121,7.132482,297.838684
16.5351982,0.064794,-0.075288,0.946657,0.951854,5.990016,310.715820
16.5546055,0.077973,-0.110065,0.990586,0.999727,7.754132,305.314728
16.5740147,0.063818,-0.096887,0.954711,0.961734,6.928606,303.372498
16.5934219,0.066747,-0.087003,0.940800,0.947169,6.648211,307.494720
16.6128311,0.093714,-0.104818,1.007303,1.017069,7.946211,311.798706
16.6322384,0.052958,-0.095178,0.932137,0.938479,6.664739,299.092010
16.6516457,0.078461,-0.100791,0.981434,0.989711,7.415186,307.898987
16.6710548,0.070285,-0.115922,0.982166,0.991478,7.858727,301.229095
16.6904621,0.053202,-0.090175,0.936407,0.942243,6.379748,300.540039
16.7098694,0.075410,-0.108723,1.002422,1.011117,7.519352,304.745270
16.7292786,0.052592,-0.114092,0.963863,0.972016,7.426080,294.747925
16.7486858,0.042098,-0.095300,0.940068,0.945824,6.324062,293.833038
16.7680950,0.092738,-0.111529,1.016089,1.026389,8.124195,309.743866
16.7875023,0.034289,-0.108357,0.919202,0.926202,7.048429,287.559540
16.8069115,0.039414,-0.095544,0.963619,0.969145,6.121958,292.416931
16.8263206,0.090663,-0.116288,0.992294,1.003190,8.452266,307.941528
16.8457298,0.032580,-0.103232,0.917616,0.923979,6.728057,287.515839
16.8651390,0.042098,-0.097863,0.982166,0.987927,6.190553,293.276154
16.8845482,0.082488,-0.111041,0.984485,0.994155,7.998117,306.607086
16.9039574,0.030628,-0.087979,0.922131,0.926824,5.768675,289.194427
16.9233665,0.064672,-0.109821,1.002300,1.010370,7.246625,300.493347
16.9427757,0.052592,-0.103354,0.938116,0.945256,7.046871,296.969482
16.9621849,0.041122,-0.081756,0.928720,0.933218,5.627687,296.701721
16.9815941,0.067357,-0.100791,0.996443,1.003790,6.936500,303.754059
17.0010014,0.026723,-0.109699,0.925669,0.932530,6.954235,283.690826
17.0204067,0.034777,-0.081878,0.958860,0.962977,5.300382,293.012848
17.0398159,0.062110,-0.109089,1.000470,1.008314,7.151654,299.655060
17.0592232,0.013545,-0.109211,0.934333,0.940792,6.717467,277.069855
17.0786304,0.062598,-0.086149,0.991562,0.997264,6.129830,306.003235
17.0980358,0.051372,-0.102256,1.016699,1.023119,6.421869,296.674347
17.1174431,0.022574,-0.106404,0.931771,0.938098,6.658439,281.978027
17.1368504,0.091029,-0.087369,1.001080,1.009000,7.183514,316.175537
17.1562557,0.026845,-0.128491,0.980824,0.989569,7.622695,281.800873
17.1756649,0.042220,-0.089321,0.943607,0.948765,5.977141,295.299042
17.1950722,0.083830,-0.108235,1.004130,1.013420,7.763794,307.758514
17.2144814,0.025625,-0.115922,0.943973,0.951409,7.168286,282.464935
17.2338886,0.035631,-0.091396,0.940434,0.945536,5.954929,291.298492
17.2532959,0.081268,-0.126538,1.018529,1.029572,8.399126,302.710083
17.2727032,0.005003,-0.113238,0.896628,0.903764,7.204893,272.529755
17.2921104,0.060280,-0.100425,1.003886,1.010696,6.654874,300.973999
17.3115196,0.062476,-0.114214,0.973380,0.982048,7.617802,298.679047
17.3309288,0.022208,-0.097375,0.917006,0.922428,6.215805,282.847717
17.3503380,0.064062,-0.123976,1.022434,1.031913,7.772133,297.326874
17.3697472,0.054300,-0.103964,0.930428,0.937792,7.184852,297.578094
17.3891563,0.036729,-0.091029,0.946657,0.951733,5.919934,291.973358
17.4085636,0.063208,-0.113360,1.004862,1.013210,7.359727,299.143555
17.4279671,0.050518,-0.089931,0.909440,0.915271,6.470842,299.324524
17.4473763,0.033068,-0.090175,0.972404,0.977136,5.640974,290.138580
17.4667835,0.075777,-0.109333,0.980580,0.989562,7.725604,304.725067
17.4861908,0.031116,-0.077973,0.916884,0.920719,5.231581,291.755005
17.5055962,0.052592,-0.092006,1.008035,1.013590,6.001524,299.753052
17.5250034,0.055277,-0.093958,0.950318,0.956550,6.543857,300.468811
17.5444107,0.050274,-0.067845,0.946901,0.950659,5.095968,306.538727
17.5638180,0.053690,-0.100059,1.005473,1.011864,6.443481,298.217346
17.5832253,0.071750,-0.097619,0.947878,0.955588,7.283595,306.315887
17.6026306,0.036485,-0.069919,0.951782,0.955044,4.736772,297.556213
17.6220379,0.059791,-0.100791,1.004619,1.011431,6.653606,300.677277
17.6414433,0.046491,-0.097375,0.925425,0.931695,6.650599,295.521851
17.6608467,0.032458,-0.071628,0.966547,0.969741,4.651348,294.377747
17.6802540,0.058693,-0.112384,0.997297,1.005324,7.245190,297.576202
17.6996593,0.037949,-0.099937,0.934455,0.940550,6.526153,290.793335
17.7190647,0.029652,-0.087369,0.978750,0.983089,5.385142,288.746460
17.7384663,0.075532,-0.113604,1.001202,1.010453,7.759243,303.619019
17.7578754,0.018304,-0.087491,0.928598,0.932890,5.498219,281.816162
17.7772846,0.048931,-0.090419,0.998883,1.004160,5.876465,298.420502
17.7966900,0.072116,-0.109333,0.978505,0.987232,7.623828,303.408783
17.8160992,0.024161,-0.086026,0.937750,0.941997,5.443053,285.687439
17.8355064,0.053568,-0.093226,1.000226,1.005988,6.135552,299.881989
17.8549137,0.059181,-0.100547,0.948488,0.955637,7.012604,300.480743
17.8743229,0.032092,-0.075532,0.942875,0.946439,4.974490,293.019623
17.8937302,0.057473,-0.122389,1.011208,1.020208,7.616050,295.154327
17.9131393,0.047101,-0.110553,0.917982,0.925814,7.457931,293.076355
17.9325447,0.046857,-0.108357,1.013648,1.020500,6.643017,293.385223
