Keuwl Accelerometer Data File
2021-04-11 16-51-16

Time (s), X (g), Y (g), Z (g), R (g), Theta (deg), Phi (deg)
0.0000000,-0.137642,-0.110553,0.837935,0.856330,11.897542,218.771133
0.0194060,-0.027211,-0.094934,1.102847,1.107260,5.117033,254.005981
0.0388107,-0.146306,-0.113604,0.858557,0.878311,12.174919,217.828644
0.0582160,-0.038803,-0.104208,1.015357,1.021427,6.249903,249.576416
0.0776203,-0.158264,-0.102866,0.946779,0.965412,11.275048,213.022308
0.0970244,-0.027333,-0.110553,0.943973,0.950817,6.879000,256.112640
0.1164313,-0.143866,-0.097863,1.017797,1.032562,9.701095,214.225006
0.1358368,-0.075166,-0.114336,0.874297,0.884940,8.894856,236.678391
0.1552391,-0.081146,-0.095788,1.077588,1.084876,6.644995,229.730942
0.1746434,-0.133494,-0.115068,0.836958,0.855313,11.891279,220.760498
0.1940485,-0.039780,-0.097985,1.082958,1.088109,5.577313,247.903946
0.2134526,-0.159607,-0.110065,0.870637,0.891962,12.554069,214.590240
0.2328570,-0.018792,-0.105672,1.017675,1.023319,6.020504,259.916565
0.2522623,-0.170955,-0.097253,0.955565,0.975596,11.630609,209.634659
0.2716678,-0.038437,-0.113726,0.920056,0.927855,7.433739,251.325623
0.2910723,-0.113604,-0.092006,1.050255,1.060380,7.924219,219.003387
0.3104772,-0.116776,-0.116898,0.842449,0.858500,11.096788,225.029922
0.3298831,-0.040634,-0.097131,1.092231,1.097294,5.506091,247.298401
0.3492887,-0.166684,-0.105550,0.845988,0.868689,13.127308,212.343445
0.3686925,-0.017327,-0.092616,1.039639,1.043900,5.178617,259.403137
0.3880967,-0.165464,-0.088101,0.926524,0.945297,11.437816,208.032990
0.4075010,-0.026235,-0.098473,0.944461,0.949943,6.158420,255.081848
0.4269073,-0.143499,-0.075899,1.025728,1.038495,8.993222,207.874878
0.4463119,-0.074312,-0.096276,0.854164,0.862779,8.103604,232.336777
0.4657148,-0.078583,-0.071994,1.089547,1.094747,5.586688,222.494324
0.4851186,-0.136666,-0.085904,0.832687,0.848190,10.971134,212.152298
0.5045230,-0.032824,-0.077119,1.084300,1.087534,4.420048,246.943802
0.5239260,-0.158752,-0.072238,0.877836,0.894996,11.237608,204.467178
0.5433292,-0.022696,-0.078583,1.020848,1.024119,4.581035,253.890228
0.5627329,-0.167782,-0.064550,0.957761,0.974487,10.630675,201.043091
0.5821384,-0.025137,-0.087613,0.939092,0.943505,5.543725,253.991379
0.6015410,-0.142767,-0.055887,1.045862,1.057040,8.339743,201.378006
0.6209439,-0.089931,-0.081878,0.858434,0.867007,8.063848,222.316223
0.6403463,-0.060158,-0.063818,1.105288,1.108762,4.536780,226.691315
0.6597500,-0.161803,-0.074434,0.835128,0.853908,12.038795,204.703857
0.6791536,-0.015375,-0.077119,1.088449,1.091285,4.132280,258.724945
0.6985577,-0.177178,-0.062598,0.892845,0.912405,11.885195,199.458603
0.7179630,-0.017083,-0.081878,0.996565,1.000069,4.797507,258.214661
0.7373688,-0.158630,-0.059669,0.995833,1.010152,9.658687,200.613983
0.7567723,-0.046003,-0.085538,0.890649,0.895929,6.223433,241.728500
0.7761750,-0.105550,-0.053934,1.084300,1.090759,6.238599,207.066238
0.7955789,-0.119217,-0.075777,0.823902,0.835924,9.729003,212.440826
0.8149830,-0.031848,-0.057107,1.114195,1.116112,3.358588,240.851929
0.8343874,-0.170467,-0.073214,0.832687,0.853105,12.560430,203.243134
0.8537927,-0.013789,-0.069431,1.068559,1.070901,3.790029,258.767548
0.8731976,-0.167904,-0.067479,0.900044,0.918055,11.367909,201.894684
0.8926027,-0.025991,-0.069919,0.989244,0.992052,4.312207,249.608505
0.9120073,-0.152773,-0.067235,0.972648,0.986866,9.737547,203.754089
0.9314135,-0.042952,-0.074190,0.934211,0.938136,5.243030,239.931412
0.9508202,-0.139351,-0.055399,1.022312,1.033252,8.344944,201.680206
0.9702250,-0.066503,-0.073824,0.882717,0.888292,6.422328,227.986633
0.9896283,-0.102866,-0.054544,1.071853,1.078159,6.199572,207.934723
1.0090319,-0.105428,-0.080535,0.855262,0.865491,8.817484,217.375809
1.0284368,-0.076143,-0.059913,1.085642,1.089957,5.099888,218.197754
1.0478426,-0.111773,-0.078949,0.860265,0.871081,9.038421,215.234772
1.0672495,-0.073214,-0.064184,1.068803,1.073228,5.205110,221.239960
1.0866578,-0.128613,-0.079193,0.875518,0.888450,9.787977,211.622665
1.1060652,-0.045881,-0.063696,1.049645,1.052576,4.277046,234.234543
1.1254728,-0.153994,-0.070163,0.895163,0.911018,10.705041,204.495239
1.1448773,-0.034655,-0.054911,1.013282,1.015360,3.666555,237.743515
1.1642828,-0.140449,-0.068821,0.935553,0.948537,9.490821,206.105255
1.1836883,-0.050396,-0.058937,0.976919,0.979992,4.538507,229.467163
1.2030947,-0.142889,-0.066625,0.963375,0.976190,9.294198,204.998138
1.2225003,-0.034533,-0.056497,0.960690,0.962969,3.942779,238.565430
1.2419033,-0.141425,-0.062232,0.988145,1.000153,8.887123,203.751160
1.2613074,-0.053812,-0.060280,0.939458,0.942927,4.916016,228.244308
1.2807132,-0.126782,-0.053202,1.004008,1.013379,7.797799,202.764587
1.3001159,-0.064306,-0.048565,0.934333,0.937802,4.929468,217.060760
1.3195190,-0.123488,-0.046491,0.998151,1.006835,7.530461,200.630463
1.3389231,-0.062598,-0.045515,0.953003,0.956140,4.642960,216.020737
1.3583267,-0.127148,-0.050152,0.976309,0.985830,7.969522,201.525955
1.3777314,-0.061622,-0.032824,0.973624,0.976125,4.101694,208.043030
1.3971350,-0.125440,-0.055399,0.958738,0.968495,8.139816,203.827896
1.4165385,-0.069919,-0.020988,0.985217,0.987918,4.237667,196.708420
1.4359424,-0.113848,-0.060158,0.957884,0.966499,7.656117,207.852112
1.4553475,-0.087491,-0.002685,0.977163,0.981076,5.118755,181.757477
1.4747512,-0.095544,-0.059303,0.971184,0.977673,6.604825,211.827454
1.4941562,-0.102744,-0.012324,0.978628,0.984083,6.036016,186.840088
1.5135626,-0.088833,-0.027821,0.937262,0.941873,5.671950,197.389862
1.5329686,-0.099449,-0.043318,1.031097,1.036788,6.005540,203.537109
1.5523752,-0.097619,0.012080,0.890405,0.895821,6.303909,172.945511
1.5717837,-0.094812,-0.045881,1.050377,1.055645,5.726389,205.822922
1.5911903,-0.094568,-0.013301,0.930672,0.935559,5.858760,188.005859
1.6105984,-0.102988,-0.003417,0.958250,0.963774,6.137661,181.900116
1.6300046,-0.087369,-0.029408,1.028657,1.032779,5.120975,198.602829
1.6494117,-0.097497,-0.006955,0.920910,0.926083,6.058642,184.080521
1.6688173,-0.102744,0.003173,0.984607,0.989958,5.960095,178.231339
1.6882254,-0.089931,-0.027211,1.003032,1.007423,5.351487,196.834656
1.7076330,-0.091151,-0.001952,0.943363,0.947758,5.520273,181.227036
1.7270396,-0.117386,0.006711,0.975455,0.982516,6.873095,176.727814
1.7464446,-0.078095,-0.014155,0.992904,0.996071,4.570247,190.273331
1.7658511,-0.097497,-0.010860,0.967645,0.972605,5.788856,186.355927
1.7852575,-0.115434,0.021354,0.964961,0.972075,6.936245,169.519363
1.8046625,-0.082000,-0.002562,0.976309,0.979750,4.803302,181.789917
1.8240706,-0.100425,-0.009396,0.994735,0.999835,5.789871,185.345047
1.8434762,-0.107137,0.014643,0.960202,0.966272,6.425258,172.217361
1.8628829,-0.094324,0.015131,0.971062,0.975750,5.618485,170.886597
1.8822901,-0.100913,0.000122,0.982044,0.987215,5.867051,179.930725
1.9016978,-0.095178,-0.002440,0.994368,0.998916,5.469344,181.468796
1.9211059,-0.103232,0.017327,0.954589,0.960311,6.257803,170.471802
1.9405117,-0.102378,0.018914,0.973991,0.979539,6.101204,169.532974
1.9599183,-0.091396,0.010494,0.981800,0.986101,5.353061,173.449997
1.9793278,-0.103476,0.004881,0.984240,0.989677,6.008216,177.299377
1.9987326,-0.100181,0.022330,0.975577,0.980961,6.005932,167.434250
2.0181396,-0.096398,0.023428,0.956419,0.961550,5.921821,166.339798
2.0375454,-0.096765,0.018426,0.983142,0.988065,5.721527,169.219025
2.0569515,-0.094934,0.003661,0.986437,0.991001,5.501212,177.791748
2.0763559,-0.100059,0.015131,0.982654,0.987851,5.879766,171.400909
2.0957625,-0.105794,0.018792,0.958006,0.964013,6.399541,169.927948
2.1151688,-0.102012,0.017815,0.974113,0.979602,6.068213,170.093704
2.1345737,-0.109211,0.013423,0.989366,0.995466,6.346098,172.993195
2.1539793,-0.101035,0.011104,0.970818,0.976124,5.977042,173.728165
2.1733847,-0.102012,0.016229,0.987901,0.993287,5.969133,170.960510
2.1927898,-0.106648,0.024893,0.942753,0.949092,6.626080,166.861832
2.2121935,-0.098229,0.019646,0.998883,1.003894,5.726799,168.690063
2.2315972,-0.098595,0.008176,0.968622,0.973661,5.831867,175.259827
2.2510033,-0.084684,0.007809,0.988389,0.992041,4.917809,174.731140
2.2704077,-0.107625,0.011470,0.973259,0.979258,6.345666,173.916611
2.2898138,-0.084074,0.021110,0.969232,0.973100,5.110673,165.905075
2.3092198,-0.106038,0.018670,0.987901,0.993751,6.219999,170.014587
2.3286259,-0.089931,0.011226,0.978994,0.983180,5.288983,172.884552
2.3480330,-0.091640,0.008420,1.004008,1.008217,5.237047,174.750549
2.3674388,-0.102744,0.018304,0.954833,0.960519,6.237531,169.898880
2.3868451,-0.102256,0.015985,0.981556,0.986997,6.019169,171.115173
2.4062502,-0.101279,0.014765,0.980824,0.986150,5.957299,171.705673
2.4256544,-0.100059,0.008786,0.980336,0.985468,5.850055,174.982025
2.4450626,-0.103476,0.011226,0.970086,0.975654,6.123975,173.808167
2.4644690,-0.091396,0.015009,0.986559,0.990897,5.363301,170.674179
2.4838753,-0.116288,0.026967,0.934699,0.942291,7.278098,166.943924
2.5032806,-0.088345,0.020622,0.997541,1.001658,5.196331,166.860977
2.5226870,-0.109455,0.018426,0.954223,0.960657,6.634834,170.444473
2.5420959,-0.082854,0.013301,0.983020,0.986595,4.879175,170.880112
2.5615027,-0.107991,0.010860,0.979604,0.985598,6.322326,174.257355
2.5809093,-0.093470,0.019768,0.955809,0.960572,5.708014,168.058578
2.6003160,-0.103476,0.023795,0.982776,0.988495,6.166183,167.049805
2.6197219,-0.099205,0.017449,0.962642,0.967898,5.973499,170.024185
2.6391273,-0.094324,0.014033,0.990220,0.994801,5.500856,171.538116
2.6585319,-0.117142,0.007687,0.973380,0.980434,6.876946,176.245346
2.6779370,-0.096398,0.013301,0.980092,0.984911,5.670222,172.144226
2.6973436,-0.114702,0.014643,0.966059,0.972955,6.825559,172.724991
2.7167485,-0.112628,0.019402,0.983020,0.989641,6.631464,170.225906
2.7361536,-0.099449,0.018914,0.967157,0.972441,5.975337,169.231857
2.7555585,-0.109089,0.007687,0.993636,0.999636,6.280695,175.969040
2.7749653,-0.104574,0.013057,0.967889,0.973610,6.214007,172.883209
2.7943716,-0.105062,0.000610,0.998029,1.003544,6.009489,179.667282
2.8137770,-0.108723,0.020744,0.955321,0.961712,6.608862,169.197968
2.8331811,-0.092006,0.018059,0.987169,0.991612,5.425709,168.894806
2.8525851,-0.116410,0.018670,0.968622,0.975770,6.939751,170.888641
2.8719895,-0.083586,0.018426,0.975943,0.979689,5.012157,167.568649
2.8913937,-0.112994,0.007443,0.981312,0.987824,6.582549,176.231094
2.9107995,-0.097131,0.008054,0.973014,0.977883,5.720088,175.260193
2.9302061,-0.092250,0.010860,0.971794,0.976223,5.459913,173.285767
2.9496112,-0.105794,0.012446,0.964351,0.970216,6.303442,173.290161
2.9690168,-0.087125,0.008298,0.995467,0.999306,5.024377,174.559662
2.9884243,-0.107137,0.009274,0.972038,0.977969,6.312984,175.052795
3.0078325,-0.098107,-0.003173,1.001324,1.006123,5.598707,181.852203
3.0272388,-0.105184,-0.000366,0.986803,0.992393,6.084280,180.199402
3.0466459,-0.105306,0.002807,0.983508,0.989134,6.113658,178.473358
3.0660536,-0.108723,0.009518,0.966303,0.972447,6.443938,174.996964
3.0854585,-0.104818,0.014887,0.969842,0.975603,6.229857,171.916595
3.1048641,-0.114092,0.005369,0.972892,0.979574,6.695887,177.305710
3.1242704,-0.100547,0.003905,0.975333,0.980510,5.890225,177.776031
3.1436763,-0.101157,-0.005735,0.971550,0.976819,5.953679,183.244904
3.1630814,-0.119095,-0.009274,0.984119,0.991342,6.920873,184.452576
3.1824856,-0.078705,0.001830,0.961666,0.964883,4.680023,178.667786
3.2018929,-0.117997,0.018059,0.966181,0.973527,7.043112,171.298370
3.2212977,-0.108479,0.004759,0.956053,0.962200,6.479564,177.488068
3.2407019,-0.069797,-0.002562,0.991928,0.994384,4.027690,182.102570
3.2601063,-0.132761,-0.003295,0.957883,0.967046,7.893244,181.421570
3.2795119,-0.073946,-0.011958,0.990830,0.993657,4.323365,189.186127
3.2989185,-0.106160,-0.012202,0.996321,1.002035,6.121766,186.556946
3.3183248,-0.107869,0.005003,0.934943,0.941159,6.588386,177.344513
3.3377311,-0.079925,0.007321,0.997419,1.000643,4.600534,174.766144
3.3571377,-0.111773,0.005979,0.950684,0.957251,6.715044,176.937973
3.3765450,-0.089199,-0.003783,0.981922,0.985973,5.195238,182.428329
3.3959498,-0.112750,-0.009762,0.973014,0.979574,6.634273,184.948334
3.4153554,-0.089931,-0.009884,0.991074,0.995195,5.215940,186.271927
3.4347630,-0.131541,-0.010250,0.986437,0.995221,7.618317,184.455597
3.4541698,-0.097985,0.009762,0.954955,0.960018,5.887229,174.310608
3.4735758,-0.101035,0.003661,0.986193,0.991362,5.853371,177.924973
3.4929814,-0.124586,0.015497,0.954711,0.962930,7.491508,172.909515
3.5123880,-0.086149,-0.002318,0.972038,0.975851,5.066509,181.541580
3.5317953,-0.103232,0.001830,0.977529,0.982967,6.029322,178.984222
3.5512009,-0.140205,-0.001464,0.973625,0.983669,8.194865,180.598373
3.5706074,-0.084562,0.003295,0.986559,0.990182,4.902808,177.768829
3.5900130,-0.125074,0.000732,0.976187,0.984167,7.301379,179.664612
3.6094203,-0.129101,0.006711,0.936285,0.945168,7.861249,177.024170
3.6288264,-0.075654,0.010738,1.011574,1.014456,4.319876,171.921661
3.6482329,-0.147526,0.004881,0.960446,0.971722,8.737185,178.105057
3.6676393,-0.102622,0.006833,0.995467,1.000766,5.898705,176.190445
3.6870468,-0.091518,0.014277,0.984485,0.988832,5.374834,171.133331
3.7064536,-0.117386,0.010128,0.957395,0.964618,7.015876,175.068817
3.7258606,-0.076387,0.004027,0.996809,0.999740,4.388161,176.982407
3.7452676,-0.105062,0.004027,0.966669,0.972370,6.207378,177.805069
3.7646742,-0.089443,0.001342,0.979604,0.983679,5.217555,179.140244
3.7840796,-0.085416,-0.004027,0.975089,0.978831,5.011766,182.699081
3.8034856,-0.098961,0.006711,0.975211,0.980242,5.807549,176.120285
3.8228898,-0.090419,0.003783,0.984485,0.988635,5.252178,177.604401
3.8422954,-0.107503,0.002440,0.975455,0.981364,6.290677,178.699524
3.8617017,-0.094568,-0.000122,0.982898,0.987437,5.495724,180.073929
3.8811078,-0.111041,0.010616,0.977529,0.983873,6.509967,174.538864
3.9005129,-0.107747,-0.000122,0.970574,0.976536,6.334688,180.064880
3.9199219,-0.111773,0.000000,0.983874,0.990203,6.481349,180.000000
3.9393299,-0.105062,-0.000122,0.963253,0.968965,6.224662,180.066544
3.9587383,-0.103110,0.000610,1.007547,1.012810,5.843283,179.660980
3.9781458,-0.133982,-0.000976,0.940922,0.950414,8.104283,180.417450
3.9975543,-0.076387,0.000122,1.004130,1.007032,4.350282,179.908478
4.0169630,-0.125928,0.001464,0.958982,0.967216,7.481442,179.333801
4.0363688,-0.116410,0.010616,0.966547,0.973590,6.895802,174.789322
4.0557742,-0.075166,0.003783,0.979360,0.982247,4.394405,177.119034
4.0751815,-0.123366,0.003295,0.963008,0.970884,7.302642,178.470215
4.0945883,-0.110187,0.001586,0.961422,0.967717,6.538730,179.175201
4.1139941,-0.085416,0.000366,0.977163,0.980889,4.995713,179.754456
4.1334009,-0.129711,-0.002929,0.966791,0.975458,7.643444,181.293381
4.1528087,-0.105062,0.001464,0.972038,0.977701,6.169425,179.201508
4.1722155,-0.088711,-0.004881,1.007059,1.010970,5.041739,183.149277
4.1916213,-0.147282,-0.001098,0.951904,0.963232,8.795512,180.427216
4.2110262,-0.097497,0.005857,0.986193,0.991018,5.656137,176.562088
4.2304335,-0.096643,-0.009884,0.978383,0.983195,5.670498,185.839493
4.2498417,-0.128003,0.005369,0.979726,0.988067,7.450060,177.598160
4.2692485,-0.113360,-0.003783,0.976553,0.983118,6.624985,181.911209
4.2886553,-0.084196,-0.001098,0.964229,0.967898,4.990808,180.747299
4.3080626,-0.118363,-0.014033,0.996077,1.003183,6.823634,186.761246
4.3274708,-0.112506,0.001586,0.959470,0.966045,6.688501,179.192200
4.3468800,-0.082976,-0.007809,1.005107,1.008556,4.740079,185.376709
4.3662872,-0.109821,-0.002929,0.959958,0.966224,6.528676,181.527527
4.3856945,-0.092616,0.004637,0.979238,0.983619,5.409649,177.133835
4.4051013,-0.095788,-0.006955,0.964473,0.969243,5.686686,184.153046
4.4245071,-0.088223,-0.008176,0.992416,0.996363,5.101732,185.294449
4.4439144,-0.092738,-0.002196,0.975577,0.979977,5.431664,181.356750
4.4633231,-0.121901,-0.010494,0.976065,0.983704,7.144903,184.920242
4.4827299,-0.074190,-0.019646,0.983020,0.986012,4.464185,194.831665
4.5021362,-0.116166,-0.003173,0.979848,0.986715,6.763642,181.564407
4.5215445,-0.126660,-0.005857,0.954955,0.963336,7.563328,182.647629
4.5409541,-0.069797,-0.015253,0.992660,0.995228,4.116658,192.327133
4.5603628,-0.137886,0.003661,0.951782,0.961725,8.246050,178.479233
4.5797691,-0.098473,-0.012080,0.956663,0.961794,5.920696,186.993912
4.5991745,-0.101523,-0.014155,0.992416,0.997696,5.897110,187.937195
4.6185813,-0.130809,-0.014155,0.953125,0.962163,7.859651,186.175888
4.6379886,-0.076753,-0.013057,0.989366,0.992424,4.499454,189.654236
4.6573939,-0.115556,-0.020012,0.976553,0.983570,6.847965,189.824951
4.6768012,-0.108235,-0.007565,0.967157,0.973224,6.400859,183.998383
4.6962090,-0.084806,-0.018304,0.991440,0.995229,5.001122,192.179184
4.7156153,-0.120559,-0.002807,0.936407,0.944140,7.338235,181.333572
4.7350221,-0.087125,-0.015863,1.008401,1.012282,5.018759,190.318970
4.7544308,-0.130809,-0.015009,0.940434,0.949607,7.969990,186.545425
4.7738390,-0.083952,-0.009762,0.981800,0.985431,4.920159,186.632507
4.7932477,-0.133128,-0.022818,0.952881,0.962406,8.067840,189.726120
4.8126559,-0.106038,-0.002074,0.965083,0.970893,6.271386,181.120712
4.8320622,-0.086271,-0.025137,0.972526,0.976669,5.278934,196.244644
4.8514700,-0.147648,-0.016961,0.952515,0.964039,8.868247,186.553192
4.8708763,-0.068333,-0.011714,0.977895,0.980350,4.055309,189.727585
4.8902822,-0.130199,-0.021964,0.981068,0.989913,7.665186,189.575485
4.9096885,-0.095300,-0.015009,0.958250,0.963094,5.749037,188.950027
4.9290957,-0.079559,-0.018181,1.010109,1.013401,4.619061,192.872620
4.9485016,-0.122389,-0.026601,0.948366,0.956600,7.523292,192.262405
4.9679070,-0.045637,-0.019768,1.005595,1.006824,2.831445,203.420090
4.9873137,-0.112628,-0.025503,0.958616,0.965546,6.868984,192.758652
5.0067215,-0.073580,-0.028553,0.996199,0.999321,4.529953,201.209229
5.0261288,-0.084928,-0.025503,0.997419,1.001353,5.080451,196.714355
5.0455351,-0.097131,-0.025991,0.951294,0.956593,6.033547,194.980682
5.0649419,-0.071018,-0.029896,0.999982,1.002946,4.406200,202.829254
5.0843487,-0.101767,-0.025015,0.943851,0.949651,6.335647,193.809708
5.1037550,-0.091884,-0.024039,0.984851,0.989420,5.508403,194.661133
5.1231623,-0.071140,-0.024039,0.956053,0.958998,4.490957,198.670486
5.1425686,-0.111529,-0.029164,0.961300,0.968188,6.838277,194.654037
5.1619768,-0.084318,-0.022574,0.966425,0.970359,5.160955,194.988174
5.1813850,-0.090785,-0.034777,0.976553,0.981380,5.685203,200.960068
5.2007933,-0.110431,-0.034899,0.980214,0.987032,6.738368,197.537689
5.2202005,-0.081634,-0.023184,0.981556,0.985218,4.941297,195.854858
5.2396078,-0.115556,-0.037339,0.972282,0.979837,7.119432,197.906982
5.2590165,-0.101157,-0.028309,0.967523,0.973209,6.196314,195.634552
5.2784247,-0.092494,-0.028920,0.993148,0.997865,5.573165,197.362625
5.2978330,-0.151675,-0.028187,0.943241,0.955773,9.288783,190.527786
5.3172383,-0.082488,-0.039536,0.981922,0.986174,5.322149,205.607941
5.3366456,-0.121535,-0.031848,0.985705,0.993680,7.263797,194.684082
5.3560529,-0.121901,-0.035265,0.954955,0.963350,7.569449,196.134598
5.3754601,-0.085538,-0.035509,0.999249,1.003532,5.295352,202.544373
5.3948669,-0.095666,-0.043806,0.956175,0.961947,6.279665,204.603424
5.4142747,-0.105672,-0.040878,0.979115,0.985649,6.600905,201.148270
5.4336824,-0.099693,-0.046613,0.963985,0.970246,6.512918,205.059113
5.4530892,-0.088589,-0.052104,0.990952,0.996267,5.921226,210.462097
5.4724965,-0.101767,-0.052348,0.951660,0.958517,6.857152,207.220764
5.4919028,-0.101401,-0.059669,0.976309,0.983373,6.871582,210.474579
5.5113082,-0.069919,-0.050518,0.980092,0.983880,5.029716,215.848602
5.5307140,-0.096765,-0.052104,0.937750,0.944168,6.684366,208.300751
5.5501213,-0.071872,-0.052836,0.960934,0.965066,5.303561,216.321259
5.5695291,-0.061134,-0.049175,0.962154,0.965348,4.661780,218.812897
5.5889363,-0.084318,-0.055765,0.963985,0.969271,5.986578,213.479065
5.6083417,-0.070530,-0.047711,0.959348,0.963119,5.072268,214.077194
5.6277494,-0.073336,-0.041610,0.964717,0.968395,4.995085,209.570038
5.6471562,-0.095544,-0.060280,0.965815,0.972400,6.671533,212.248108
5.6665606,-0.083220,-0.047223,0.955077,0.959858,5.721116,209.572693
5.6859665,-0.074434,-0.048443,0.984973,0.988968,5.152140,213.056870
5.7053719,-0.112384,-0.053202,0.957029,0.965073,7.402606,205.332809
5.7247758,-0.062110,-0.054056,0.979482,0.982936,4.805219,221.034164
5.7441802,-0.093226,-0.048687,0.970696,0.976377,6.183803,207.575867
5.7635856,-0.087247,-0.057107,0.939336,0.945106,6.334409,213.206573
5.7829924,-0.058815,-0.049053,1.002178,1.005100,4.370002,219.828949
5.8023973,-0.100425,-0.058937,0.943729,0.950885,7.033915,210.407700
5.8218007,-0.031116,-0.058327,1.007425,1.009592,3.754368,241.921295
5.8412066,-0.070163,-0.053690,0.976187,0.980177,5.171422,217.423843
5.8606124,-0.053812,-0.060402,0.978261,0.981600,4.727209,228.301865
5.8800201,-0.018670,-0.050274,0.994247,0.995692,3.087433,249.627060
5.8994260,-0.063330,-0.053080,0.966425,0.969951,4.887119,219.968063
5.9188313,-0.005247,-0.056131,0.990342,0.991945,3.258044,264.659607
5.9382386,-0.036729,-0.061500,0.978261,0.980880,4.187971,239.153412
5.9576468,-0.034289,-0.041488,0.977773,0.979254,3.150762,230.427261
5.9770522,-0.005003,-0.050518,0.969232,0.970560,2.998199,264.344208
5.9964561,-0.013789,-0.056375,0.967767,0.969506,3.431880,256.255920
6.0158606,-0.002440,-0.046369,0.969598,0.970709,2.741740,266.987213
6.0352654,0.000976,-0.050640,0.963131,0.964461,3.010319,271.104370
6.0546713,0.007199,-0.053324,0.970696,0.972186,3.172743,277.689087
6.0740757,0.021232,-0.047833,0.974723,0.976127,3.073324,293.935364
6.0934825,0.008786,-0.051616,0.962032,0.963456,3.115207,279.659882
6.1128893,0.008054,-0.044172,0.963619,0.964664,2.667851,280.332703
6.1322956,0.008176,-0.046735,0.962520,0.963689,2.821957,279.922607
6.1517029,0.001464,-0.045759,0.958006,0.959099,2.736022,271.832825
6.1711087,-0.012812,-0.056985,0.974479,0.976227,3.429996,257.328369
6.1905141,0.001586,-0.050274,0.967523,0.968830,2.975917,271.807281
6.2099199,-0.008908,-0.058815,0.984851,0.986645,3.456551,261.387878
6.2293262,-0.028187,-0.049419,0.943729,0.945442,3.449917,240.300842
6.2487330,0.009030,-0.059669,0.958616,0.960513,3.602283,278.605225
6.2681398,-0.037705,-0.073580,0.947634,0.951233,4.986252,242.867676
6.2875457,0.004759,-0.065160,0.992416,0.994564,3.766552,274.177094
6.3069520,0.004759,-0.059425,0.991684,0.993474,3.440199,274.578583
6.3263607,-0.025869,-0.075532,0.966547,0.969839,4.722109,251.094284
6.3457661,0.035631,-0.066503,0.994612,0.997470,4.337883,298.181519
6.3651738,-0.013545,-0.062354,0.967279,0.969382,3.774135,257.744537
6.3845811,0.021110,-0.060768,0.976919,0.979035,3.767488,289.156708
6.4039884,0.024527,-0.062354,0.976919,0.979214,3.923610,291.472015
6.4233937,0.005003,-0.071018,0.970696,0.973303,4.194746,274.029633
6.4427962,0.029652,-0.064184,0.987169,0.989698,4.096629,294.795868
6.4622021,0.029042,-0.057595,0.975577,0.977707,3.782737,296.758942
6.4816089,0.010860,-0.063940,0.971428,0.973591,3.819570,279.639557
6.5010166,0.044050,-0.062598,0.986681,0.989646,4.435927,305.134186
6.5204220,0.033190,-0.067479,0.984607,0.987474,4.367491,296.190857
6.5398269,0.026967,-0.054056,0.949342,0.951262,3.640939,296.513306
6.5592341,0.049297,-0.052348,1.003154,1.005728,4.099974,313.280945
6.5786400,0.026845,-0.059547,0.925913,0.928214,4.035268,294.266785
6.5980434,0.056497,-0.059791,0.981312,0.984754,4.791787,313.377167
6.6174483,0.037949,-0.055155,0.951538,0.953891,4.024625,304.530029
6.6368542,0.061134,-0.070652,0.996931,1.001299,5.353939,310.869141
6.6562605,0.049541,-0.060158,0.965571,0.968711,4.614309,309.472473
6.6756668,0.022818,-0.061744,0.964595,0.966838,3.903897,290.282562
6.6950717,0.066015,-0.065771,0.956541,0.961070,5.564226,315.106110
6.7144766,0.019768,-0.058571,0.969476,0.971445,3.648461,288.649536
6.7338805,0.033922,-0.063208,0.959226,0.961904,4.276908,298.221558
6.7532859,0.036851,-0.061256,0.984973,0.987563,4.151052,301.030853
6.7726908,0.027943,-0.060035,0.949098,0.951405,3.991156,294.959503
6.7920957,0.031482,-0.068821,1.002056,1.004910,4.319014,294.581573
6.8115015,0.015619,-0.058449,0.944217,0.946153,3.666182,284.961182
6.8309073,0.041610,-0.064916,0.999738,1.002707,4.410377,302.658966
6.8503141,0.022940,-0.062476,0.961788,0.964088,3.958492,290.162598
6.8697214,0.020744,-0.059791,0.986193,0.988222,3.671839,289.133636
6.8891273,0.034045,-0.065893,0.959226,0.962089,4.421332,297.323883
6.9085340,0.017693,-0.062598,0.988999,0.991136,3.763171,285.782990
6.9279418,0.026845,-0.057961,0.960568,0.962690,3.804468,294.851593
6.9473515,0.024771,-0.079437,0.992660,0.996142,4.791624,287.318939
6.9667578,0.009640,-0.069431,0.957029,0.959593,4.189140,277.904419
6.9861631,0.024161,-0.066991,0.985705,0.988274,4.132280,289.832123
7.0055695,0.014643,-0.070530,0.943119,0.945866,4.367671,281.728699
7.0249782,0.008054,-0.092250,1.006937,1.011186,5.254304,274.989349
7.0443859,0.005735,-0.071262,0.947390,0.950083,4.315475,274.601227
7.0637932,0.040634,-0.075166,1.006449,1.010069,4.852684,298.394958
7.0831976,-0.007321,-0.084196,0.917616,0.921499,5.262204,265.030273
7.1026030,0.097985,-0.088101,0.987657,0.996408,7.599205,318.040405
7.1220088,0.026235,-0.101523,0.940800,0.946626,6.359740,284.489044
7.1414151,0.043318,-0.102012,0.952270,0.958698,6.638381,293.008087
7.1608200,0.090785,-0.101157,0.993758,1.003011,7.788329,311.906921
7.1802254,0.015009,-0.097375,0.964839,0.969856,5.830555,278.762360
7.1996303,0.063574,-0.116410,0.978994,0.987938,7.715715,298.639893
7.2190356,0.041122,-0.106526,0.991318,0.997873,6.570831,291.107849
7.2384419,0.027455,-0.101523,0.956907,0.962669,6.272011,285.132690
7.2578483,0.044783,-0.098961,0.991928,0.997858,6.249338,294.348083
7.2772555,0.015375,-0.108479,0.953369,0.959644,6.555772,278.066925
7.2966623,0.026479,-0.122389,0.988511,0.996411,7.219555,282.207855
7.3160691,0.017937,-0.101523,0.972038,0.977490,6.054240,280.019775
7.3354759,0.021110,-0.092372,0.953735,0.958430,5.673712,282.872955
7.3548822,0.034533,-0.102500,0.961300,0.967366,6.419610,288.618927
7.3742857,-0.003417,-0.095666,0.955931,0.960712,5.718545,267.954590
7.3936906,0.016107,-0.090663,0.948122,0.952583,5.547295,280.073944
7.4130969,0.019646,-0.086759,0.968622,0.972698,5.247139,282.758972
7.4325032,0.002074,-0.099327,0.955077,0.960230,5.938646,271.196411
7.4519091,0.031116,-0.119217,0.997907,1.005485,7.038626,284.628021
7.4713149,-0.003783,-0.106282,0.961056,0.966922,6.314599,267.961639
7.4907217,0.073580,-0.101767,0.991684,0.999604,7.217218,305.867737
7.5101299,0.019036,-0.110431,0.982776,0.989144,6.504995,279.780273
7.5295348,0.046369,-0.116898,0.972770,0.980866,7.366283,291.636230
7.5489402,0.073580,-0.110553,0.976919,0.985904,7.741237,303.646271
7.5683475,0.024649,-0.116532,0.955077,0.962476,7.108816,281.943085
7.5877528,0.051982,-0.107747,1.009377,1.016442,6.759146,295.754822
7.6071572,0.026601,-0.102744,0.983386,0.989097,6.159789,284.515564
7.6265631,0.033678,-0.116044,0.963985,0.971528,7.144601,286.183838
7.6459699,0.053202,-0.109577,0.974235,0.981820,7.126786,295.897644
7.6653776,0.020012,-0.115068,0.950318,0.957468,7.006587,279.865814
7.6847830,0.081512,-0.134104,0.974357,0.986914,9.149632,301.292297
7.7041888,0.035997,-0.122145,1.008157,1.016167,7.198873,286.420532
7.7235956,0.017327,-0.117386,0.949342,0.956729,7.124473,278.396759
7.7430029,0.053934,-0.111041,0.994247,1.001881,7.077703,295.906494
7.7624078,0.006955,-0.101645,0.948000,0.953459,6.134115,273.914490
7.7818136,0.020988,-0.097619,0.963131,0.968292,5.918808,282.133881
7.8012209,0.000976,-0.099937,0.943363,0.948642,6.047469,270.559662
7.8206258,-0.013179,-0.120559,0.949586,0.957299,7.278179,263.761658
7.8400302,0.021720,-0.075899,0.940556,0.943863,4.797834,285.969727
7.8594375,-0.020622,-0.109333,0.955687,0.962142,6.640448,259.318573
7.8788452,-0.041366,-0.107747,0.979848,0.986622,6.717818,248.997284
7.8982525,0.038193,-0.076753,0.921765,0.925743,5.313638,296.455627
7.9176598,-0.031360,-0.128247,0.987657,0.996442,7.613860,256.259155
7.9370656,-0.043440,-0.127514,0.905536,0.915501,8.461462,251.187576
7.9564748,0.055643,-0.083952,1.025362,1.030297,5.609932,303.536041
7.9758821,0.012812,-0.099571,0.897116,0.902716,6.385125,277.332336
7.9952874,-0.065405,-0.096520,0.974723,0.981671,6.821132,235.877518
8.0146942,0.067113,-0.085416,0.943363,0.949596,6.568682,308.157227
8.0340996,0.025625,-0.093470,0.970574,0.975401,5.702483,285.331055
8.0535059,-0.068699,-0.107137,0.936529,0.945138,7.738854,237.330780
8.0729113,0.080291,-0.091518,1.010720,1.018026,6.868499,311.261536
8.0923176,-0.022574,-0.102378,0.964595,0.970275,6.202860,257.565216
8.1117249,-0.027577,-0.111285,0.941654,0.948608,6.941898,256.082062
8.1311321,0.072360,-0.121169,1.007913,1.017746,7.970925,300.844818
8.1505384,-0.033678,-0.103110,0.929696,0.936003,6.654786,251.911545
8.1699438,0.000366,-0.102988,0.963619,0.969106,6.100433,270.203644
8.1893501,0.065649,-0.102012,0.991684,0.999076,6.974177,302.762939
8.2087545,-0.033923,-0.109333,0.954345,0.961186,6.839998,252.762558
8.2281609,0.013667,-0.121413,0.995101,1.002573,6.999837,276.422333
8.2475643,0.021964,-0.125928,0.996443,1.004609,7.310295,279.893921
8.2669687,-0.000244,-0.106160,0.995833,1.001475,6.085052,269.868286
8.2863712,-0.000976,-0.129589,1.006083,1.014395,7.339786,269.568390
8.3057766,0.037217,-0.117386,0.983996,0.991672,7.133334,287.591095
8.3251810,-0.023673,-0.098473,0.959836,0.965164,6.023369,256.482788
8.3445854,0.041854,-0.100059,0.917372,0.923761,6.742733,292.699188
8.3639889,0.017937,-0.121657,0.975821,0.983539,7.182503,278.387390
8.3833942,-0.043562,-0.107137,0.928110,0.935288,7.103184,247.873047
8.4027987,0.025259,-0.095422,0.949464,0.954581,5.935278,284.826477
8.4222031,-0.026845,-0.137886,0.896506,0.907445,8.905386,258.982880
8.4416084,-0.002318,-0.124586,0.985827,0.993671,7.203913,268.933899
8.4610138,-0.021110,-0.098229,0.913223,0.918733,6.278354,257.871216
8.4804201,0.004271,-0.139717,0.979604,0.989526,8.120836,271.750854
8.4998245,-0.004881,-0.111529,0.991562,0.997826,6.423671,267.494110
8.5192280,0.032824,-0.086881,0.969354,0.973793,5.472855,290.697021
8.5386324,-0.020500,-0.113116,0.905658,0.912924,7.234079,259.727783
8.5580359,0.016351,-0.137032,0.987535,0.997131,7.955346,276.804535
8.5774422,-0.015741,-0.108967,0.947633,0.954008,6.627027,261.780090
8.5968485,-0.038925,-0.100913,0.899922,0.906399,6.853433,248.906799
8.6162539,0.009518,-0.095300,0.934211,0.939107,5.853471,275.703339
8.6356592,-0.012934,-0.114458,0.976309,0.983080,6.728727,263.552551
8.6550655,-0.076021,-0.112872,0.940922,0.950712,8.229581,236.039200
8.6744719,0.035509,-0.109821,1.001324,1.007954,6.575276,287.917755
8.6938753,0.007321,-0.113482,0.997297,1.003760,6.505116,273.691376
8.7132807,-0.024039,-0.113726,0.928720,0.935966,7.134049,258.064880
8.7326870,0.018792,-0.107137,0.970452,0.976529,6.395220,279.948395
8.7520924,0.034167,-0.100669,0.946047,0.952002,6.411541,288.746887
8.7714987,-0.039658,-0.103110,0.967767,0.974052,6.512286,248.962494
8.7909060,0.000366,-0.115312,0.986925,0.993639,6.664238,270.181885
8.8103113,0.001830,-0.123244,1.033660,1.040983,6.800052,270.850861
8.8297176,-0.042098,-0.129589,0.962520,0.972117,8.057322,252.003159
8.8491249,0.018548,-0.102500,0.993514,0.998960,5.985269,280.256805
8.8685322,-0.005857,-0.107747,0.917616,0.923939,6.706832,266.888458
8.8879395,0.027211,-0.102744,0.971794,0.977589,6.241679,284.833954
8.9073467,0.015741,-0.116654,0.957639,0.964847,7.007567,277.684906
8.9267540,0.013179,-0.127148,0.961300,0.969762,7.574529,275.917389
8.9461603,0.005369,-0.128735,0.976431,0.984895,7.517133,272.388214
8.9655695,-0.005125,-0.104208,0.943729,0.949479,6.308728,267.184448
8.9849768,0.022818,-0.102256,0.942387,0.948193,6.343843,282.579468
9.0043859,-0.016229,-0.110553,0.966669,0.973106,6.593593,261.648682
9.0237951,0.028187,-0.108601,0.987047,0.993404,6.485069,284.550079
9.0432043,-0.003539,-0.135568,0.993026,1.002244,7.776601,268.504761
9.0626125,-0.016839,-0.113360,0.952026,0.958899,6.864185,261.550690
9.0820208,0.048077,-0.102622,1.003886,1.010263,6.440681,295.102631
9.1014299,-0.042220,-0.109821,0.946901,0.954183,7.082967,248.971024
9.1208382,0.022574,-0.112628,0.977895,0.984619,6.699488,281.333801
9.1402454,0.003051,-0.126416,1.001812,1.009761,7.194102,271.382355
9.1596518,-0.027699,-0.115068,0.939336,0.946763,7.181356,256.465210
9.1790590,0.027089,-0.092006,0.962764,0.967530,5.689029,286.406006
9.1984673,-0.028065,-0.119827,0.953247,0.961158,7.356528,256.818024
9.2178726,0.010982,-0.112139,1.008157,1.014434,6.377197,275.593292
9.2372799,-0.003905,-0.115190,0.989854,0.996541,6.641481,268.058502
9.2566872,-0.023184,-0.110553,0.942509,0.949253,6.834174,258.155975
9.2760935,-0.004881,-0.104330,0.923229,0.929118,6.454397,267.321442
9.2954998,-0.022330,-0.107137,0.968011,0.974178,6.450203,258.226501
9.3149042,-0.022086,-0.112994,0.935309,0.942369,7.017525,258.940155
9.3343096,0.005247,-0.113482,0.983874,0.990411,6.586510,272.647278
9.3537140,-0.048687,-0.110919,0.939458,0.947235,7.347214,246.301224
9.3731203,0.002318,-0.101767,0.941654,0.947140,6.169774,271.305084
9.3925257,-0.025381,-0.099571,0.963863,0.969324,6.085182,255.699722
9.4119320,-0.029408,-0.115312,0.940678,0.948176,7.210038,255.693024
9.4313402,0.025747,-0.122756,0.999860,1.007696,7.150063,281.845581
9.4507446,-0.049053,-0.114580,0.963497,0.971525,7.370916,246.823502
9.4701481,0.008420,-0.098107,0.970574,0.975556,5.792985,274.905151
9.4895525,0.014277,-0.109943,1.008767,1.014841,6.271792,277.398773
9.5089588,-0.031482,-0.115922,0.976187,0.983550,7.015065,254.806137
9.5283661,0.046491,-0.120559,1.017675,1.025845,7.236032,291.088013
9.5477724,-0.034899,-0.102012,0.952636,0.958718,6.457070,251.113907
9.5671816,0.002807,-0.106282,0.957883,0.963766,6.333542,271.512634
9.5865898,0.003905,-0.114946,0.998883,1.005483,6.568144,271.945618
9.6059961,-0.036973,-0.117631,0.954345,0.962278,7.361993,252.551270
9.6254025,0.013545,-0.114214,0.992050,0.998695,6.613104,276.763092
9.6448097,-0.034533,-0.102378,0.950440,0.956562,6.485492,251.360428
9.6642151,-0.025869,-0.115312,0.965571,0.972776,6.977832,257.355682
9.6836195,0.002929,-0.124708,0.975699,0.983641,7.285696,271.345245
9.7030268,-0.010250,-0.105916,0.961544,0.967414,6.315034,264.472473
9.7224350,-0.022818,-0.116044,0.956907,0.964188,7.045590,258.875580
9.7418442,-0.004393,-0.099205,0.935919,0.941173,6.056507,267.464569
9.7612524,-0.022574,-0.114580,0.974723,0.981694,6.832108,258.854431
9.7806578,-0.015497,-0.123366,0.954955,0.963015,7.418175,262.840118
9.8000650,-0.018548,-0.103232,0.971916,0.977559,6.159247,259.814392
9.8194714,-0.072848,-0.117997,0.918470,0.928879,8.585792,238.309921
9.8388786,-0.011226,-0.098717,0.999615,1.004541,5.676060,263.512146
9.8582821,-0.047101,-0.131663,0.976187,0.986152,8.151939,250.315903
9.8776875,-0.051128,-0.108479,0.973747,0.981103,7.021019,244.764740
9.8970928,-0.027699,-0.111529,0.974357,0.981110,6.726482,256.052277
9.9164972,-0.051372,-0.109577,0.978139,0.985598,7.053131,244.881897
9.9359016,-0.026723,-0.120437,0.966547,0.974388,7.273675,257.489624
9.9553051,-0.026967,-0.119217,0.981312,0.988895,7.100008,257.254059
9.9747124,-0.045149,-0.102012,0.953003,0.959510,6.676528,246.126602
9.9941187,-0.057107,-0.098107,0.968134,0.974766,6.687622,239.796768
10.0135241,0.002440,-0.124220,1.002422,1.010092,7.065414,271.125519
10.0329294,-0.071018,-0.124098,0.962154,0.972720,8.452615,240.218735
10.0523367,-0.032336,-0.106526,0.953369,0.959846,6.660323,253.114288
10.0717421,-0.023917,-0.104452,0.973625,0.979503,6.280571,257.103180
10.0911474,-0.051982,-0.123000,0.975333,0.984431,7.795885,247.090149
10.1105528,-0.016229,-0.123732,0.970940,0.978927,7.323863,262.527527
10.1299572,-0.062964,-0.099083,0.916884,0.924369,7.296379,237.565353
10.1493607,-0.013545,-0.110675,0.944705,0.951262,6.731292,263.022766
10.1687660,-0.036119,-0.117753,0.992782,1.000393,7.072130,252.947357
10.1881723,-0.041854,-0.115556,0.943729,0.951698,7.419921,250.089798
10.2075768,-0.034411,-0.095056,0.953857,0.959199,6.049803,250.099609
10.2269831,-0.061378,-0.105672,0.934333,0.942291,7.451587,239.850632
10.2463875,-0.018792,-0.125440,1.005717,1.013684,7.188128,261.480133
10.2657919,-0.049908,-0.115434,0.949830,0.958119,7.542309,246.618912
10.2851973,-0.030994,-0.097741,0.967767,0.973184,6.048053,252.405991
10.3046017,-0.043318,-0.110919,0.973014,0.980274,6.977186,248.667419
10.3240070,-0.025869,-0.130443,1.003154,1.011930,7.551383,258.782867
10.3434105,-0.040634,-0.109333,0.968011,0.975013,6.870669,249.612320
10.3628149,-0.038803,-0.097619,0.951050,0.956834,6.303069,248.322174
10.3822212,-0.042342,-0.125196,1.000592,1.009282,7.524335,251.314117
10.4016256,-0.047833,-0.125806,0.997175,1.006217,7.686969,249.182526
10.4210300,-0.034655,-0.093104,0.957761,0.962900,5.921854,249.583984
10.4404354,-0.065038,-0.115190,0.954833,0.963953,7.887572,240.550125
10.4598389,-0.040756,-0.122878,1.011208,1.019461,7.295599,251.650436
10.4792433,-0.038315,-0.126660,0.969110,0.978102,7.775465,253.169189
10.4986477,-0.043806,-0.093958,0.946291,0.951953,6.251942,245.003479
10.5180521,-0.033434,-0.116288,0.967035,0.974576,7.131986,253.959366
10.5374575,-0.023062,-0.139717,0.983875,0.994013,8.190240,260.626953
10.5568628,-0.025259,-0.103354,0.932625,0.938674,6.508280,256.266571
10.5762691,-0.043318,-0.106282,0.959104,0.965946,6.823835,247.825302
10.5956726,-0.016595,-0.124220,0.979482,0.987467,7.291295,262.390625
10.6150780,-0.030140,-0.115312,0.986925,0.994096,6.885982,255.351974
10.6344833,-0.049053,-0.097497,0.917006,0.923478,6.787379,243.291702
10.6538868,-0.015375,-0.112628,1.031708,1.037951,6.287403,262.226532
10.6732903,-0.053568,-0.129345,0.950196,0.960454,8.381455,247.503067
10.6926937,-0.027699,-0.093348,0.969476,0.974353,5.735349,253.472687
10.7120953,-0.046125,-0.104574,0.967889,0.974614,6.734671,246.198990
10.7314997,-0.038071,-0.123732,0.997907,1.006269,7.391598,252.897278
10.7509031,-0.019280,-0.103720,0.946779,0.952639,6.358044,259.469910
10.7703075,-0.069431,-0.098839,0.930916,0.938720,7.392951,234.913147
10.7897129,-0.020866,-0.109699,0.988389,0.994677,6.445824,259.230347
10.8091173,-0.037583,-0.132883,0.973991,0.983732,8.069835,254.207596
10.8285217,-0.059791,-0.082366,0.931038,0.936585,6.238725,234.023132
10.8479261,-0.022574,-0.105428,0.969476,0.975453,6.345913,257.914307
10.8673296,-0.043928,-0.123366,0.985461,0.994124,7.569423,250.400055
10.8867321,-0.044783,-0.097741,0.908220,0.914561,6.751017,245.383820
10.9061346,-0.049175,-0.092250,0.949098,0.954838,6.285501,241.939316
10.9255371,-0.051372,-0.124464,0.983630,0.992804,7.794777,247.571854
10.9449406,-0.054911,-0.101157,0.946047,0.953023,6.936726,241.505890
10.9643450,-0.047589,-0.087979,0.922131,0.927540,6.190742,241.590363
10.9837494,-0.074922,-0.113726,0.994979,1.004256,7.793896,236.623169
11.0031548,-0.040024,-0.124342,0.947023,0.955990,7.853355,252.157455
11.0225601,-0.079681,-0.088345,0.941166,0.948656,7.204403,227.951630
11.0419655,-0.050274,-0.105916,0.976797,0.983808,6.844297,244.608444
11.0613728,-0.035143,-0.128491,0.995589,1.004461,7.620919,254.703445
11.0807791,-0.055277,-0.097741,0.938970,0.945660,6.819465,240.509964
11.1001825,-0.028431,-0.111895,0.999860,1.006503,6.586629,255.743439
11.1195850,-0.029164,-0.139473,1.020604,1.030502,7.947841,258.189667
11.1389894,-0.035997,-0.114824,0.956419,0.963960,7.171132,252.593979
11.1583948,-0.002440,-0.090297,0.989732,0.993845,5.214775,268.451843
11.1777973,-0.026845,-0.141547,1.012672,1.022869,8.096988,259.261108
11.1972008,-0.007809,-0.114580,0.958372,0.965228,6.833399,266.100891
11.2166052,-0.018914,-0.084684,0.950074,0.954028,5.218381,257.410004
11.2360096,-0.013423,-0.133738,0.993148,1.002202,7.707418,264.268707
11.2554140,0.025137,-0.119705,0.949708,0.957552,7.338877,281.859222
11.2748194,-0.038193,-0.091762,0.944095,0.949312,6.009880,247.401779
11.2942257,-0.011592,-0.135324,0.982166,0.991513,7.873250,265.103851
11.3136320,0.070407,-0.119461,0.972160,0.982000,8.117717,300.514130
11.3330355,-0.053324,-0.092860,0.902607,0.908937,6.765701,240.133652
11.3524399,0.023673,-0.137642,1.009011,1.018631,7.880576,279.758606
11.3718443,0.032336,-0.104452,0.920666,0.927137,6.773002,287.201447
11.3912477,-0.053568,-0.095422,0.927866,0.934296,6.726249,240.690964
11.4106522,0.023795,-0.137642,0.999738,1.009449,7.953939,279.807922
11.4300547,-0.001830,-0.099205,0.926035,0.931336,6.115710,268.942993
11.4494572,-0.069797,-0.113726,0.920666,0.930286,8.246693,238.461151
11.4688616,0.027699,-0.133494,1.003032,1.012256,7.740502,281.722260
11.4882641,-0.073702,-0.087369,0.881375,0.888756,7.389314,229.849838
11.5076685,-0.034167,-0.142523,1.016577,1.027087,8.203893,256.519104
11.5270729,-0.036607,-0.123000,0.956175,0.964749,7.644188,253.425995
11.5464783,-0.065893,-0.111773,0.950684,0.959498,7.771779,239.479813
11.5658827,-0.022330,-0.139473,1.005229,1.015104,7.998486,260.903870
11.5852861,-0.061866,-0.097741,0.912125,0.919430,7.227622,237.667877
11.6046906,-0.049541,-0.131053,0.986925,0.996820,8.079779,249.292099
11.6240940,-0.045027,-0.123000,0.976675,0.985419,7.638384,249.893768
11.6434984,-0.067601,-0.098839,0.924693,0.932414,7.378632,235.629807
11.6629009,-0.039292,-0.151553,1.033538,1.045329,8.613860,255.465546
11.6823044,-0.073946,-0.101645,0.925181,0.933681,7.736977,233.964447
11.7017088,-0.064306,-0.136178,0.990586,1.001968,8.644451,244.722275
11.7211113,-0.051616,-0.140693,0.998517,1.009701,8.535502,249.853470
11.7405138,-0.072360,-0.087857,0.926890,0.933852,7.000705,230.524750
11.7599182,-0.058449,-0.163755,1.012672,1.027490,9.742554,250.356995
11.7793207,-0.051982,-0.106404,0.936529,0.943987,7.206745,243.963013
11.7987251,-0.034655,-0.133860,0.956785,0.966725,8.223327,255.485489
11.8181276,-0.045393,-0.136666,0.957883,0.968648,8.549756,251.626465
11.8375311,-0.021110,-0.110431,0.914931,0.921813,7.005635,259.177887
11.8569336,-0.038803,-0.149601,0.999127,1.011010,8.793167,255.459061
11.8763361,-0.015863,-0.106038,0.933235,0.939374,6.553917,261.491791
11.8957405,-0.027699,-0.158996,0.968866,0.982216,9.457334,260.117493
11.9151449,-0.032946,-0.131297,0.966669,0.976101,7.971566,255.913651
11.9345522,-0.004393,-0.144476,0.953613,0.964505,8.618920,268.258423
11.9539585,-0.056863,-0.140327,0.977407,0.989065,8.805691,247.941345
11.9733648,0.001342,-0.132639,0.931282,0.940682,8.106341,270.579803
11.9927683,-0.020500,-0.170711,0.982288,0.997222,9.928324,263.152374
12.0121737,-0.072360,-0.130321,0.929574,0.941450,9.110115,240.959061
12.0315800,0.024161,-0.179130,0.993514,1.009823,10.311183,277.681549
12.0509863,-0.082732,-0.145208,0.954223,0.968747,9.934007,240.327759
12.0703917,-0.002562,-0.173029,0.970574,0.985880,10.109314,269.151520
12.0897970,-0.057961,-0.158996,0.994491,1.008787,9.657465,249.971008
12.1092033,-0.012934,-0.142035,0.972526,0.982929,8.343061,264.796692
12.1286087,-0.035509,-0.189624,0.968988,0.988006,11.260053,259.393707
12.1480150,-0.030140,-0.118119,0.958250,0.965972,7.249900,255.685562
12.1674213,0.011714,-0.193163,0.942753,0.962409,11.599908,273.470428
12.1868286,-0.059547,-0.136788,0.942387,0.954122,8.995734,246.475281
12.2062359,0.018426,-0.176568,0.925181,0.942060,10.862070,275.957458
12.2256432,-0.056009,-0.175958,0.954589,0.972285,10.948141,252.343307
12.2450476,-0.018181,-0.175226,0.899190,0.916285,11.084787,264.076172
12.2644539,-0.043928,-0.202437,0.979482,1.001147,11.941393,257.756744
12.2838602,-0.050884,-0.170223,0.914443,0.931542,10.994885,253.357300
12.3032665,-0.035997,-0.226353,0.972160,0.998813,13.265875,260.963928
12.3226728,-0.082488,-0.186208,0.936895,0.958776,12.264050,246.107224
12.3420801,-0.035875,-0.227330,0.945681,0.973282,13.677739,261.032104
12.3614845,-0.074922,-0.199020,0.988999,1.011604,12.135019,249.370850
12.3808918,-0.039414,-0.229282,0.918714,0.947713,14.210229,260.246185
12.4002972,-0.051128,-0.228672,0.999127,1.026236,13.198617,257.396759
12.4197044,-0.044661,-0.197556,0.915907,0.938035,12.469543,257.261536
12.4391117,-0.039902,-0.255395,0.968622,1.002520,14.942126,261.120178
12.4585199,-0.047101,-0.205853,0.943729,0.967067,12.613008,257.112091
12.4779272,-0.029530,-0.249416,0.959348,0.991680,14.670808,263.247894
12.4973316,-0.057107,-0.222205,0.967279,0.994115,13.343206,255.586823
12.5167370,-0.024893,-0.242338,0.945315,0.976201,14.451050,264.135193
12.5361433,-0.072238,-0.225743,0.961788,0.990563,13.843907,252.255325
12.5555515,-0.006955,-0.244535,0.938726,0.970078,14.606525,268.370758
12.5749588,-0.076143,-0.256615,0.938604,0.976026,15.917227,253.473373
12.5943661,-0.017449,-0.226841,0.960324,0.986906,13.328282,265.601288
12.6137733,-0.042098,-0.269428,0.932991,0.972026,16.292706,261.119354
12.6331787,-0.035997,-0.216836,0.958982,0.983849,12.909482,260.574280
12.6525850,0.010006,-0.281386,0.920666,0.962759,17.005003,272.036560
12.6719913,-0.079925,-0.256005,0.972404,1.008710,15.418968,252.661530
12.6913977,0.020744,-0.265889,0.933967,0.971299,15.936840,274.461029
12.7108059,-0.028431,-0.263815,1.000226,1.034823,14.857336,263.848938
12.7302122,-0.050518,-0.251734,0.906390,0.942053,15.815835,258.652679
12.7496185,-0.015131,-0.296883,0.996687,1.040074,16.607540,267.082397
12.7690268,-0.036973,-0.247707,0.927134,0.960366,15.116809,261.510651
12.7884350,-0.059669,-0.303716,0.971184,1.019315,17.677380,258.884979
12.8078413,-0.013667,-0.271136,0.942020,0.980359,16.076405,267.114441
12.8272495,-0.053568,-0.303960,0.934333,0.983992,18.280285,260.005127
12.8466568,-0.042220,-0.295053,0.943729,0.989678,17.527681,261.856628
12.8660650,-0.016595,-0.289561,0.898702,0.944345,17.886360,266.719879
12.8854733,-0.061622,-0.332880,0.957029,1.015141,19.480490,259.512268
12.9048805,-0.016717,-0.300788,0.913223,0.961628,18.256567,266.818878
12.9242878,-0.041610,-0.342276,0.938726,1.000045,20.168358,263.068634
12.9436941,-0.036973,-0.327511,0.937750,0.993984,19.365057,263.559082
12.9631023,-0.029408,-0.326413,0.917372,0.974156,19.659464,264.851929
12.9825096,-0.038681,-0.347645,0.978017,1.038687,19.679684,263.650970
13.0019159,-0.041976,-0.319701,0.881863,0.938964,20.084473,262.519989
13.0213223,-0.018181,-0.363996,0.988145,1.053212,20.245064,267.140472
13.0407286,-0.059059,-0.335442,0.918714,0.979819,20.341619,260.014618
13.0601349,-0.031970,-0.363874,0.929452,0.998653,21.454870,264.978851
13.0795422,-0.022086,-0.352770,0.980336,1.042109,19.826778,266.417511
13.0989494,-0.046979,-0.341421,0.880033,0.945110,21.386309,262.165405
13.1183558,-0.014033,-0.369121,1.006449,1.072094,20.154160,267.822876
13.1377630,-0.029530,-0.324582,0.881985,0.940278,20.280947,264.801697
13.1571712,-0.007199,-0.358017,0.953369,1.018400,20.586378,268.847992
13.1765766,-0.028675,-0.355942,0.949342,1.014282,20.613817,265.394073
13.1959829,-0.015009,-0.339225,0.883327,0.946343,21.027090,267.466614
13.2153902,-0.005735,-0.364972,1.018163,1.081616,19.723022,269.099731
13.2347975,-0.051006,-0.338005,0.859777,0.925238,21.681860,261.418671
13.2542028,-0.007443,-0.365826,0.986681,1.052342,20.346846,268.834381
13.2736101,-0.044172,-0.333612,0.925059,0.984369,19.990683,262.457520
13.2930164,-0.025381,-0.320067,0.909806,0.964798,19.438019,265.466003
13.3124237,-0.044783,-0.351183,1.010598,1.070814,19.306099,262.732910
13.3318300,-0.040512,-0.310916,0.883083,0.937094,19.547701,262.576294
13.3512373,-0.031238,-0.347767,1.014746,1.073139,18.987959,264.867218
13.3706446,-0.054788,-0.329707,0.917860,0.976819,20.008526,260.565186
13.3900518,0.000122,-0.335930,0.950318,1.007945,19.468115,270.020813
13.4094601,-0.045149,-0.342032,0.955809,1.016167,19.846996,262.480347
13.4288645,-0.021232,-0.307987,0.907976,0.959024,18.778381,266.056366
13.4482718,-0.011958,-0.335930,0.973991,1.030364,19.040537,267.961273
13.4676790,-0.046735,-0.290904,0.904559,0.951334,18.041513,260.873169
13.4870882,-0.001830,-0.315552,0.967279,1.017451,18.068005,269.667664
13.5064955,-0.056253,-0.288463,0.940434,0.985288,17.354652,258.965332
13.5259027,0.005003,-0.275041,0.950806,0.989800,16.136147,271.042084
13.5453129,-0.052836,-0.276871,0.958738,0.999313,16.383261,259.195984
13.5647211,-0.030018,-0.234895,0.945315,0.974524,14.063426,262.717529
13.5841274,-0.035509,-0.260764,0.953247,0.988907,15.433656,262.245605
13.6035347,-0.029774,-0.217080,0.978017,1.002262,12.627856,262.190277
13.6229410,-0.031360,-0.231844,0.921154,0.950400,14.250726,262.296753
13.6423512,-0.051616,-0.214273,1.000836,1.024817,12.419336,256.456146
13.6617594,0.001708,-0.239776,0.910294,0.941345,14.757155,270.408203
13.6811666,-0.060646,-0.201583,1.003886,1.025720,11.842919,253.256226
13.7005749,0.009762,-0.211711,0.918836,0.942961,12.988488,272.640015
13.7199831,-0.070530,-0.182181,0.995101,1.014095,11.106987,248.836578
13.7393894,0.024893,-0.136422,0.947390,0.957485,8.327560,280.340912
13.7587976,-0.070041,-0.128003,0.982898,0.993670,8.443944,241.313065
13.7782021,0.025259,-0.118241,0.967157,0.974686,7.125822,282.058411
13.7976084,-0.080657,-0.114946,0.972282,0.982370,8.218097,234.942719
13.8170147,0.035143,-0.099693,0.970086,0.975828,6.218706,289.418030
13.8364220,-0.089321,-0.099083,0.946047,0.955406,8.026269,227.966049
13.8558283,0.030140,-0.099937,0.970330,0.975928,6.139992,286.782654
13.8752346,-0.074068,-0.105916,0.952392,0.961122,7.728169,235.034561
13.8946409,0.010616,-0.108601,0.952148,0.958381,6.537711,275.583099
13.9140472,-0.066747,-0.095788,0.971672,0.978661,6.851458,235.130630
13.9334545,0.015009,-0.102622,0.933845,0.939586,6.337349,278.320770
13.9528637,-0.077973,-0.092982,0.994857,1.002230,6.954348,230.017380
13.9722700,0.012568,-0.090785,0.909684,0.914290,5.753194,277.881989
13.9916782,-0.054300,-0.091518,1.014990,1.020553,5.985170,239.317932
14.0110874,-0.021720,-0.100303,0.884181,0.890118,6.620750,257.781525
14.0304966,-0.015131,-0.083586,1.033050,1.036536,4.700696,259.739319
14.0499067,-0.032336,-0.101279,0.884547,0.890914,6.853662,252.292908
14.0693130,-0.020134,-0.090297,1.035978,1.040101,5.103115,257.430206
14.0887222,-0.013667,-0.104452,0.892601,0.898796,6.730767,262.545685
14.1081305,-0.016961,-0.090663,1.050377,1.054419,5.018368,259.403625
14.1275387,-0.030384,-0.102744,0.879178,0.885683,6.948140,253.525757
14.1469488,0.013057,-0.089931,1.066606,1.070470,4.869771,278.260681
14.1663570,-0.053324,-0.100791,0.857824,0.865370,7.571756,242.118668
14.1857643,0.020134,-0.075044,1.071853,1.074666,4.146049,285.018372
14.2051725,-0.055765,-0.088833,0.852821,0.859247,7.011401,237.881561
14.2245789,0.024161,-0.082976,1.062335,1.065845,4.650800,286.234314
14.2439871,-0.062110,-0.104818,0.862095,0.870662,8.044202,239.351166
14.2633924,0.018548,-0.089565,1.052696,1.056662,4.965779,281.699707
14.2827988,-0.044294,-0.097985,0.872711,0.879311,7.024314,245.674423
14.3022041,0.000000,-0.091518,1.056234,1.060192,4.951991,270.000000
14.3216114,-0.041244,-0.101157,0.862583,0.869473,7.217816,247.818283
14.3410196,0.019524,-0.088589,1.069047,1.072889,4.850221,282.428497
14.3604250,-0.073702,-0.097131,0.866244,0.874783,8.011997,232.808990
14.3798313,0.023062,-0.074068,1.059895,1.062730,4.186100,287.294891
14.3992376,-0.060158,-0.101279,0.883327,0.891147,7.596002,239.290710
14.4186449,-0.009274,-0.075654,1.057333,1.060076,4.123171,263.011505
14.4380503,-0.055765,-0.107381,0.883693,0.891938,7.796565,242.556320
14.4574575,-0.011714,-0.072726,1.064044,1.066591,3.960223,260.849731
14.4768658,-0.062598,-0.106892,0.880277,0.888950,8.010086,239.646057
14.4962740,-0.028553,-0.067479,1.063312,1.065833,3.941934,247.064529
14.5156784,-0.025869,-0.096154,0.892357,0.897895,6.366981,254.941940
14.5350857,-0.061744,-0.063574,1.048181,1.051921,4.832821,225.836777
14.5544930,-0.022330,-0.100547,0.906268,0.912102,6.483829,257.478546
14.5738993,-0.054422,-0.066625,1.036223,1.039787,4.745779,230.756332
14.5933046,-0.014277,-0.091884,0.920178,0.924865,5.770271,261.168091
14.6127081,-0.062110,-0.078339,1.012916,1.017838,5.636699,231.591400
14.6321144,0.003539,-0.081756,0.943851,0.947392,4.955194,272.478424
14.6515217,-0.069187,-0.088101,0.999249,1.005509,6.396416,231.856796
14.6709299,0.010128,-0.067967,0.931771,0.934301,4.217887,278.475433
14.6903362,-0.040878,-0.105062,1.017553,1.023779,6.321985,248.739868
14.7097425,-0.026845,-0.045637,0.920300,0.921822,3.292712,239.534454
14.7291479,-0.005613,-0.108967,1.009133,1.015015,6.171077,267.051208
14.7485514,-0.025137,-0.062964,0.954833,0.957237,4.061389,248.236893
14.7679567,-0.015375,-0.087735,0.947023,0.951203,5.373120,260.060211
14.7873621,-0.006223,-0.083220,1.027803,1.031185,4.641905,265.723389
14.8067675,-0.015375,-0.046369,0.897604,0.898932,3.115207,251.655563
14.8261700,-0.004393,-0.095422,1.033172,1.037578,5.282385,267.364197
14.8455734,-0.007077,-0.066015,0.939214,0.941558,4.043509,263.880768
14.8649788,-0.011592,-0.058693,0.943363,0.945258,3.628765,258.827576
14.8843822,-0.006345,-0.077363,1.033050,1.035962,4.297101,265.311157
14.9037867,-0.001464,-0.057473,0.903827,0.905654,3.639649,268.540558
14.9231930,-0.024283,-0.049419,0.998151,0.999669,3.157465,243.832443
14.9425993,-0.005369,-0.077363,0.997541,1.000551,4.445190,266.029999
14.9620066,-0.018426,-0.051372,0.927622,0.929226,3.367088,250.268616
14.9814110,-0.027943,-0.026845,0.977773,0.978541,2.269434,223.851685
15.0008192,-0.016473,-0.068089,0.971184,0.973707,4.125687,256.399445
15.0202274,-0.012812,-0.066259,0.980824,0.983143,3.936068,259.055786
15.0396357,-0.042220,-0.035387,0.949220,0.950817,3.321484,219.968063
15.0590420,-0.004271,-0.051006,0.991806,0.993126,2.954196,265.213684
15.0784483,-0.025869,-0.073336,0.995955,0.998986,4.464667,250.569946
15.0978565,-0.030384,-0.032336,0.957517,0.958545,2.653210,226.782944
15.1172638,-0.022574,-0.038681,0.952515,0.953567,2.692028,239.732330
15.1366711,-0.032458,-0.043440,0.997663,0.999136,3.111183,233.233246
15.1560783,-0.009030,-0.039902,0.965571,0.966437,2.426161,257.248749
15.1754856,-0.038193,-0.029164,0.960568,0.961769,2.863959,217.364563
15.1948919,-0.010494,-0.011836,0.932625,0.932759,0.971564,228.439880
15.2142963,-0.020256,-0.019646,0.962154,0.962568,1.679929,224.123993
15.2337027,-0.007687,-0.030018,0.940678,0.941188,1.886682,255.635422
15.2531090,-0.017083,-0.016717,0.973503,0.973796,1.406391,224.379486
15.2725153,-0.027821,-0.018914,0.927500,0.928110,2.077354,214.208832
15.2919188,-0.008786,-0.020134,0.954589,0.954842,1.318341,246.425293
15.3113241,-0.009396,-0.031604,0.963863,0.964426,1.959147,253.442932
15.3307304,0.001952,-0.022452,0.958250,0.958515,1.347120,274.969727
15.3501368,-0.005491,-0.031116,0.965327,0.965844,1.874819,259.992035
15.3695412,-0.009274,-0.039902,0.974113,0.974974,2.408103,256.915833
15.3889494,0.011348,-0.015497,0.961544,0.961736,1.144321,306.214691
15.4083548,0.000122,-0.007932,0.988511,0.988543,0.459701,270.881409
15.4277611,-0.020744,-0.021110,0.943241,0.943705,1.797221,225.501114
15.4471655,0.052348,-0.018914,1.010231,1.011764,3.153619,340.134949
15.4665728,-0.031970,-0.013301,0.972160,0.972777,2.039896,202.588806
15.4859800,0.012568,-0.014277,0.973380,0.973566,1.119600,311.358826
15.5053883,0.017449,-0.000732,0.988999,0.989154,1.011624,357.597382
15.5247946,-0.001708,0.012934,0.921398,0.921491,0.811324,97.523819
15.5441999,0.026479,0.010860,0.975455,0.975875,1.680628,22.300409
15.5636063,-0.008298,0.026967,0.930428,0.930856,1.736974,107.102730
15.5830126,0.029286,0.031116,0.940068,0.941039,2.602561,46.735706
15.6024170,0.018670,-0.001098,0.938360,0.938546,1.141924,356.633545
15.6218224,-0.018181,0.006589,0.979726,0.979917,1.130731,160.078659
15.6412296,-0.003417,-0.004637,0.979848,0.979865,0.336882,233.615646
15.6606379,-0.006589,0.007932,0.983752,0.983806,0.600683,129.718750
15.6800442,-0.046003,-0.004271,0.984851,0.985934,2.685840,185.304031
15.6994514,-0.029652,0.010128,0.968866,0.969372,1.852240,161.141693
15.7188587,-0.029530,0.026357,0.989488,0.990279,2.290722,138.249115
15.7382660,-0.035143,-0.005491,0.972648,0.973298,2.094337,188.880661
15.7576723,-0.043928,-0.023795,1.022678,1.023897,2.796664,208.442932
15.7770786,-0.009640,0.038925,0.989976,0.990788,2.319675,103.909386
15.7964859,-0.057717,0.038071,0.998517,1.000908,3.961211,146.590378
15.8158922,-0.020378,0.011958,0.919812,0.920116,1.471400,149.594467
15.8352976,0.024161,0.046247,0.991562,0.992934,3.012269,62.416199
15.8547020,-0.118851,0.027211,0.904437,0.912619,7.677670,167.104233
15.8741083,0.013667,0.036363,0.960324,0.961109,2.316466,69.401825
15.8935127,-0.039658,0.019280,0.991806,0.992786,2.545606,154.073120
15.9129190,-0.131785,0.004271,0.906512,0.916051,8.275761,178.143845
15.9323254,0.013179,0.024893,1.008157,1.008551,1.600344,62.102726
15.9517317,-0.126660,-0.009640,0.958738,0.967116,7.547380,184.352264
15.9711380,-0.094202,-0.012080,0.953857,0.958573,5.686100,187.307632
15.9905434,-0.047467,-0.005979,0.999982,1.001125,2.739097,187.179398
16.0099506,-0.108967,-0.087369,0.961422,0.971514,8.265648,218.722351
16.0293560,-0.018304,-0.127148,1.020848,1.028898,7.172116,261.808319
16.0487633,-0.027943,-0.119461,1.035734,1.042975,6.755344,256.834534
16.0681705,-0.041000,-0.162413,1.013648,1.027396,9.383514,255.832153
16.0875778,-0.018181,-0.180229,1.103213,1.117986,9.324513,264.239471
16.1069832,-0.049541,-0.185720,1.086130,1.103007,10.035797,255.063904
16.1263885,-0.012568,-0.180961,1.183261,1.197084,8.715710,266.026978
16.1457939,-0.024283,-0.195970,1.183749,1.200106,9.470647,262.936462
16.1652012,-0.032214,-0.213785,1.227067,1.245968,9.992434,261.430847
16.1846066,-0.036607,-0.221350,1.206201,1.226889,10.536778,260.609406
16.2040119,-0.022940,-0.180595,1.175207,1.189223,8.805401,262.760651
16.2234154,0.027455,-0.186818,1.183871,1.198835,9.062215,278.360504
16.2428207,-0.046125,-0.178276,1.102847,1.118115,9.479423,255.494125
16.2622261,0.043074,-0.140205,1.096868,1.106631,7.616359,287.078186
16.2816315,0.063574,-0.094568,1.069291,1.075345,6.082861,303.911285
16.3010368,-0.047345,-0.096643,0.948000,0.954088,6.476476,243.899811
16.3204441,0.146550,-0.031116,0.998273,1.009453,8.535042,348.012787
16.3398495,0.032580,-0.039047,0.878080,0.879552,3.314639,309.840790
16.3592567,0.027211,-0.018426,0.937506,0.938081,2.007596,325.896881
16.3786621,0.071628,0.010982,0.947634,0.950400,4.372824,8.716822
16.3980675,-0.009884,0.015253,0.884547,0.884734,1.177028,122.943237
16.4174747,0.011958,0.020256,0.864414,0.864734,1.558716,59.444035
16.4368801,-0.023551,0.042952,0.830735,0.832178,3.374580,118.735756
16.4562855,-0.008054,0.062964,0.804988,0.807487,4.508673,97.288956
16.4756908,-0.002074,0.046247,0.883327,0.884539,3.000027,92.568275
16.4950981,-0.041732,0.079071,0.792176,0.797205,6.439372,117.824097
16.5145035,0.008664,0.076143,0.708224,0.712358,6.175714,83.508682
16.5339108,-0.061256,0.072116,0.682477,0.689005,7.893294,130.344833
16.5533180,0.005247,0.117875,0.758009,0.767137,8.847621,87.451248
16.5727253,-0.051372,0.045027,0.794250,0.797182,4.915777,138.765930
16.5921326,-0.073092,0.073702,0.827196,0.833684,7.152340,134.761871
16.6115398,-0.070041,0.084928,0.851601,0.858687,7.365670,129.512833
16.6309452,-0.072726,0.067845,0.812676,0.818739,6.977354,136.988632
16.6503525,-0.084562,0.043196,0.983997,0.988568,5.512031,152.941025
16.6697617,-0.139595,0.083952,0.919812,0.934125,10.042692,148.977356
16.6891708,-0.017449,0.006711,1.032928,1.033097,1.036843,158.962494
16.7085800,-0.087125,-0.004149,1.121639,1.125025,4.446644,182.726303
16.7279892,-0.054178,-0.013545,1.241222,1.242478,2.576179,194.036240
16.7473965,-0.054788,-0.003905,1.269165,1.270353,2.478124,184.076553
16.7668037,-0.065405,0.021598,1.303698,1.305516,3.024333,161.725540
16.7862110,-0.048199,-0.001952,1.329445,1.330320,2.078013,182.319580
16.8056183,-0.042830,-0.010982,1.371665,1.372377,1.846314,194.381393
16.8250256,-0.031970,-0.000854,1.353117,1.353495,1.353930,181.530441
16.8444347,0.001586,-0.014399,1.322245,1.322325,0.627450,276.286896
16.8638401,-0.047589,-0.025137,1.292594,1.293714,2.384252,207.843246
16.8832493,0.028065,-0.042342,1.251106,1.252137,2.325068,303.537384
16.9026546,0.069797,-0.108845,1.221454,1.228279,6.042735,302.670258
16.9220619,-0.028309,-0.015497,1.171791,1.172235,1.577560,208.696915
16.9414673,0.045881,-0.017693,1.083812,1.084927,2.597818,338.911438
16.9608746,0.091151,-0.156678,1.057455,1.072878,9.726820,300.189819
16.9802837,0.053080,-0.031238,0.991928,0.993838,3.553028,329.522949
16.9996910,0.029774,-0.021232,0.896262,0.897007,2.336405,324.506775
17.0190964,0.079071,-0.090785,0.878568,0.886779,7.802755,311.054810
17.0385036,0.067113,-0.054300,0.832443,0.836908,5.920696,321.023987
17.0579128,0.006833,-0.052470,0.755081,0.756932,4.008536,277.420013
17.0773182,0.050152,-0.077119,0.762646,0.768174,6.877916,303.036621
17.0967255,0.023306,-0.053080,0.761060,0.763264,4.355950,293.705353
17.1161346,0.016351,-0.056741,0.716887,0.719315,4.708774,286.075500
17.1355400,0.000244,-0.076021,0.756301,0.760112,5.739927,270.183929
17.1549473,0.001830,-0.041610,0.747637,0.748796,3.188623,272.518707
17.1743546,-0.018914,-0.034655,0.771920,0.772929,2.927838,241.375412
17.1937618,-0.025381,-0.026967,0.784610,0.785484,2.702333,226.735703
17.2131672,-0.061988,-0.034533,0.815116,0.818199,4.975199,209.121597
17.2325745,-0.025747,-0.056863,0.849527,0.851817,4.202350,245.639481
17.2519779,-0.114336,-0.009396,0.885157,0.892561,7.384693,184.697845
17.2713833,-0.062720,0.014765,0.803890,0.806468,4.582660,166.753265
17.2907887,-0.027699,-0.021354,0.924449,0.925110,2.166634,217.629532
17.3101940,-0.127514,-0.004027,0.846842,0.856398,8.567266,181.808746
17.3295994,-0.020744,-0.009152,0.962642,0.962909,1.349297,203.805939
17.3490067,-0.035997,0.012202,0.938116,0.938885,2.320181,161.274216
17.3684139,-0.064550,-0.012568,0.950684,0.952956,3.957106,191.018036
17.3878174,0.005247,-0.016229,1.014990,1.015134,0.962662,287.916443
17.4072227,-0.060890,-0.012568,0.981068,0.983036,3.626174,191.662796
17.4266281,-0.034289,-0.009640,1.002056,1.002689,2.035671,195.702728
17.4460354,0.010372,-0.011348,1.001324,1.001442,0.879600,312.426636
17.4654427,-0.045637,-0.032824,0.988267,0.989865,3.255580,215.725632
17.4848499,-0.006223,-0.026845,1.007547,1.007924,1.566730,256.948334
17.5042572,0.000610,-0.031238,0.987657,0.988151,1.811862,271.118927
17.5236645,0.013056,-0.022574,0.987901,0.988245,1.512197,300.044159
17.5430717,-0.008176,-0.041488,0.954955,0.955891,2.535358,258.852203
17.5624752,0.020134,-0.032458,0.957029,0.957791,2.285504,301.811371
17.5818825,0.035387,-0.034777,0.933723,0.935040,3.041566,315.498199
17.6012897,0.023673,-0.062476,0.934211,0.936597,4.090554,290.752014
17.6206970,0.034167,-0.057595,0.976187,0.978481,3.924409,300.677277
17.6401043,-0.001098,-0.063574,0.937262,0.939416,3.881007,269.010345
17.6595097,0.031604,-0.081634,0.935553,0.939640,5.345478,291.163666
17.6789169,-0.009396,-0.078095,0.965571,0.968770,4.657198,263.139587
17.6983223,0.018792,-0.066381,0.947145,0.949655,4.166028,285.806183
17.7177296,0.018548,-0.083098,0.973625,0.977340,4.997751,282.582245
17.7371349,-0.017083,-0.095910,0.942142,0.947166,5.903554,259.900574
17.7565422,0.022574,-0.082000,0.990220,0.993865,4.909117,285.392090
17.7759476,-0.035387,-0.077973,0.932625,0.936547,5.245794,245.589828
17.7953548,-0.015009,-0.095544,0.973381,0.978174,5.674334,261.072479
17.8147602,-0.029774,-0.069675,0.945315,0.948347,4.582617,246.861984
17.8341675,-0.079315,-0.092006,0.919812,0.927799,7.523161,229.236389
17.8535748,-0.057839,-0.095788,0.936163,0.942827,6.816012,238.875504
17.8729839,-0.049541,-0.064550,0.958494,0.961941,4.852441,232.494278
17.8923912,-0.050396,-0.048321,0.812798,0.815791,4.909596,223.796188
17.9117966,-0.076509,-0.068943,0.821461,0.827892,7.146056,222.022537
17.9312038,-0.001342,-0.055643,0.873321,0.875093,3.646689,268.618134
17.9506092,-0.054911,-0.042830,0.844280,0.847147,4.715260,217.954239
17.9700165,0.001464,-0.014643,0.819143,0.819275,1.029266,275.710602
17.9894199,-0.050152,-0.036119,0.852455,0.854693,4.146757,215.761230
18.0088253,-0.004271,-0.030750,0.794982,0.795588,2.236334,262.092834
18.0282326,-0.018426,0.003661,0.878568,0.878769,1.224932,168.763062
18.0476379,-0.045881,-0.076875,0.784488,0.789580,6.510419,239.170181
18.0670414,0.070896,-0.030506,0.957762,0.960866,4.607129,336.718140
18.0864487,-0.053080,0.018792,0.886256,0.888043,3.635396,160.504868
18.1058559,0.042586,-0.060646,0.780584,0.784093,5.423108,305.077026
18.1252594,0.074922,-0.013911,0.979482,0.982441,4.448582,349.481781
18.1446667,-0.032946,-0.020866,0.790589,0.791551,2.824038,212.347443
18.1640739,0.017571,-0.013789,0.876006,0.876291,1.460453,321.877930
18.1834812,0.046003,-0.031848,0.911759,0.913474,3.511622,325.304840
18.2028885,-0.065527,-0.076143,0.963863,0.969083,5.949990,229.285477
18.2222919,-0.028065,-0.131907,0.934455,0.944136,8.212193,257.988525
18.2416992,-0.004149,-0.361799,1.151413,1.206925,17.444941,269.343018
18.2611027,-0.034167,-0.270160,1.162517,1.193984,13.183457,262.792175
18.2805080,-0.010738,-0.366070,1.330299,1.379789,15.392075,268.319794
18.2999153,-0.045515,-0.601697,1.584107,1.695142,20.852776,265.674164
18.3193226,0.109699,-0.853798,1.822175,2.015273,25.286573,277.321472
18.3387299,-0.072970,-0.691751,1.792035,1.922299,21.213999,263.978363
18.3581390,-0.064794,-0.468570,1.716381,1.780370,15.408021,262.126984
18.3775444,-0.017571,-0.294320,1.319927,1.352457,12.591971,266.583405
18.3969498,0.008786,-0.127514,1.375448,1.381374,5.309137,273.941437
18.4163570,-0.174982,-0.184621,0.856848,0.893808,16.534353,226.535553
18.4357662,-0.116410,-0.141425,1.143237,1.157818,9.102757,230.541397
18.4551735,-0.053324,0.052104,0.849771,0.853035,5.013994,135.663116
18.4745789,-0.209514,-0.009030,1.024508,1.045751,11.568190,182.467834
18.4939861,-0.073458,0.071994,0.676010,0.683789,8.651220,135.576782
18.5133934,0.069919,0.013789,0.780095,0.783344,5.219808,11.156015
18.5328026,-0.095544,0.006955,0.622929,0.630252,8.742736,175.836395
18.5522079,-0.030018,0.247952,0.562772,0.615705,23.931971,96.902802
18.5716152,0.012934,0.225987,0.558501,0.602628,22.062416,86.724228
18.5910225,0.030994,0.062842,0.342398,0.349494,11.565533,63.747307
18.6104317,0.004759,0.133494,0.722622,0.734865,10.473036,87.958328
18.6298389,0.050884,0.243193,0.567775,0.619758,23.634237,78.182358
18.6492443,0.041366,0.187794,0.573022,0.604427,18.550827,77.577667
18.6686535,0.046491,0.151675,0.509082,0.533227,17.308107,72.958832
18.6880608,0.112017,0.193285,0.689554,0.724839,17.951061,59.905762
18.7074661,-0.091762,0.150943,0.667468,0.690447,14.823576,121.296356
18.7268734,0.009274,0.213907,0.678694,0.711666,17.508951,87.517540
18.7462788,0.066869,0.164243,0.862583,0.880623,11.617270,67.847176
18.7656841,0.001342,0.115190,0.864048,0.871693,7.594090,89.332390
18.7850914,-0.040268,-0.041244,1.226945,1.228298,2.689772,225.686142
18.8044987,0.011226,-0.048687,1.395703,1.396597,2.050232,282.984131
18.8239059,0.008420,0.076875,1.445001,1.447069,3.063435,83.749657
18.8433132,-0.074800,-0.019524,1.503084,1.505071,2.944173,194.628479
18.8627205,-0.030872,-0.047955,1.778369,1.779283,1.836856,237.227951
18.8821278,0.017449,0.017205,1.951032,1.951186,0.719549,44.596516
18.9015369,0.030384,0.036973,1.641092,1.641790,1.670350,50.587246
18.9209423,-0.103842,0.002074,1.519923,1.523468,3.909210,178.855591
18.9403515,-0.016717,0.142157,1.355924,1.363458,6.026070,96.706985
18.9597588,-0.042586,-0.251978,1.008889,1.040752,14.214068,260.407257
18.9791660,-0.030872,-0.209514,1.308945,1.325966,9.190348,261.617798
18.9985714,-0.141303,0.007077,1.207909,1.216167,6.680492,177.132660
19.0179749,0.036851,-0.050152,1.014624,1.016531,3.510005,306.308197
19.0373802,0.037705,-0.214883,1.021458,1.044496,12.056269,279.952301
19.0567875,-0.081756,-0.068455,0.900288,0.906581,6.754676,219.939896
19.0761909,0.087491,-0.099327,0.845744,0.856039,8.895034,311.374725
19.0955963,0.061622,-0.151187,0.875274,0.890370,10.565817,292.175171
19.1150017,-0.098473,-0.054056,0.669298,0.678660,9.527658,208.764435
19.1344090,0.049419,-0.098229,0.687358,0.696097,9.088867,296.707214
19.1538124,0.071384,-0.107625,0.681012,0.693150,10.737956,303.554932
19.1732178,-0.090175,-0.097131,0.637816,0.651441,11.738849,227.126617
19.1926212,-0.003661,-0.073946,0.727503,0.731261,5.810856,267.165894
19.2120228,-0.014765,-0.086393,0.752884,0.757969,6.640064,260.301636
19.2314301,-0.055155,-0.063940,0.710542,0.715542,6.777287,229.219101
19.2508354,-0.046735,-0.068943,0.776313,0.780768,6.123847,235.867584
19.2702389,-0.007321,-0.073580,0.790711,0.794161,5.342471,264.317627
19.2896461,-0.057961,-0.048443,0.824390,0.827844,5.235400,219.888519
19.3090515,0.004149,-0.054422,0.871247,0.872955,3.584684,274.359406
19.3284588,-0.066625,-0.044172,0.885524,0.889124,5.158221,213.544525
19.3478622,-0.023428,-0.049664,0.893943,0.895628,3.515078,244.744659
19.3672657,-0.026357,-0.070652,1.004862,1.007688,4.291537,249.541611
19.3866730,-0.058327,-0.066137,0.947878,0.951971,5.315002,228.590317
19.4060783,-0.028065,-0.020134,1.045252,1.045823,1.892689,215.655319
19.4254818,-0.039047,-0.055521,0.999249,1.001552,3.885998,234.881409
19.4448872,-0.096276,-0.071994,0.934333,0.942035,7.331762,216.788483
19.4642944,0.016839,-0.039536,1.067461,1.068325,2.305286,293.070404
19.4836979,-0.128491,-0.108723,1.002544,1.016575,9.530463,220.236359
19.5031033,0.027211,-0.030384,1.015845,1.016663,2.299250,311.847076
19.5225086,0.014399,-0.064794,0.964107,0.966389,3.938406,282.528809
19.5419140,-0.041000,-0.104452,1.106752,1.112426,5.789330,248.568832
19.5613194,0.043684,-0.089321,1.017675,1.022521,5.580369,296.061920
19.5807266,-0.071628,-0.070530,0.954467,0.959746,6.012196,224.557388
19.6001320,0.053934,-0.103964,1.006327,1.013119,6.638499,297.419342
19.6195393,0.015009,-0.073580,0.963375,0.966297,4.457203,281.529053
19.6389446,-0.110431,-0.105184,0.937262,0.949588,9.241992,223.605972
19.6583538,0.044294,-0.135080,1.020359,1.030214,7.931400,288.154999
19.6777611,0.022818,-0.086026,0.928232,0.932489,5.476935,284.855530
19.6971684,-0.105794,-0.130687,0.979238,0.993568,9.743038,231.009003
19.7165756,0.021598,-0.111285,0.930550,0.937430,6.945683,280.983368
19.7359829,0.018548,-0.081634,0.934577,0.938319,5.118602,282.800568
19.7553902,-0.080535,-0.141669,0.961422,0.975135,9.620160,240.382828
19.7747955,0.020988,-0.114580,0.932869,0.940113,7.117613,280.380005
19.7942028,-0.022452,-0.107747,0.979970,0.986131,6.408084,258.229126
19.8136063,-0.049419,-0.123122,0.942021,0.951317,8.016529,248.130096
19.8330135,0.018914,-0.072116,0.916762,0.919788,4.649284,284.695831
19.8524189,-0.032824,-0.128247,1.010598,1.019231,7.462797,255.643524
19.8718262,-0.055399,-0.095178,0.884303,0.891134,7.098792,239.798401
19.8912334,0.030994,-0.099083,0.969232,0.974776,6.113819,287.370087
19.9106369,-0.049419,-0.110553,0.977163,0.984638,7.064442,245.914413
19.9300423,-0.015253,-0.083708,0.897604,0.901628,5.415043,259.673096
19.9494457,0.011592,-0.108967,1.032440,1.038239,6.058642,276.072449
19.9688530,-0.033312,-0.096154,0.912613,0.918269,6.362545,250.891525
19.9882584,0.020744,-0.080779,0.962642,0.966248,4.951555,284.402222
20.0076656,0.001952,-0.113360,0.973991,0.980567,6.639592,270.986694
20.0270691,-0.005979,-0.079559,0.923839,0.927278,4.935902,265.702118
20.0464745,0.034899,-0.107381,1.013526,1.019796,6.356687,288.004150
20.0658817,0.010982,-0.092372,0.946657,0.951217,5.612098,276.780090
20.0852890,-0.005125,-0.081024,0.959104,0.962534,4.838412,266.380676
20.1046925,0.034899,-0.110309,1.005839,1.012471,6.561692,287.555908
20.1241016,0.007321,-0.078583,0.928476,0.931824,4.858655,275.322754
20.1435089,-0.021720,-0.113116,0.981922,0.988655,6.690378,259.130524
20.1629143,-0.011958,-0.095788,0.958250,0.963099,5.752445,262.883972
20.1823177,0.009518,-0.094690,0.972038,0.976686,5.591702,275.739838
20.2017231,-0.057107,-0.118363,0.996687,1.005314,7.511440,244.243881
20.2211323,-0.004759,-0.081634,0.925669,0.929274,5.048302,266.663666
20.2405396,0.027211,-0.124952,1.043666,1.051471,6.985671,282.285675
20.2599430,-0.064306,-0.100791,0.910172,0.917991,7.483409,237.461533
20.2793465,0.044661,-0.083708,0.973503,0.978115,5.566410,298.081146
20.2987537,-0.022208,-0.115556,0.994613,1.001549,6.747210,259.121216
20.3181610,-0.042098,-0.077973,0.886378,0.890796,5.708907,241.635117
20.3375645,0.002318,-0.109821,1.047327,1.053071,5.987364,271.209412
20.3569717,-0.075899,-0.113970,0.906512,0.916795,8.589657,236.338257
20.3763790,-0.017083,-0.080169,0.975577,0.979014,4.802772,257.970764
20.3957863,-0.043440,-0.105550,0.987901,0.994473,6.590618,247.629852
20.4151917,-0.049541,-0.085172,0.924083,0.929321,6.086309,239.815063
20.4345970,-0.018181,-0.126538,1.032562,1.040445,7.057663,261.823486
20.4540043,-0.036119,-0.087613,0.931648,0.936456,5.808056,247.595795
20.4734116,-0.014399,-0.106770,0.987657,0.993516,6.225418,262.319580
20.4928169,-0.031482,-0.101035,0.994368,0.999984,6.074896,252.693268
20.5122242,-0.029530,-0.081634,0.917128,0.921227,5.407221,250.113220
20.5316315,-0.024771,-0.120803,1.024752,1.032145,6.861842,258.412109
20.5510387,-0.050640,-0.082488,0.913589,0.918702,6.047729,238.454010
20.5704441,-0.011104,-0.102012,0.967645,0.973071,6.053301,263.787720
20.5898495,-0.056009,-0.105428,0.962642,0.970017,7.069438,242.020523
20.6092567,-0.034045,-0.075532,0.926524,0.930220,5.109868,245.737625
20.6286621,-0.012812,-0.102744,0.988999,0.994405,5.976583,262.891724
20.6480656,-0.049786,-0.088955,0.921398,0.927020,6.313264,240.765533
20.6674709,-0.014521,-0.091396,0.963375,0.967809,5.487016,260.972382
20.6868782,-0.020012,-0.092006,0.946291,0.950964,5.682272,257.728912
20.7062836,-0.031604,-0.098473,0.930794,0.936522,6.340071,252.206390
20.7256889,-0.015619,-0.101157,1.024508,1.029609,5.705335,261.222687
20.7450962,-0.022696,-0.075044,0.925669,0.928984,4.841246,253.172638
20.7645035,0.003539,-0.122145,1.030609,1.037828,6.761816,271.659454
20.7839088,-0.036119,-0.087735,0.966425,0.971071,5.607032,247.623871
20.8033123,0.001586,-0.098839,0.974601,0.979601,5.791564,270.919495
20.8227196,-0.014643,-0.116898,1.029755,1.036473,6.526663,262.860260
20.8421268,-0.040390,-0.081390,0.928232,0.932668,5.590615,243.607010
20.8615322,0.005979,-0.118485,1.023898,1.030748,6.609189,272.888885
20.8809338,-0.055887,-0.096154,0.924205,0.930873,6.861785,239.834061
20.9003410,-0.016595,-0.097619,0.973381,0.978404,5.808528,260.351959
20.9197464,-0.042220,-0.112994,0.977651,0.985065,7.033691,249.511795
20.9391499,-0.065038,-0.079193,0.912247,0.917985,6.409461,230.604980
20.9585571,-0.030628,-0.127270,1.012306,1.020735,7.368174,256.468964
20.9779644,-0.035753,-0.076387,0.902485,0.906417,5.338912,244.917999
20.9973698,-0.067235,-0.113116,0.998761,1.007393,7.505586,239.273148
21.0167770,-0.062354,-0.101645,0.957395,0.964793,7.099814,238.473160
21.0361805,-0.015741,-0.096643,0.924205,0.929377,6.047696,260.748962
21.0555878,-0.066259,-0.112750,1.020848,1.029190,7.300197,239.558853
21.0749931,-0.041732,-0.087857,0.936285,0.941324,5.930818,244.592285
21.0944023,-0.070285,-0.140205,0.979726,0.992200,9.094810,243.375137
21.1138077,-0.069919,-0.096765,0.970940,0.978252,7.009610,234.149155
21.1332150,-0.046369,-0.127392,0.993636,1.002842,7.769279,249.999268
21.1526222,-0.157288,-0.208538,0.980214,1.014419,14.921265,232.974854
21.1720295,0.011470,-0.002807,0.908464,0.908541,0.744673,346.250946
21.1914349,0.048443,-0.067845,1.048547,1.051856,4.545666,305.527924
21.2108402,0.074434,-0.044783,0.962887,0.966797,5.155029,328.967224
21.2302475,-0.139473,-0.149357,0.869783,0.893466,13.221662,226.959930
21.2496567,-0.181815,-0.206952,0.991074,1.028646,15.533513,228.699478
21.2690639,-0.369975,-0.193041,1.023166,1.104995,22.188570,207.554108
21.2884693,-0.339103,-0.244291,1.020360,1.102634,22.273752,215.769089
21.3078785,0.061988,-0.083098,0.735435,0.742706,8.023921,306.721527
21.3272858,0.373392,-0.144110,1.070267,1.142655,20.503731,338.896027
21.3466930,0.628420,0.006467,1.028169,1.205025,31.434763,0.589625
21.3661003,0.312136,-0.170467,0.978872,1.041478,19.967484,331.359741
21.3855095,0.313600,-0.253809,1.056112,1.130547,20.907095,321.015411
21.4049206,0.075532,0.043318,0.905169,0.909348,5.494654,29.834515
21.4243279,-0.019646,0.157532,0.941288,0.954582,9.573085,97.108627
21.4437370,0.133128,-0.482358,0.937018,1.062259,28.103415,285.429138
21.4631462,0.208050,-0.196580,0.975455,1.016583,16.353449,316.623749
21.4825554,0.233309,0.064428,1.162151,1.187088,11.764805,15.437525
21.5019608,0.212321,-0.020256,1.631697,1.645577,7.447083,354.550354
21.5213718,0.045027,0.018304,1.769217,1.769884,1.573709,22.121939
21.5407810,0.230868,0.021232,1.445733,1.464204,9.110568,5.254493
21.5601883,0.401213,-0.047833,1.280391,1.342632,17.514183,353.201202
21.5795937,0.471132,0.020744,1.111145,1.207079,22.997192,2.521107
21.5989971,0.322752,0.010860,1.074904,1.122366,16.721910,1.927184
21.6184044,-0.052104,0.022330,0.938482,0.940192,3.456607,156.801407
21.6378117,-0.182303,0.032214,0.775092,0.796894,13.433161,169.978897
21.6572208,-0.119461,0.057351,0.575340,0.590404,12.970379,154.355179
21.6766300,-0.001464,0.006833,0.587543,0.587584,0.681275,102.094757
21.6960411,-0.038193,-0.004027,0.705539,0.706584,3.115773,186.018539
21.7154465,-0.112994,0.156190,0.735191,0.760045,14.692906,125.883385
21.7348557,-0.040634,0.377296,0.722256,0.815879,27.717716,96.146904
21.7542610,0.030506,0.536171,0.571314,0.784097,43.228699,86.743622
21.7736683,0.034533,0.456123,0.642331,0.788562,35.456135,85.670456
21.7930737,-0.034167,0.412927,0.647944,0.769095,32.597527,94.730011
21.8124809,-0.242338,0.524823,0.658926,0.876556,41.260254,114.785278
21.8318901,-0.491144,0.412683,0.764354,0.997881,40.005997,139.961395
21.8512993,-0.643917,0.310794,1.010598,1.237954,35.279415,154.235229
21.8707066,-0.611703,0.313478,1.173621,1.360087,30.356045,152.866333
21.8901157,-0.483457,0.382787,1.097722,1.259067,29.325256,141.628815
21.9095230,-0.201583,0.429888,0.769723,0.904386,31.668406,115.122749
21.9289284,-0.039170,0.505787,0.552522,0.750090,42.556793,94.428299
21.9483376,-0.085416,0.534218,0.576805,0.790815,43.165588,99.084152
21.9677448,-0.135934,0.523358,0.688944,0.875800,38.126896,104.559952
21.9871521,-0.052958,0.579611,0.719206,0.925208,38.981907,95.220528
22.0065594,0.033068,0.579489,0.648432,0.870267,41.832710,86.733978
22.0259666,-0.008908,0.593644,0.500662,0.776630,49.859871,90.859665
22.0453739,-0.078461,0.582052,0.453195,0.741839,52.344894,97.677238
22.0647812,-0.192065,0.572656,0.540930,0.810820,48.153339,108.541100
22.0841904,-0.288097,0.570337,0.662221,0.920229,43.976368,116.799927
22.1035976,-0.362165,0.464543,0.762524,0.963539,37.685455,127.940567
22.1230068,-0.376076,0.656486,0.871247,1.153897,40.970478,119.806778
22.1424141,-0.428058,0.713105,0.896384,1.222806,42.856930,120.975288
22.1618233,-0.526409,0.670518,1.022068,1.330911,39.830193,128.134659
22.1812325,-0.479552,0.626224,0.971672,1.251508,39.067787,127.444290
22.2006397,-0.356308,0.619757,0.809381,1.079885,41.452339,119.895294
22.2200470,-0.235383,0.629153,0.655510,0.938579,45.700722,110.512192
22.2394543,-0.094202,0.664173,0.520796,0.849252,52.175793,98.072617
22.2588615,-0.009030,0.688334,0.490656,0.845357,54.520416,90.751579
22.2782688,-0.016717,0.674301,0.570825,0.883631,49.759308,91.420181
22.2976780,-0.099693,0.608653,0.699072,0.932254,41.420666,99.302055
22.3170853,-0.176690,0.569849,0.683453,0.907224,41.118999,107.226791
22.3364925,-0.218422,0.593644,0.623295,0.888042,45.422272,110.200294
22.3558998,-0.221961,0.660146,0.564114,0.896261,50.993542,108.584152
22.3753071,-0.222083,0.729456,0.519209,0.922499,55.748322,106.932854
22.3947144,-0.221350,0.785587,0.484311,0.949052,59.315502,105.735954
22.4141216,-0.187062,0.811944,0.582418,1.016590,55.046383,102.973862
22.4335289,-0.181815,0.824146,0.590593,1.030084,55.016216,102.440750
22.4529381,-0.078827,0.881985,0.801694,1.194497,47.843681,95.107224
22.4723473,0.019890,0.862949,1.040737,1.352114,39.672016,88.679642
22.4917564,-0.024405,0.797667,1.031341,1.304045,37.732296,91.752419
22.5111675,-0.102622,0.798765,0.914687,1.218692,41.362083,97.320992
22.5305729,-0.207562,0.728724,0.814018,1.112090,42.948116,105.898499
22.5499802,-0.307011,0.678206,0.772896,1.073120,43.926327,114.355347
22.5693874,-0.347767,0.666492,0.725673,1.044870,46.011803,117.554962
22.5887928,-0.303472,0.654045,0.680402,0.991372,46.660175,114.890945
22.6082020,-0.199020,0.650751,0.601331,0.908121,48.534389,107.005287
22.6276073,-0.042708,0.763500,0.553498,0.943990,54.102356,93.201637
22.6470146,0.070652,0.809625,0.546787,0.979520,56.067291,85.012749
22.6664219,0.050030,0.792908,0.489436,0.933142,58.365196,86.389633
22.6858292,-0.145574,0.813652,0.465031,0.948407,60.637802,100.143707
22.7052364,-0.358871,0.748003,0.489558,0.963309,59.455700,115.630371
22.7246456,-0.485775,0.620611,0.558257,0.965809,54.688576,128.051590
22.7440510,-0.535073,0.574852,0.644039,1.015650,50.645573,132.947403
22.7634602,-0.456123,0.599013,0.750810,1.063287,45.079803,127.287766
22.7828674,-0.348011,0.578757,0.800107,1.047016,40.166031,121.018799
22.8022728,-0.288585,0.567409,0.742390,0.977946,40.612221,116.957985
22.8216820,-0.228794,0.605114,0.650019,0.917079,44.863251,110.711624
22.8410912,-0.186452,0.655510,0.608653,0.913737,48.232185,105.877754
22.8604984,-0.147892,0.656120,0.644650,0.931632,46.214760,102.702438
22.8799057,-0.078705,0.655143,0.705173,0.965752,43.098476,96.850349
22.8993111,-0.024649,0.688944,0.752640,1.020646,42.488293,92.049026
22.9187202,-0.032946,0.701756,0.811700,1.073501,40.876328,92.687965
22.9381294,-0.087491,0.675033,0.817923,1.064106,39.767406,97.384911
22.9575367,-0.125562,0.674545,0.784976,1.042576,41.156048,100.544540
22.9769440,-0.110309,0.711396,0.799009,1.075485,42.018478,98.814095
22.9963531,-0.045881,0.723965,0.776435,1.062582,43.054420,93.626236
23.0157604,-0.012934,0.732140,0.719572,1.026635,45.500504,91.012123
23.0351696,0.010982,0.721768,0.691140,0.999372,46.245129,89.128281
23.0545788,0.008176,0.744953,0.694679,1.018627,47.001740,89.371223
23.0739899,0.036485,0.712983,0.717619,1.012251,44.851746,87.070595
23.0933990,-0.043318,0.726649,0.806331,1.086308,42.075104,93.411583
23.1128082,-0.067113,0.743488,0.761792,1.066586,44.419556,95.157967
23.1322174,-0.102744,0.619025,0.701634,0.941296,41.807243,99.423859
23.1516228,-0.228672,0.575584,0.614754,0.872646,45.213150,111.667252
23.1710339,-0.303106,0.564236,0.528971,0.830690,50.447483,118.244568
23.1904449,-0.388522,0.560209,0.472108,0.829259,55.297626,124.742493
23.2098541,-0.470644,0.546543,0.473451,0.862769,56.718212,130.732712
23.2292633,-0.486995,0.578635,0.570703,0.947462,52.961662,130.084900
23.2486725,-0.463079,0.636840,0.674179,1.036593,49.429745,126.022804
23.2680817,-0.434159,0.670518,0.754593,1.098863,46.630295,122.922966
23.2874908,-0.423787,0.704319,0.814140,1.156929,45.274750,121.035233
23.3069000,-0.385594,0.727137,0.781926,1.135262,46.467762,117.936577
23.3263092,-0.360091,0.764476,0.765087,1.139933,47.842728,115.221817
23.3457165,-0.342276,0.765575,0.770212,1.138632,47.434246,114.088615
23.3651257,-0.271624,0.728602,0.819875,1.129971,43.483589,110.445549
23.3845367,-0.215615,0.691751,0.798643,1.078350,42.216122,107.312004
23.4039478,-0.175714,0.663075,0.710542,0.987630,43.991627,104.842125
23.4233570,-0.119705,0.695777,0.666370,0.970816,46.654068,99.761879
23.4427643,-0.058083,0.699560,0.613045,0.931978,48.868477,94.746269
23.4621716,-0.040390,0.693825,0.631227,0.938867,47.752991,93.331612
23.4815826,-0.042098,0.669420,0.697364,0.967580,43.885269,93.598442
23.5009918,-0.013911,0.607920,0.734215,0.953327,39.631691,91.310837
23.5203991,-0.017083,0.579001,0.730310,0.932141,38.420059,91.690010
23.5398083,-0.101157,0.549593,0.677596,0.878306,39.513004,100.429054
23.5592136,-0.138130,0.553376,0.685771,0.891957,39.750248,104.015434
23.5786228,-0.135568,0.562650,0.719450,0.923343,38.814465,103.546951
23.5980301,-0.130321,0.583638,0.788637,0.989730,37.172447,102.587143
23.6174374,-0.122267,0.618170,0.855506,1.062532,36.374504,101.188080
23.6368427,-0.126904,0.635254,0.850259,1.068921,37.303490,101.297234
23.6562500,-0.144110,0.675643,0.800595,1.057457,40.791218,102.040329
23.6756573,-0.119217,0.728113,0.739828,1.044848,44.921715,99.298752
23.6950645,-0.079803,0.772286,0.705539,1.049085,47.737518,95.899658
23.7144756,-0.103232,0.819509,0.677474,1.068280,50.641369,97.179611
23.7338829,-0.114458,0.818411,0.695533,1.080122,49.913788,97.961403
23.7532902,-0.103842,0.787905,0.762768,1.101541,46.175194,97.508026
23.7726955,-0.170345,0.736899,0.725429,1.047991,46.194756,103.016098
23.7921047,-0.199142,0.680890,0.673203,0.977994,46.500278,106.302780
23.8115101,-0.212199,0.656364,0.617560,0.925863,48.163250,107.915726
23.8309174,-0.212809,0.645016,0.566921,0.884721,50.149239,108.259178
23.8503208,-0.215737,0.691018,0.585956,0.931340,51.012260,107.338470
23.8697300,-0.211100,0.713593,0.604260,0.958597,50.923412,106.479675
23.8891354,-0.200850,0.732384,0.670763,1.013237,48.547466,105.335861
23.9085426,-0.236115,0.738730,0.701634,1.045831,47.864445,107.725098
23.9279499,-0.260642,0.731652,0.740438,1.073078,46.368877,109.607803
23.9473572,-0.228794,0.714691,0.767771,1.073593,44.345192,107.751419
23.9667645,-0.230380,0.695899,0.684429,1.002893,46.964226,108.317322
23.9861717,-0.258934,0.722256,0.644650,1.002135,49.963436,109.723091
24.0055809,-0.246731,0.708346,0.623905,0.975647,50.247066,109.204269
24.0249920,-0.252954,0.694313,0.644405,0.980467,48.910011,110.017868
24.0443993,-0.298957,0.695411,0.673691,1.013327,48.330658,113.262871
24.0638065,-0.298957,0.655998,0.719938,1.018832,45.038570,114.500137
24.0832138,-0.331538,0.633545,0.737143,1.026975,44.128395,117.623291
24.1026230,-0.366802,0.615242,0.715545,1.012458,45.029671,120.803062
24.1220303,-0.362653,0.613167,0.735923,1.024243,44.068893,120.601883
24.1414356,-0.361799,0.611337,0.714691,1.007678,44.826454,120.617737
24.1608429,-0.348865,0.632447,0.718474,1.018774,45.151588,118.881615
24.1802502,-0.316529,0.655632,0.724087,1.026813,45.156010,115.770515
24.1996574,-0.266987,0.658072,0.693825,0.992841,45.666988,112.082939
24.2190609,-0.247463,0.687602,0.657584,0.983082,48.017761,109.793472
24.2384682,-0.233431,0.691995,0.610605,0.951937,50.101170,108.640808
24.2578754,-0.225377,0.722134,0.662465,1.005551,48.790974,107.333076
24.2772808,-0.210612,0.706881,0.731652,1.038920,45.231556,106.591202
24.2966862,-0.222693,0.676498,0.764232,1.044649,42.981960,108.220757
24.3160934,-0.252954,0.676620,0.744099,1.037055,44.150612,110.498276
24.3355026,-0.245511,0.647944,0.710298,0.992286,44.289543,110.752083
24.3549118,-0.274431,0.631837,0.725917,1.000743,43.499664,113.477119
24.3743172,-0.291026,0.599623,0.725185,0.984955,42.586052,115.889526
24.3937225,-0.284803,0.613656,0.778143,1.031112,41.003990,114.896400
24.4131317,-0.268329,0.616096,0.784000,1.032585,40.601013,113.534653
24.4325390,-0.221228,0.624760,0.776801,1.021120,40.471039,109.499138
24.4519463,-0.203413,0.662831,0.718230,0.998286,43.989872,107.060471
24.4713535,-0.166684,0.658438,0.647578,0.938446,46.365669,104.206009
24.4907608,-0.150455,0.682599,0.625370,0.937905,48.181488,102.430084
24.5101700,-0.144842,0.712250,0.601819,0.943645,50.375004,101.494804
24.5295773,-0.136544,0.736411,0.650629,0.992100,49.018963,100.504395
24.5489845,-0.174127,0.733483,0.709444,1.035195,46.738888,103.354691
24.5683918,-0.205731,0.707003,0.743855,1.046661,44.708675,106.224503
24.5877972,-0.227818,0.716277,0.811577,1.106170,42.803997,107.643677
24.6072025,-0.234651,0.678084,0.841595,1.105957,40.450615,109.088181
24.6266079,-0.222205,0.649164,0.856238,1.097239,38.706715,108.895729
24.6460152,-0.263693,0.623784,0.796203,1.045265,40.383629,112.915276
24.6654205,-0.254297,0.620245,0.773506,1.023564,40.913490,112.293343
24.6848278,-0.204389,0.652825,0.799619,1.052305,40.546925,107.384506
24.7042332,-0.166806,0.666004,0.791078,1.047468,40.954655,104.060944
24.7236423,-0.176934,0.695045,0.796935,1.072147,41.986061,104.282127
24.7430477,-0.179618,0.684429,0.776069,1.050233,42.358013,104.704842
24.7624550,-0.157044,0.665516,0.774482,1.033149,41.441422,103.277405
24.7818642,-0.131175,0.639891,0.747027,0.992329,41.166317,101.584915
24.8012714,-0.116288,0.603162,0.690042,0.923843,41.675190,100.912613
24.8206825,-0.139107,0.630251,0.695045,0.948501,42.879822,102.446564
24.8400860,-0.121169,0.639158,0.695655,0.952440,43.080666,100.734528
24.8594933,-0.093592,0.678206,0.761304,1.023868,41.964748,97.857147
24.8789024,-0.107991,0.662099,0.751054,1.007035,41.771500,99.263573
24.8983097,-0.096276,0.644283,0.790467,1.024309,39.492489,98.498924
24.9177151,-0.090907,0.617438,0.818045,1.028927,37.340378,98.375664
24.9371223,-0.097863,0.611093,0.833176,1.037879,36.604816,99.098305
24.9565315,-0.131419,0.630617,0.875030,1.086566,36.359150,101.771835
24.9759388,-0.126294,0.617682,0.863315,1.069016,36.139893,101.555687
24.9953480,-0.113726,0.626834,0.843060,1.056695,37.076912,100.283249
25.0147572,-0.132273,0.619635,0.733360,0.969155,40.825775,102.050056
25.0341644,-0.115068,0.636718,0.704563,0.956587,42.562664,100.243958
25.0535698,-0.123488,0.655510,0.670640,0.945886,44.845776,100.668587
25.0729790,-0.126050,0.641721,0.660757,0.929674,44.704838,101.112854
25.0923862,-0.131175,0.644283,0.743610,0.992605,41.483154,101.508041
25.1117954,-0.124220,0.617560,0.753860,0.982404,39.882301,101.373055
25.1312046,-0.135324,0.632203,0.771554,1.006622,39.961349,102.081917
25.1506100,-0.147648,0.630983,0.760328,0.999018,40.440956,103.170097
25.1700191,-0.138741,0.621099,0.786807,1.011967,38.967556,102.591965
25.1894283,-0.182547,0.603528,0.791932,1.012287,38.526566,106.828812
25.2088375,-0.162047,0.568019,0.828295,1.017338,35.493790,105.922638
25.2282467,-0.176202,0.547275,0.865756,1.039274,33.587784,107.846588
25.2476578,-0.215371,0.508349,0.841229,1.006216,33.276497,112.960808
25.2670670,-0.207074,0.514939,0.879789,1.040226,32.245785,111.906677
25.2864723,-0.203169,0.529826,0.864414,1.034023,33.282887,110.980011
25.3058815,-0.197556,0.565090,0.876982,1.061816,34.317440,109.269653
25.3252907,-0.217202,0.586200,0.898946,1.094948,34.815559,110.330902
25.3446980,-0.200972,0.554718,0.923595,1.095961,32.570862,109.915276
25.3640995,-0.178276,0.534096,0.950074,1.104392,30.653233,108.458511
25.3835068,-0.160339,0.497001,0.889062,1.031092,30.429480,107.880341
25.4029121,-0.177544,0.506031,0.848917,1.004116,32.281219,109.333733
25.4223194,-0.177422,0.513230,0.827807,0.990024,33.264442,109.070091
25.4417286,-0.155092,0.513230,0.863804,1.016669,31.827347,106.814156
25.4611340,-0.156556,0.522382,0.867830,1.024950,32.144917,106.683281
25.4805431,-0.160461,0.525921,0.859655,1.020464,32.603916,106.967178
25.4999523,-0.135568,0.534706,0.872101,1.031916,32.314316,104.226830
25.5193615,-0.089687,0.556427,0.831345,1.004385,34.135201,99.156418
25.5387688,-0.105916,0.580831,0.780706,0.978818,37.098431,100.334503
25.5581779,-0.111651,0.572656,0.773872,0.969164,37.013409,101.032623
25.5775871,-0.128735,0.548739,0.834762,1.007231,34.027523,103.202873
25.5969963,-0.164854,0.488093,0.884425,1.023533,30.220972,108.662399
25.6164055,-0.171443,0.464543,0.899800,1.027051,28.824444,110.256935
25.6358147,-0.176202,0.501760,0.868318,1.018227,31.485260,109.349609
25.6552258,-0.162413,0.570825,0.803524,0.998935,36.449493,105.882286
25.6746330,-0.170101,0.639036,0.740316,0.992658,41.772858,104.905540
25.6940422,-0.163145,0.674667,0.685771,0.975743,45.346340,103.594070
25.7134457,-0.174371,0.695777,0.675033,0.984978,46.738560,104.069336
25.7328529,-0.179252,0.661001,0.703953,0.982142,44.212978,105.172752
25.7522621,-0.219276,0.577537,0.716277,0.945877,40.776546,110.790497
25.7716713,-0.191821,0.501150,0.738852,0.913153,35.989819,110.944901
25.7910786,-0.205853,0.365582,0.766063,0.873429,28.708473,119.383171
25.8104839,-0.216836,0.317505,0.878324,0.958791,23.641188,124.330582
25.8298893,-0.215615,0.321776,0.913589,0.992308,22.975601,123.825233
25.8492966,-0.214029,0.338859,0.895285,0.980903,24.116581,122.277199
25.8687057,-0.157166,0.369853,0.801450,0.896557,26.630003,113.022690
25.8881130,-0.021720,0.463933,0.709566,0.848050,33.206451,92.680489
25.9075222,0.046369,0.584980,0.647334,0.873724,42.192631,85.467880
25.9269314,0.058205,0.653313,0.696753,0.956907,43.270088,84.908829
25.9463406,0.009762,0.690286,0.736777,1.009669,43.136936,89.189789
25.9657497,0.014033,0.696754,0.669298,0.966241,46.157196,88.846214
25.9851589,0.011104,0.703221,0.694069,0.988117,45.378834,89.095352
26.0045662,0.025137,0.639891,0.752030,0.987745,40.415745,87.750404
26.0239716,0.039170,0.644527,0.829881,1.051500,37.885895,86.522270
26.0433807,0.046003,0.624028,0.832444,1.041388,36.931000,85.783829
26.0627880,0.046735,0.541174,0.869295,1.025049,31.999640,85.064270
26.0821953,0.022818,0.493096,0.839155,0.973574,30.465736,87.350487
26.1015987,-0.000488,0.569239,0.708468,0.908823,38.781158,90.049126
26.1210060,0.024283,0.482602,0.700658,0.851127,34.592312,87.119530
26.1404133,0.062964,0.361799,0.985339,1.051549,20.440496,80.127670
26.1598206,-0.045271,0.322874,1.177648,1.221946,15.474770,97.981506
26.1792297,-0.151553,0.333856,1.139088,1.196641,17.842085,114.415550
26.1986351,-0.155214,0.352648,1.041469,1.110455,20.302069,113.756142
26.2180443,-0.061012,0.385594,0.851845,0.937041,24.621449,98.991249
26.2374516,-0.069431,0.367290,0.813896,0.895628,24.667747,100.704681
26.2568588,-0.158386,0.322996,0.781804,0.860598,24.709070,116.121780
26.2762661,-0.172541,0.422933,0.725551,0.857360,32.192673,112.193649
26.2956734,-0.087369,0.480772,0.846354,0.977287,30.000172,100.299728
26.3150826,0.041610,0.513840,1.025240,1.147555,26.694662,85.370384
26.3344898,0.130077,0.551302,1.100041,1.237313,27.245104,76.724144
26.3538990,0.141913,0.559599,1.078931,1.223676,28.150307,75.769905
26.3733082,0.060890,0.517013,0.976797,1.106862,28.055492,83.283104
26.3927174,-0.029286,0.533608,0.891137,1.039096,30.950943,93.141373
26.4121227,-0.104574,0.503346,0.828295,0.974867,31.826485,101.736671
26.4315319,-0.138252,0.469302,0.815238,0.950774,30.968893,106.414543
26.4509392,-0.132029,0.440626,0.807551,0.929366,29.665888,106.680321
26.4703465,-0.091029,0.443433,0.802548,0.921413,29.425329,101.600708
26.4897556,-0.075410,0.469912,0.750322,0.888531,32.386707,99.116966
26.5091610,-0.110919,0.452219,0.734825,0.869927,32.360462,103.781319
26.5285702,-0.266621,0.420249,0.747149,0.897735,33.668339,122.392540
26.5479794,-0.314332,0.429156,0.812066,0.970788,33.227543,126.220627
26.5673866,-0.312868,0.435013,0.889794,1.038680,31.056561,125.724243
26.5867958,-0.303716,0.425618,0.898946,1.039951,30.184368,125.511253
26.6062031,-0.339103,0.428424,0.902485,1.054996,31.191725,128.362045
26.6256065,-0.346302,0.406704,0.917738,1.061874,30.201406,130.413895
26.6450157,-0.309207,0.424763,0.922009,1.061194,29.675800,126.052811
26.6644230,-0.236359,0.459540,0.929940,1.063876,29.060654,117.218513
26.6838322,-0.131541,0.503712,0.913833,1.051722,29.669882,104.635567
26.7032413,-0.042464,0.535317,0.893333,1.042310,31.010799,94.535507
26.7226486,-0.036607,0.555939,0.850015,1.016333,33.242847,93.767326
26.7420540,-0.023917,0.562528,0.810113,0.986556,34.799644,92.434540
26.7614632,-0.010372,0.583394,0.808649,0.997180,35.812584,91.018539
26.7808704,0.003905,0.638060,0.836836,1.052346,37.324848,89.649368
26.8002758,0.031604,0.658194,0.802304,1.038224,39.397129,87.250977
26.8196850,0.002074,0.721646,0.796447,1.074758,42.179287,89.835304
26.8390923,0.022208,0.746905,0.791810,1.088725,43.341034,88.296883
26.8584995,0.043928,0.710542,0.756423,1.038737,43.263142,86.462257
26.8779068,0.013179,0.666126,0.666492,0.942395,44.989868,88.866615
26.8973103,-0.021964,0.630129,0.568141,0.848722,47.978634,91.996330
26.9167194,-0.034777,0.615242,0.494805,0.790293,51.236843,93.235214
26.9361267,-0.000732,0.591813,0.535805,0.798330,47.843567,90.070885
26.9555321,0.003173,0.581197,0.670885,0.887630,40.903301,89.687241
26.9749413,-0.016961,0.564114,0.805720,0.983716,35.009430,91.722198
26.9943485,0.020134,0.562040,0.850503,1.019632,33.474918,87.948380
27.0137558,0.067967,0.580465,0.793762,0.985707,36.363457,83.321609
27.0331612,0.055155,0.577781,0.740804,0.941097,38.078094,84.547104
27.0525665,-0.031848,0.520186,0.672959,0.851165,37.755280,93.503532
27.0719719,-0.124342,0.482358,0.602063,0.781416,39.603222,104.454948
27.0913792,-0.145330,0.495049,0.657218,0.835541,38.133213,106.360481
27.1107845,-0.088223,0.497245,0.928232,1.056717,28.548714,100.060913
27.1301899,0.042098,0.527629,1.071853,1.195422,26.281221,85.438194
27.1495953,0.145696,0.508105,1.058187,1.182860,26.542868,74.000099
27.1690025,0.187428,0.468326,1.054770,1.169187,25.559219,68.188293
27.1884060,0.177910,0.524334,1.058431,1.194510,27.615356,71.257591
27.2078094,0.092616,0.454781,1.035246,1.134521,24.147371,78.489174
27.2272167,-0.005613,0.394868,0.855018,0.941811,24.790821,90.814407
27.2466221,0.021476,0.492364,0.703343,0.858822,35.018948,87.502434
27.2660255,0.229770,0.614876,0.671617,0.939114,44.343712,69.510025
27.2854290,0.404019,0.617560,0.884303,1.151783,39.846046,56.806545
27.3048363,0.511644,0.708468,1.073318,1.384094,39.152725,54.163792
27.3242435,0.563992,0.771188,0.984119,1.371607,44.152126,53.820908
27.3436508,0.558867,0.743610,0.906756,1.299036,45.731480,53.072983
27.3630562,0.579001,0.785464,0.698340,1.199948,54.410419,53.604412
27.3824654,0.691751,0.892723,0.526653,1.246129,64.999176,52.228722
27.4018726,0.750932,0.883205,0.548739,1.282601,64.669876,49.627655
27.4212799,0.694557,0.791200,0.636596,1.230309,58.840141,48.721619
27.4406891,0.516037,0.430132,1.285150,1.450145,27.597698,39.812229
27.4600945,0.263570,0.491266,1.015357,1.158344,28.770002,61.785877
27.4795036,0.259788,0.468082,0.986193,1.122126,28.494715,60.969494
27.4989109,0.220862,0.519331,0.997663,1.146219,29.495405,66.960823
27.5183201,0.239532,0.516159,0.763256,0.952027,36.705627,65.105576
27.5377293,0.089443,0.422079,0.506519,0.665366,40.424282,78.035393
27.5571365,-0.128735,0.554230,0.516037,0.768139,47.793758,103.076584
27.5765457,0.048321,0.707614,0.537147,0.889707,52.862167,86.093475
27.5959549,0.103354,0.854530,0.497123,0.993999,59.991768,83.103676
27.6153622,0.025869,0.849893,0.365460,0.925499,66.741577,88.256577
27.6347675,0.044417,0.806941,0.246121,0.844809,73.062187,86.849442
27.6541710,-0.074434,0.837324,0.325558,0.901466,68.829575,95.079979
27.6735802,0.042952,0.762280,0.500174,0.912737,56.770561,86.774963
27.6929874,0.178398,0.722744,0.820119,1.107601,42.230572,76.134590
27.7123966,0.125562,0.652703,0.881863,1.104296,37.005768,79.110901
27.7318058,-0.082488,0.631471,0.609751,0.881678,46.244686,97.442291
27.7512150,-0.274065,0.671617,0.459662,0.858760,57.638302,112.198746
27.7706242,-0.238556,0.645138,0.444531,0.818974,57.126232,110.293129
27.7900295,-0.156068,0.579001,0.563382,0.822799,46.786900,105.085373
27.8094368,-0.152651,0.542516,0.734337,0.925676,37.505245,105.715355
27.8288460,-0.066747,0.602307,0.905047,1.089192,33.805161,96.323631
27.8482513,-0.035387,0.671617,0.987657,1.194901,34.253025,93.016068
27.8676567,0.146794,0.683087,0.869295,1.115271,38.790028,77.871696
27.8870640,0.203657,0.705783,0.647944,0.979509,48.585712,73.904259
27.9064732,0.063818,0.628298,0.584980,0.860833,47.191414,84.200180
27.9258804,-0.113970,0.569727,0.630129,0.857112,42.677826,101.312294
27.9452839,-0.245267,0.575706,0.715667,0.950670,41.166229,113.075363
27.9646912,-0.234407,0.585712,0.883815,1.085880,35.519653,111.811699
27.9841022,-0.033556,0.590349,0.919324,1.093067,32.748802,93.253288
28.0035114,-0.048565,0.584492,0.830491,1.016713,35.230350,94.749779
28.0229206,-0.163511,0.601209,0.670152,0.915037,42.913929,105.214767
28.0423279,-0.112506,0.602185,0.688578,0.921642,41.658424,100.582497
28.0617332,-0.018181,0.620245,0.656486,0.903332,43.386337,91.679054
28.0811405,0.005369,0.662221,0.600233,0.893781,47.811970,89.535477
28.1005478,-0.029530,0.684795,0.615852,0.921461,48.060684,92.469170
28.1199570,-0.036241,0.695045,0.664173,0.962043,46.339985,92.984802
28.1393661,-0.041854,0.695045,0.714569,0.997721,44.258308,93.446060
28.1587715,-0.066503,0.666614,0.692849,0.963761,44.036198,95.697090
28.1781788,-0.088223,0.692605,0.675399,0.971416,45.951012,97.259155
28.1975899,-0.097619,0.724575,0.651727,0.979431,48.285950,97.673004
28.2169991,-0.108601,0.783390,0.598647,0.991903,52.876625,97.892570
28.2364101,-0.068821,0.858801,0.573876,1.035185,56.332638,94.581688
28.2558155,-0.035265,0.878324,0.610849,1.070436,55.204132,92.299194
28.2752209,-0.051982,0.846964,0.648066,1.067727,52.630074,93.512093
28.2946281,-0.060524,0.838911,0.680036,1.081612,51.043884,94.126480
28.3140335,-0.072360,0.809991,0.727747,1.091301,48.174652,95.104919
28.3334389,-0.099205,0.745929,0.728724,1.047516,45.919510,97.575607
28.3528423,-0.066015,0.717741,0.641233,0.964723,48.342159,95.255028
