Keuwl Accelerometer Data File
2021-04-11 16-39-04

Time (s), X (g), Y (g), Z (g), R (g), Theta (deg), Phi (deg)
0.0000000,0.072116,0.570581,0.698584,0.904866,39.463478,82.796577
0.0193931,0.091396,0.565944,0.732506,0.930168,38.047573,80.826393
0.0387871,0.127636,0.609873,0.797179,1.011795,38.011669,78.179535
0.0581816,0.140205,0.652215,0.813042,1.051703,39.369457,77.867912
0.0775743,0.104452,0.629885,0.855018,1.067108,36.750618,80.584480
0.0969662,0.093104,0.625248,0.880155,1.083640,35.686535,81.530487
0.1163578,0.141181,0.610605,0.839155,1.047354,36.753841,76.981133
0.1357490,0.150699,0.572534,0.809259,1.002699,36.188316,75.253433
0.1551398,0.207196,0.523480,0.847941,1.017824,33.582333,68.406136
0.1745324,0.262228,0.502370,0.873199,1.040969,32.982899,62.436249
0.1939249,0.261618,0.416344,0.903583,1.028712,28.554422,57.855957
0.2133188,0.158752,0.324094,0.950806,1.016992,20.784706,63.902798
0.2327137,0.027211,0.275285,0.943119,0.982850,16.346947,84.354790
0.2521075,0.071628,0.276261,1.016699,1.055996,15.679863,75.464668
0.2715003,0.201583,0.322020,1.163249,1.223716,18.086769,57.953651
0.2908932,0.182181,0.363142,1.040981,1.117454,21.319876,63.357990
0.3102857,0.151187,0.215981,0.564480,0.623011,25.034801,55.007984
0.3296776,0.022086,-0.132029,-0.079315,0.155597,120.647011,279.496674
0.3490685,-0.144354,-0.241850,0.596572,0.659718,25.273033,239.168213
0.3684615,0.186452,-0.032702,1.255499,1.269689,8.574209,350.051941
0.3878539,0.578879,0.203413,1.447075,1.571784,22.977551,19.361029
0.4072464,0.571191,0.227330,1.227067,1.372455,26.611101,21.702156
0.4266403,0.400115,0.093714,1.050621,1.128131,21.362591,13.182070
0.4460344,0.247585,0.021842,0.907732,0.941144,15.312900,5.041627
0.4654272,0.019158,-0.007809,0.636352,0.636688,1.861935,337.822052
0.4848209,-0.009274,0.065649,0.449168,0.454035,8.396624,98.040627
0.5042126,0.081390,0.056009,0.572778,0.581236,9.786692,34.534035
0.5236044,0.057961,0.107503,0.688578,0.699325,10.057898,61.668228
0.5429968,-0.034655,0.095422,0.828661,0.834856,6.984576,109.959572
0.5623909,0.044661,0.070041,1.265749,1.268471,3.754785,57.477165
0.5817850,0.106404,0.152163,1.286981,1.300306,8.209563,55.035744
0.6011789,0.114214,0.189746,1.364099,1.381961,9.221811,58.955036
0.6205739,0.156190,0.314088,3.057784,3.077838,6.544216,63.559738
0.6399676,-0.103964,0.097985,0.025137,0.145056,80.020844,136.695877
0.6593609,0.090541,0.503590,0.868928,1.008384,30.491531,79.807594
0.6787548,0.324826,0.471376,1.594723,1.694358,19.746607,55.429203
0.6981488,0.188892,0.257713,1.142017,1.185875,15.631114,53.760281
0.7175404,0.143866,0.037827,0.464543,0.487779,17.756048,14.731602
0.7369334,0.297127,-0.066381,1.279903,1.315615,13.380328,347.406433
0.7563266,0.041366,-0.124342,0.817069,0.827510,9.111539,288.401215
0.7757189,0.135202,-0.074434,1.361171,1.369893,6.468933,331.165375
0.7951120,0.233919,0.028920,0.790712,0.825093,16.598551,7.047753
0.8145055,-0.024649,0.129101,0.301886,0.329256,23.526979,100.809181
0.8338987,0.105916,-0.107991,1.706619,1.713309,5.065040,314.444397
0.8532915,0.120925,-0.016717,1.283442,1.289234,5.433360,352.129089
0.8726830,-0.088833,0.066747,0.515427,0.527268,12.165507,143.079773
0.8920761,-0.037461,0.022452,0.548861,0.550596,4.549628,149.063690
0.9114673,0.035997,-0.015863,1.396436,1.396990,1.613618,336.217957
0.9308574,-0.002318,-0.006955,1.084666,1.084691,0.387654,251.565048
0.9502481,-0.026357,0.021964,0.798521,0.799258,2.460209,140.194427
0.9696413,0.003783,0.017693,0.960690,0.960860,1.078834,77.932236
0.9890348,-0.009396,-0.003539,1.064166,1.064213,0.540317,200.637543
1.0084277,-0.017937,0.006345,0.950440,0.950631,1.146883,160.519196
1.0278213,0.000732,0.014521,0.948244,0.948355,0.878487,87.113579
1.0472136,-0.016839,0.004881,1.014380,1.014532,0.990316,163.835495
1.0666075,-0.013911,0.007199,0.966425,0.966552,0.928517,152.636459
1.0860018,-0.007565,0.007809,0.970452,0.970513,0.641940,134.090622
1.1053952,-0.011104,0.006101,0.986681,0.986762,0.735419,151.213379
1.1247889,-0.020378,0.004027,0.975455,0.975676,1.219809,168.822083
1.1441828,0.002196,0.005125,0.978872,0.978887,0.326858,66.801407
1.1635754,-0.014765,0.005857,0.981312,0.981441,0.927462,158.362061
1.1829668,-0.023795,-0.000732,0.968499,0.968792,1.408060,181.762390
1.2023598,0.000488,0.007932,0.986681,0.986713,0.461401,86.478546
1.2217513,-0.014277,0.006345,0.960324,0.960451,0.932092,156.037506
1.2411449,-0.013423,0.003661,0.981068,0.981167,0.812529,164.744888
1.2605377,-0.003661,0.013301,0.974601,0.974698,0.811083,105.388466
1.2799274,-0.010250,0.003905,0.961544,0.961607,0.653420,159.145538
1.2993180,-0.020256,0.005369,0.976065,0.976290,1.229874,165.154556
1.3187081,0.007321,0.013789,0.968499,0.968625,0.923445,62.032883
1.3380970,-0.018181,0.002196,0.968744,0.968917,1.082998,173.111740
1.3574864,-0.022330,0.008176,0.974113,0.974403,1.398438,159.891296
1.3768762,0.008786,0.015009,0.970330,0.970486,1.026601,59.656750
1.3962669,-0.026967,0.005613,0.967401,0.967793,1.630989,168.242065
1.4156562,-0.015497,0.009518,0.979604,0.979773,1.063489,148.442871
1.4350461,-0.005003,0.015009,0.971916,0.972045,0.932512,108.434952
1.4544363,-0.025625,0.003051,0.976553,0.976894,1.513619,173.211029
1.4738282,-0.021476,0.004271,0.983264,0.983508,1.275796,168.752686
1.4932187,-0.002196,0.010982,0.973869,0.973933,0.658788,101.309929
1.5126086,-0.035143,-0.002440,0.973747,0.974384,2.071882,183.972504
1.5319991,-0.015131,0.002318,0.985217,0.985336,0.890214,171.288559
1.5513896,-0.003417,0.008908,0.976919,0.976966,0.559531,110.984901
1.5707784,-0.025137,-0.001220,0.977895,0.978219,1.474190,182.779160
1.5901698,-0.010128,0.005369,0.986925,0.986992,0.665585,152.071014
1.6095606,-0.005125,0.004637,0.968133,0.968158,0.409261,137.862411
1.6289538,-0.018670,0.000244,0.981556,0.981734,1.089663,179.251083
1.6483465,-0.010250,0.005491,0.981312,0.981381,0.678974,151.821411
1.6677397,0.006345,0.007321,0.971062,0.971110,0.571640,49.085617
1.6871316,-0.024161,0.000854,0.975333,0.975632,1.419962,177.975235
1.7065240,-0.014643,0.002685,0.976065,0.976178,0.873573,169.611145
1.7259172,0.012080,0.010982,0.971550,0.971687,0.962662,42.273689
1.7453117,-0.026235,-0.001708,0.969476,0.969832,1.553434,183.725632
1.7647058,-0.006711,0.006833,0.979360,0.979406,0.560579,134.483841
1.7840980,-0.004759,0.011714,0.969598,0.969680,0.747034,112.109451
1.8034897,-0.027333,-0.005369,0.965693,0.966095,1.652327,191.113037
1.8228827,-0.001464,0.008664,0.985461,0.985500,0.510907,99.593140
1.8422768,0.018548,0.007077,0.972526,0.972729,1.169356,20.885801
1.8616695,-0.084440,-0.007321,0.970208,0.973903,4.992653,184.955444
1.8810619,-0.024039,0.004149,0.974113,0.974418,1.434632,170.207855
1.9004554,0.008420,0.006711,0.976187,0.976246,0.631801,38.558395
1.9198493,-0.029164,0.000488,0.975821,0.976257,1.712122,179.041168
1.9392433,-0.007443,-0.000610,0.969110,0.969138,0.441462,184.685898
1.9586339,-0.011714,0.013667,0.974235,0.974401,1.058509,130.601288
1.9780250,-0.023428,0.001220,0.963375,0.963660,1.395075,177.018539
1.9974167,-0.016717,0.005979,0.986071,0.986231,1.031355,160.319687
2.0168073,-0.006833,0.009762,0.961788,0.961862,0.709692,124.992020
2.0362005,-0.026357,0.007565,0.971916,0.972303,1.616042,163.984558
2.0555925,-0.016961,0.000366,0.966303,0.966452,1.005804,178.763596
2.0749850,-0.005979,0.012812,0.988389,0.988491,0.819722,115.016891
2.0943775,-0.018548,-0.003051,0.958982,0.959166,1.123091,189.340027
2.1137705,-0.017449,0.000122,0.998273,0.998426,1.001515,179.599335
2.1331627,-0.002196,0.002685,0.974479,0.974485,0.204630,129.289413
2.1525569,-0.020988,-0.004149,0.977041,0.977275,1.254294,191.181763
2.1719522,-0.009396,-0.007687,0.994124,0.994199,0.699695,219.289413
2.1913481,-0.014033,0.000854,0.986315,0.986415,0.816613,176.516724
2.2107439,-0.019402,-0.000122,0.981678,0.981870,1.132288,180.360352
2.2301378,-0.010616,-0.008664,0.975333,0.975429,0.805029,219.217606
2.2495313,-0.002929,0.006467,1.000592,1.000617,0.406382,114.362450
2.2689261,-0.017937,-0.002685,0.960568,0.960739,1.081732,188.511703
2.2883213,-0.005003,-0.002807,0.978017,0.978034,0.335718,209.291367
2.3077164,-0.014399,0.006589,0.979482,0.979610,0.926196,155.409882
2.3271112,-0.012812,-0.004881,0.966425,0.966522,0.812529,200.854462
2.3465042,-0.011592,-0.008908,0.960446,0.960557,0.872228,217.539429
2.3658981,-0.015863,0.004271,0.980458,0.980595,0.960015,164.931503
2.3852928,-0.019280,-0.000854,0.957883,0.958078,1.154197,182.536758
2.4046879,-0.010494,-0.007809,0.961544,0.961633,0.779591,216.656113
2.4240806,-0.027943,0.003173,0.983630,0.984032,1.637694,173.522537
2.4434736,-0.016595,0.002685,0.957273,0.957421,1.005999,170.811157
2.4628685,-0.019280,-0.000854,0.965083,0.965276,1.145517,182.536758
2.4822617,-0.034167,0.003539,0.971794,0.972401,2.024294,174.086884
2.5016553,-0.021110,0.007932,0.972160,0.972422,1.328691,159.407669
2.5210512,-0.008786,-0.004759,0.972648,0.972700,0.588506,208.442917
2.5404470,-0.033190,-0.009396,0.977773,0.978382,2.020423,195.806198
2.5598416,-0.010982,0.001586,0.982166,0.982229,0.647403,171.780792
2.5792365,-0.007443,-0.010982,0.972038,0.972129,0.782097,235.871460
2.5986311,-0.026723,-0.007321,0.978872,0.979264,1.621361,195.321518
2.6180248,0.000122,-0.003051,0.988389,0.988394,0.176939,272.290619
2.6374178,-0.001586,-0.004149,0.985339,0.985349,0.257930,249.075500
2.6568112,-0.016839,-0.008054,0.967401,0.967581,1.105353,205.559967
2.6762033,-0.004515,-0.008664,0.985217,0.985265,0.568207,242.474777
2.6955972,-0.002318,-0.000732,0.985949,0.985952,0.141274,197.525574
2.7149906,-0.021598,-0.009640,0.971062,0.971350,1.395075,204.052536
2.7343843,-0.011714,-0.012324,0.975943,0.976091,0.998188,226.453903
2.7537768,-0.007809,-0.000366,0.990586,0.990617,0.451975,182.683777
2.7731709,-0.017205,-0.006589,0.959104,0.959281,1.100562,200.955780
2.7925634,-0.022574,-0.010738,0.975089,0.975409,1.468604,205.439301
2.8119569,-0.013667,-0.003051,0.988023,0.988123,0.812047,192.582962
2.8313494,-0.026479,-0.002074,0.950806,0.951177,1.599977,184.479462
2.8507440,-0.015253,-0.009030,0.971428,0.971590,1.045301,210.625534
2.8701372,-0.022330,-0.010982,0.982410,0.982725,1.451043,206.188110
2.8895278,-0.033068,-0.017083,0.959592,0.960313,2.221230,207.321121
2.9089196,-0.008664,-0.022086,0.972282,0.972572,1.397878,248.581650
2.9283118,-0.020134,-0.019890,0.976065,0.976475,1.660833,224.650635
2.9477048,-0.016107,-0.019646,0.975943,0.976274,1.491216,230.652512
2.9670973,-0.012446,-0.028187,0.973380,0.973868,1.813049,246.175735
2.9864893,-0.021598,-0.020256,0.983508,0.983954,1.724536,223.163162
3.0058835,-0.002196,-0.018914,0.970452,0.970639,1.124135,263.375977
3.0252762,-0.008542,-0.026723,0.971794,0.972199,1.653629,252.274323
3.0446663,-0.013179,-0.020378,0.985583,0.985882,1.410560,237.108994
3.0640583,0.000488,-0.014887,0.971428,0.971542,0.878487,271.877869
3.0834520,-0.009518,-0.030018,0.968133,0.968645,1.862986,252.407578
3.1028457,-0.006955,-0.019768,0.985339,0.985562,1.218365,250.615479
3.1222379,-0.000610,-0.014399,0.970452,0.970559,0.850648,267.573669
3.1416311,-0.016961,-0.025991,0.972160,0.972655,1.828527,236.872253
3.1610258,0.001952,-0.015863,0.983264,0.983394,0.931252,277.016510
3.1804194,-0.010616,-0.005857,0.972404,0.972480,0.714364,208.886581
3.1998119,-0.011714,-0.018059,0.967645,0.967885,1.274414,237.030594
3.2192039,-0.009884,-0.007443,0.984973,0.985050,0.719821,216.982910
3.2385974,-0.009274,0.002929,0.971794,0.971843,0.573690,162.474426
3.2579904,-0.021842,-0.011226,0.969842,0.970153,1.450369,207.201645
3.2773819,-0.006955,-0.007565,0.990098,0.990151,0.594790,227.405975
3.2967749,-0.018670,0.001708,0.966303,0.966485,1.111531,174.771805
3.3161674,-0.018304,-0.006345,0.978872,0.979063,1.133842,199.119720
3.3355575,-0.018914,-0.008176,0.980580,0.980796,1.203660,203.376801
3.3549495,-0.018914,0.001342,0.982166,0.982349,1.106061,175.940659
3.3743422,-0.017449,-0.007565,0.964717,0.964904,1.129346,203.439941
3.3937345,-0.016961,0.001830,0.978383,0.978532,0.998972,173.840836
3.4131279,-0.020500,0.000366,0.970574,0.970791,1.210146,178.976974
3.4325209,-0.015863,-0.004881,0.983508,0.983648,0.966718,197.102722
3.4519157,-0.018059,-0.000488,0.966913,0.967082,1.070458,181.548157
3.4713109,-0.011226,0.006345,0.973014,0.973100,0.759503,150.524109
3.4907045,-0.021720,-0.001830,0.976187,0.976430,1.279166,184.816910
3.5100970,-0.017205,0.003783,0.980336,0.980494,1.029456,167.600327
3.5294890,-0.009030,0.001220,0.973503,0.973545,0.536319,172.303955
3.5488820,-0.011714,-0.001220,0.973869,0.973940,0.692951,185.946869
3.5682743,-0.004515,-0.005735,0.966425,0.966453,0.432507,231.788971
3.5876670,-0.015741,-0.001342,0.987169,0.987296,0.916852,184.873901
3.6070604,-0.001098,-0.000244,0.976187,0.976188,0.065611,192.528793
3.6264505,-0.003905,-0.002562,0.956663,0.956675,0.279765,213.274887
3.6458411,-0.013179,0.006711,0.984363,0.984474,0.860710,153.012115
3.6652317,-0.014155,0.003783,0.969354,0.969464,0.865698,165.037842
3.6846225,-0.008542,0.002318,0.981800,0.981840,0.516241,164.814163
3.7040155,-0.018792,0.013301,0.970330,0.970603,1.359123,144.709442
3.7234082,-0.007321,0.010616,0.972038,0.972124,0.760018,124.592293
3.7427995,-0.019036,0.013301,0.983142,0.983417,1.353207,145.057312
3.7621918,-0.023917,0.016351,0.980824,0.981252,1.691885,145.640625
3.7815843,-0.019890,0.008908,0.975089,0.975332,1.280236,155.874649
3.8009772,-0.019402,0.010860,0.969964,0.970219,1.313135,150.762146
3.8203678,-0.019646,0.015009,0.977651,0.977964,1.448614,142.621078
3.8397613,-0.024039,0.010738,0.979604,0.979957,1.539387,155.929657
3.8591549,-0.019646,0.015863,0.979238,0.979563,1.477108,141.080734
3.8785465,-0.020378,0.016473,0.982898,0.983248,1.527134,141.048508
3.8979394,-0.020012,0.007321,0.965449,0.965684,1.264394,159.904770
3.9173331,-0.022574,0.021964,0.987535,0.988037,1.826813,135.784821
3.9367263,-0.015741,0.010982,0.972160,0.972350,1.130904,145.097504
3.9561205,-0.015741,0.011470,0.974601,0.974795,1.144663,143.919846
3.9755125,-0.007199,0.020744,0.973503,0.973750,1.292104,109.139778
3.9949059,-0.016351,0.012812,0.962398,0.962623,1.236539,141.918381
4.0142984,-0.009396,0.010494,0.978139,0.978241,0.825194,131.839630
4.0336900,-0.011226,0.013667,0.964961,0.965123,1.049971,129.400665
4.0530820,-0.018181,0.013545,0.979970,0.980232,1.325299,143.315125
4.0724740,-0.005979,0.002196,0.967401,0.967422,0.377424,159.829346
4.0918684,-0.024649,0.010006,0.983752,0.984112,1.548892,157.905777
4.1112623,-0.015497,0.013423,0.981190,0.981404,1.196976,139.102798
4.1306562,-0.021110,0.008664,0.979360,0.979625,1.334862,157.686523
4.1500492,-0.017571,0.006101,0.981434,0.981610,1.085705,160.851868
4.1694422,-0.016595,0.004515,0.981678,0.981829,1.003662,164.780533
4.1888342,-0.016107,0.001220,0.983508,0.983641,0.941076,175.667679
4.2082262,-0.012934,-0.001098,0.978017,0.978104,0.760276,184.853088
4.2276187,-0.019646,0.003417,0.974845,0.975049,1.171863,170.134186
4.2470098,-0.016229,0.006711,0.983630,0.983787,1.022973,157.533249
4.2664018,-0.021720,-0.002807,0.969720,0.969967,1.293768,187.362595
4.2857962,-0.018181,0.001220,0.982166,0.982335,1.062936,176.160400
4.3051891,-0.022330,-0.002685,0.964839,0.965101,1.335448,186.855118
4.3245845,-0.021598,-0.003783,0.975333,0.975579,1.287704,189.934097
4.3439770,-0.011348,-0.005857,0.961300,0.961385,0.761047,207.299576
4.3633685,-0.025015,-0.002440,0.968499,0.968826,1.486616,185.572205
4.3827634,-0.011958,-0.008054,0.966425,0.966533,0.854550,213.959061
4.4021592,-0.010128,-0.014277,0.960202,0.960362,1.044365,234.648041
4.4215522,-0.013545,-0.013911,0.980824,0.981016,1.133842,225.763901
4.4409451,-0.002807,-0.015009,0.970818,0.970938,0.900921,259.408478
4.4603372,-0.001464,-0.010372,0.980458,0.980514,0.612298,261.964294
4.4797292,-0.008420,-0.012324,0.984607,0.984720,0.868406,235.660355
4.4991202,-0.001952,-0.012080,0.982654,0.982730,0.713267,260.819458
4.5185127,-0.010372,-0.017693,0.974113,0.974329,1.206096,239.620880
4.5379057,-0.006589,-0.016107,0.987047,0.987200,1.010075,247.750977
4.5572963,-0.011592,-0.014155,0.972160,0.972332,1.078108,230.683701
4.5766873,-0.001098,-0.016351,0.983142,0.983279,0.955111,266.157532
4.5960770,-0.014765,-0.017693,0.970330,0.970604,1.360419,230.155594
4.6154666,-0.006345,-0.016717,0.978017,0.978181,1.047358,249.215134
4.6348553,-0.013057,-0.011958,0.963497,0.963659,1.052763,222.486191
4.6542449,-0.021964,-0.011104,0.977041,0.977351,1.442793,206.819138
4.6736355,-0.017449,-0.008542,0.958616,0.958812,1.160958,206.082230
4.6930294,-0.020134,-0.001586,0.969720,0.969930,1.193046,184.504913
4.7124228,-0.025503,-0.012202,0.970330,0.970742,1.668826,205.569672
4.7318158,-0.016107,-0.008298,0.970696,0.970865,1.069360,207.255325
4.7512088,-0.022574,-0.005369,0.969476,0.969753,1.371022,193.378540
4.7706027,-0.015253,-0.009762,0.980214,0.980381,1.058324,212.619247
4.7899952,-0.014765,-0.012812,0.968744,0.968941,1.156060,220.950409
4.8093863,-0.014521,-0.009030,0.985217,0.985365,0.994260,211.875366
4.8287773,-0.009396,-0.012324,0.975821,0.975944,0.909782,232.678970
4.8481693,-0.008420,-0.015497,0.980214,0.980372,1.030596,241.484451
4.8675613,-0.014277,-0.011348,0.984119,0.984288,1.061647,218.480194
4.8869534,-0.005979,-0.010616,0.975455,0.975531,0.715732,240.610992
4.9063449,-0.009640,-0.008054,0.981800,0.981881,0.733020,219.876831
4.9257364,-0.008420,-0.012446,0.971550,0.971666,0.886028,235.922806
4.9451270,-0.011226,-0.005979,0.983386,0.983469,0.740985,208.040146
4.9645166,-0.001586,-0.011592,0.971184,0.971255,0.690122,262.207916
4.9839077,-0.001952,-0.012568,0.969598,0.969681,0.751474,261.170258
5.0032992,-0.002929,-0.007321,0.983508,0.983540,0.459275,248.198593
5.0226908,0.003417,-0.013423,0.972892,0.972991,0.815654,284.281097
5.0420833,-0.002685,-0.009030,0.977163,0.977209,0.552493,253.442932
5.0614772,0.006467,-0.008542,0.975455,0.975514,0.629318,307.130920
5.0808697,-0.003905,-0.012324,0.966181,0.966268,0.766683,252.420151
5.1002607,0.001342,-0.010860,0.977285,0.977347,0.641635,277.045776
5.1196523,-0.007443,-0.012202,0.974357,0.974461,0.840466,238.616806
5.1390438,-0.006833,-0.012446,0.977529,0.977632,0.832277,241.232346
5.1584363,-0.005857,-0.012446,0.979604,0.979700,0.804786,244.798874
5.1778283,-0.015741,-0.009396,0.978628,0.978799,1.073196,210.832947
5.1972218,-0.007443,-0.010372,0.975211,0.975294,0.750171,234.334991
5.2166128,-0.016717,-0.014277,0.979360,0.979606,1.285879,220.497803
5.2360044,-0.012934,-0.014521,0.963985,0.964181,1.155552,228.306747
5.2553954,-0.014643,-0.010738,0.977529,0.977698,1.064224,216.253830
5.2747879,-0.015497,-0.017571,0.965083,0.965367,1.390579,228.589493
5.2941799,-0.013545,-0.011348,0.973014,0.973175,1.040423,219.957550
5.3135738,-0.024893,-0.010982,0.972892,0.973273,1.601811,203.805939
5.3329668,-0.017205,-0.013911,0.976797,0.977048,1.297544,218.955902
5.3523607,-0.016595,-0.010250,0.978261,0.978456,1.142267,211.701431
5.3717532,-0.024893,-0.013423,0.984851,0.985257,1.644848,208.334244
5.3911481,-0.015619,-0.008542,0.974967,0.975129,1.046237,208.673157
5.4105430,-0.014643,-0.004271,0.982166,0.982285,0.889775,196.260208
5.4299383,-0.016961,-0.009518,0.964961,0.965157,1.154705,209.299011
5.4493322,-0.010250,0.002440,0.975699,0.975756,0.618972,166.607498
5.4687247,-0.001830,0.000244,0.968255,0.968257,0.110143,172.405350
5.4881210,-0.003539,-0.003417,0.964107,0.964119,0.292752,223.994919
5.5075140,-0.004881,0.004149,0.978017,0.978038,0.375344,139.635468
5.5269060,0.007932,0.009152,0.967645,0.967721,0.717097,49.085621
5.5462995,0.000732,0.006833,0.971062,0.971086,0.405418,83.884491
5.5656929,0.001830,0.005735,0.982898,0.982917,0.350545,72.299568
5.5850859,0.011836,0.009884,0.973747,0.973869,0.907198,39.863621
5.6044784,0.003783,0.009030,0.978872,0.978921,0.573349,67.270271
5.6238713,0.006101,0.006345,0.979360,0.979399,0.515103,46.123306
5.6432657,0.007809,0.015619,0.977773,0.977929,1.023164,63.434948
5.6626587,-0.002440,0.017205,0.981190,0.981344,1.014521,98.073204
5.6820521,-0.006589,0.018304,0.974967,0.975161,1.143123,109.798874
5.7014432,-0.005735,0.016473,0.975455,0.975611,1.024502,109.195473
5.7208338,-0.003661,0.020988,0.971428,0.971662,1.256321,99.893921
5.7402253,-0.009274,0.016839,0.968866,0.969056,1.136600,118.842659
5.7596173,-0.013667,0.014399,0.976065,0.976267,1.165165,133.505661
5.7790112,0.000732,0.020744,0.964595,0.964818,1.232735,87.978638
5.7984042,-0.008420,0.021842,0.981068,0.981347,1.366733,111.080399
5.8177962,-0.005003,0.015497,0.970696,0.970833,0.961034,107.891876
5.8371868,0.003051,0.019036,0.975821,0.976011,1.131769,80.895401
5.8565798,-0.000366,0.026113,0.970208,0.970559,1.541927,90.803162
5.8759723,0.006589,0.017937,0.980092,0.980278,1.116976,69.829346
5.8953652,0.008176,0.023673,0.977285,0.977606,1.467938,70.947090
5.9147582,0.013057,0.025137,0.981190,0.981599,1.653629,62.551846
5.9341521,0.012202,0.026479,0.978872,0.979306,1.706053,65.258354
5.9535451,0.017815,0.023306,0.986193,0.986629,1.703758,52.605782
5.9729371,0.013667,0.026113,0.985095,0.985536,1.713722,62.374039
5.9923291,0.029164,0.025137,0.979848,0.980604,2.250206,40.758862
6.0117216,0.015619,0.031604,0.985949,0.986579,2.047749,63.701027
6.0311136,0.034289,0.026113,0.980702,0.981648,2.516373,37.291660
6.0505052,0.021354,0.027089,0.963497,0.964114,2.050327,51.751705
6.0698967,0.018426,0.028187,0.975699,0.976280,1.976749,56.828171
6.0892882,0.014277,0.025259,0.960690,0.961128,1.729861,60.524113
6.1086793,0.020134,0.018914,0.965937,0.966332,1.638172,43.210091
6.1280727,0.005857,0.028553,0.972892,0.973329,1.716118,78.407822
6.1474638,0.022818,0.022940,0.972282,0.972821,1.905981,45.152790
6.1668553,0.001708,0.021476,0.975089,0.975327,1.265632,85.451958
6.1862464,0.026357,0.030994,0.982166,0.983008,2.372071,49.622372
6.2056365,0.001098,0.024893,0.972282,0.972601,1.468071,87.473885
6.2250271,0.018059,0.023428,0.989244,0.989686,1.712808,52.373764
6.2444196,0.002318,0.025137,0.962887,0.963217,1.501808,84.730347
6.2638116,0.016229,0.030384,0.984119,0.984721,2.004669,61.891697
6.2832036,0.007809,0.019280,0.972770,0.972993,1.225092,67.948936
6.3025956,0.019646,0.024527,0.991684,0.992182,1.814991,51.305447
6.3219891,0.009152,0.027699,0.972526,0.972964,1.718170,71.716629
6.3413806,0.016961,0.024527,0.981434,0.981887,1.740351,55.334499
6.3607726,0.014765,0.029652,0.991684,0.992237,1.913052,63.529343
6.3801656,0.012080,0.028675,0.977041,0.977536,1.824133,67.155449
6.3995590,0.018426,0.026723,0.977041,0.977580,1.902692,55.413826
6.4189525,0.018792,0.033068,0.960568,0.961321,2.267536,60.391918
6.4383454,0.019402,0.038437,0.966791,0.967750,2.550061,63.217094
6.4577365,0.021476,0.024893,0.973259,0.973814,1.934619,49.214176
6.4771290,0.028920,0.022818,0.964107,0.964810,2.188117,38.274483
6.4965224,0.014887,0.031116,0.961788,0.962407,2.053952,64.432091
6.5159168,0.038803,0.028675,0.968377,0.969579,2.852384,36.464172
6.5353093,0.017083,0.032214,0.978994,0.979672,2.133041,62.062855
6.5547028,0.030750,0.022940,0.983142,0.983891,2.234758,36.724106
6.5740948,0.018059,0.029164,0.973380,0.973985,2.018291,58.232269
6.5934873,0.025381,0.025137,0.980946,0.981596,2.085628,44.723209
6.6128793,0.008908,0.030628,0.981678,0.982196,1.860989,73.783630
6.6322713,0.046003,0.026845,0.982776,0.984219,3.102172,30.265886
6.6516657,0.022086,0.019402,0.973747,0.974190,1.729183,41.297787
6.6710601,0.034289,0.024893,0.983386,0.984299,2.467200,35.978848
6.6904521,0.027943,0.020378,0.961544,0.962166,2.059851,36.101688
6.7098441,0.043806,0.022208,0.992416,0.993631,2.833241,26.883358
6.7292347,0.028431,0.020012,0.972770,0.973391,2.046984,35.140285
6.7486277,0.041000,0.018426,0.983264,0.984291,2.617484,24.199377
6.7680197,0.041854,0.020378,0.982166,0.983269,2.713609,25.960545
6.7874146,0.036973,0.026601,0.964107,0.965182,2.704867,35.733955
6.8068080,0.046003,0.028675,0.983386,0.984879,3.155232,31.937031
6.8262000,0.039536,0.025503,0.963985,0.965132,2.794073,32.824512
6.8455911,0.041366,0.028431,0.958738,0.960051,2.997024,34.501347
6.8649807,0.034289,0.029042,0.963741,0.964788,2.669465,40.263767
6.8843713,0.048809,0.020866,0.956907,0.958379,3.175148,23.146708
6.9037628,0.038437,0.026113,0.966791,0.967907,2.751788,34.190819
6.9231539,0.040512,0.026601,0.971794,0.973002,2.855059,33.289963
6.9425459,0.044050,0.024405,0.977895,0.979191,2.948027,28.987183
6.9619393,0.040878,0.023428,0.968500,0.969645,2.785232,29.818504
6.9813304,0.047101,0.026967,0.990952,0.992437,3.135003,29.792814
7.0007219,0.051372,0.026235,0.972160,0.973870,3.395691,27.052895
7.0201154,0.056131,0.026723,0.975943,0.977921,3.644809,25.458508
7.0395093,0.052104,0.028187,0.985949,0.987727,3.438434,28.412659
7.0588994,0.064184,0.028675,0.975577,0.978106,4.121508,24.073570
7.0782890,0.057351,0.024405,0.982898,0.984872,3.628388,23.051302
7.0976810,0.057473,0.029774,0.979970,0.982105,3.778905,27.386269
7.1170735,0.064306,0.034289,0.973014,0.975740,4.283360,28.066845
7.1364646,0.053324,0.023795,0.983630,0.985362,3.397362,24.047586
7.1558552,0.058937,0.024893,0.972892,0.974994,3.762391,22.897261
7.1752467,0.057229,0.031848,0.980824,0.983008,3.820185,29.096079
7.1946392,0.047101,0.020134,0.989610,0.990934,2.963062,23.144825
7.2140317,0.059913,0.016107,0.974845,0.976817,3.641477,15.047563
7.2334237,0.040268,0.035143,0.985217,0.986665,3.105136,41.112091
7.2528172,0.043562,0.016595,0.983264,0.984369,2.714330,20.854460
7.2722101,0.046613,0.015863,0.973380,0.974625,2.895838,18.794167
7.2916007,0.027943,0.031970,0.974845,0.975769,2.494028,48.845055
7.3109922,0.051128,0.012568,0.974113,0.975534,3.093767,13.810800
7.3303843,0.039902,0.029164,0.968622,0.969882,2.921010,36.162579
7.3497748,0.055765,0.034533,0.966303,0.968527,3.883176,31.768108
7.3691659,0.044783,0.008664,0.974479,0.975545,2.679930,10.949208
7.3885560,0.048077,0.026357,0.969842,0.971390,3.235614,28.732584
7.4079471,0.041366,0.033800,0.986803,0.988248,3.098572,39.252575
7.4273376,0.047589,0.005857,0.955321,0.956524,2.873307,7.016501
7.4467278,0.056741,0.022452,0.979482,0.981381,3.564857,21.588652
7.4661198,0.035997,0.023673,0.969598,0.970555,2.544221,33.330006
7.4855118,0.051494,0.010372,0.969110,0.970532,3.102550,11.388241
7.5049052,0.042708,0.020866,0.970208,0.971372,2.804771,26.038813
7.5242977,0.038437,0.025625,0.973624,0.974720,2.716493,33.690067
7.5436897,0.038925,0.018670,0.968133,0.969096,2.553283,25.623486
7.5630817,0.044172,0.013911,0.979238,0.980332,2.707615,17.480108
7.5824757,0.034533,0.026235,0.971550,0.972518,2.555888,37.224567
7.6018691,0.051494,0.026357,0.978139,0.979849,3.384603,27.105564
7.6212616,0.043806,0.018670,0.977041,0.978201,2.790287,23.082918
7.6406517,0.029408,0.021476,0.972526,0.973208,2.144389,36.140301
7.6600432,0.033800,0.018426,0.991074,0.991821,2.224400,28.595966
7.6794353,0.037095,0.022574,0.976919,0.977884,2.545144,31.322716
7.6988273,0.032336,0.026357,0.981312,0.982198,2.434295,39.183285
7.7182207,0.037217,0.025137,0.973869,0.974904,2.640342,34.035480
7.7376142,0.048809,0.028431,0.967645,0.969293,3.340878,30.220802
7.7570052,0.034411,0.027577,0.964229,0.965237,2.618531,38.709332
7.7763972,0.048687,0.024893,0.968255,0.969798,3.232345,27.079670
7.7957888,0.044172,0.029774,0.955809,0.957292,3.189912,33.981277
7.8151817,0.046247,0.021476,0.965815,0.967160,3.022131,24.909210
7.8345728,0.056009,0.021842,0.966303,0.968171,3.559965,21.304703
7.8539634,0.057351,0.031726,0.977041,0.979237,3.837727,28.950998
7.8733563,0.052470,0.026357,0.968255,0.970034,3.470344,26.671549
7.8927479,0.076997,0.020622,0.981434,0.984666,4.643255,14.993567
7.9121404,0.063574,0.020256,0.981556,0.983821,3.888819,17.672817
7.9315324,0.079559,0.025137,0.997419,1.000903,4.781761,17.533978
7.9509244,0.090785,0.012568,0.985705,0.989957,5.312125,7.881978
7.9703174,0.079437,0.017937,0.996443,0.999765,4.672274,12.724356
7.9897084,0.082732,0.016595,0.987047,0.990647,4.886157,11.342431
8.0090990,0.076753,0.019280,0.989732,0.992890,4.571490,14.100522
8.0284901,0.074556,0.014033,0.976553,0.979496,4.442193,10.659284
8.0478802,0.078583,0.016229,0.983508,0.986776,4.664259,11.668775
8.0672722,0.057717,0.015741,0.971550,0.973390,3.523645,15.255119
8.0866632,0.069919,0.018426,0.988877,0.991517,4.182028,14.763248
8.1060553,0.067845,0.014033,0.966547,0.969027,4.099879,11.685961
8.1254492,0.054666,0.024649,0.995711,0.997515,3.446454,24.270271
8.1448393,0.058327,0.005857,0.971306,0.973073,3.453717,5.734327
8.1642323,0.052836,-0.004149,0.970818,0.972264,3.124807,355.510223
8.1836224,0.057229,0.024771,1.005473,1.007404,3.548948,23.404688
8.2030153,0.053568,0.021720,0.976309,0.978019,3.388361,22.070930
8.2224054,0.048809,0.004149,0.964473,0.965716,2.907509,4.858462
8.2417965,0.045149,0.016717,0.984607,0.985783,2.799322,20.318094
8.2611876,0.052104,0.009762,0.968377,0.969827,3.133379,10.611552
8.2805805,0.038925,0.005979,0.969232,0.970031,2.326836,8.732665
8.2999725,0.057107,0.015863,0.981556,0.983344,3.455474,15.524109
8.3193645,0.050884,0.024161,0.971916,0.973547,3.316883,25.399311
8.3387585,0.057717,0.018792,0.967035,0.968938,3.591669,18.034286
8.3581524,0.034167,0.022086,0.960446,0.961307,2.425596,32.879780
8.3775444,0.036485,0.025015,0.967035,0.968046,2.619129,34.435265
8.3969336,0.045881,0.018670,0.969842,0.971106,2.923823,22.142141
8.4163246,0.051372,0.007199,0.972038,0.973421,3.054796,7.977620
8.4357176,0.032580,0.028309,0.982654,0.983602,2.514972,40.987827
8.4551077,0.061744,0.038437,0.955809,0.958572,4.351452,31.903486
8.4744968,0.045881,0.015863,0.939214,0.940468,2.958897,19.072556
8.4938879,-0.005735,0.041610,0.966303,0.967216,2.489000,97.847626
8.5132809,0.040512,0.037705,0.944583,0.946203,3.353162,42.945026
8.5326748,0.031238,0.013667,0.946657,0.947271,2.062794,23.629379
8.5520649,0.011104,0.041366,0.982410,0.983343,2.496381,74.973946
8.5714560,0.041000,0.041610,0.939702,0.941516,3.557104,45.423149
8.5908489,0.018059,0.028065,0.927744,0.928344,2.060231,57.239605
8.6102409,0.016595,0.034655,0.950074,0.950851,2.315959,64.411491
8.6296339,0.029042,0.033678,0.954223,0.955258,2.668292,49.228184
8.6490259,0.024527,0.027089,0.966913,0.967604,2.164375,47.842136
8.6684179,0.020500,0.025869,0.960934,0.961501,1.967321,51.604836
8.6878099,0.039536,0.022818,0.961056,0.962140,2.719374,29.991840
8.7072029,0.060890,0.020622,0.984119,0.986216,3.737536,18.710077
8.7265949,0.049664,0.022086,0.978261,0.979770,3.180139,23.975550
8.7459869,0.073702,0.023184,0.996199,0.999191,4.434867,17.461987
8.7653780,0.077973,0.022696,0.989244,0.992571,4.693023,16.229212
8.7847691,0.080901,0.008542,1.001080,1.004380,4.645912,6.026999
8.8041601,0.081268,0.015253,1.002056,1.005462,4.717170,10.630043
8.8235531,0.090175,0.018059,0.997785,1.002014,5.266038,11.324841
8.8429441,0.070896,0.007321,0.995467,0.998015,4.095243,5.896047
8.8623343,0.062964,0.021232,1.003154,1.005352,3.789616,18.634586
8.8817263,0.072360,0.011470,0.991562,0.994265,4.225773,9.007354
8.9011202,0.048809,0.006589,1.000470,1.001681,2.818417,7.688448
8.9205141,0.042586,0.008420,0.996077,0.997022,2.495440,11.183592
8.9399061,0.060158,0.013545,0.997663,0.999567,3.536845,12.688680
8.9592991,0.058815,0.019890,0.988877,0.990825,3.592650,18.684216
8.9786930,0.032092,0.017571,0.976797,0.977482,2.145118,28.701963
8.9980860,0.046125,0.022452,0.978017,0.979362,3.002505,25.955544
9.0174780,0.037461,0.015985,0.958738,0.959602,2.432606,23.108433
9.0368690,0.022330,0.011348,0.964595,0.964920,1.487405,26.939528
9.0562611,0.040268,0.008786,0.985827,0.986688,2.394001,12.308019
9.0756531,0.024771,0.020012,0.979115,0.979633,1.862881,38.934109
9.0950451,0.012446,0.021720,0.965205,0.965530,1.485694,60.185837
9.1144381,0.029042,0.003783,0.949586,0.950037,1.766468,7.421115
9.1338320,0.024527,0.003051,0.943851,0.944174,1.499983,7.089930
9.1532240,0.032946,-0.008664,0.964351,0.964952,2.023230,345.266876
9.1726170,0.050396,-0.002562,0.963253,0.964573,2.998787,357.089172
9.1920109,0.055399,-0.014277,0.969110,0.970797,3.378350,345.548798
9.2114029,0.046003,-0.006223,0.946901,0.948039,2.806725,352.295868
9.2307959,0.055155,0.000854,0.945315,0.946923,3.339530,0.887253
9.2501879,0.009640,-0.026845,0.933967,0.934402,1.749324,289.752747
9.2695818,0.041244,-0.047467,0.927134,0.929264,3.880098,310.987213
9.2889738,0.020744,-0.029408,0.963863,0.964534,2.138265,305.198914
9.3083668,0.048931,-0.003539,0.970086,0.971326,2.895094,355.863617
9.3277578,0.020866,-0.038925,0.952271,0.953294,2.655349,298.193542
9.3471518,0.051494,-0.040878,0.930672,0.932992,4.040893,321.556091
9.3665428,0.036851,-0.030018,0.962398,0.963571,2.827363,320.834778
9.3859367,0.060402,-0.032458,0.969720,0.972141,4.044720,331.747589
9.4053268,0.034899,-0.035631,0.945803,0.947117,3.018566,314.405243
9.4247189,0.039780,-0.025015,0.958006,0.959157,2.808189,327.836914
9.4441118,0.068821,0.005613,0.966791,0.969254,4.085236,4.662739
9.4635067,0.034289,-0.012934,0.939824,0.940538,2.233094,339.332306
9.4829016,0.045637,-0.003539,0.987413,0.988474,2.654169,355.566162
9.5022936,0.086881,-0.005247,0.975577,0.979452,5.098313,356.543915
9.5216866,0.054178,0.002196,0.990342,0.991825,3.133878,2.321531
9.5410776,0.075044,-0.011714,0.989976,0.992885,4.387268,351.127869
9.5604696,0.072482,0.010738,0.995955,0.998647,4.207706,8.426970
9.5798616,0.069553,0.025747,0.994247,0.997009,4.266042,20.313314
9.5992556,0.061378,0.011470,0.984851,0.986828,3.627740,10.585264
9.6186495,0.065038,0.010494,1.008401,1.010551,3.737850,9.165727
9.6380434,0.060280,-0.003539,0.991562,0.993399,3.484869,356.640350
9.6574354,0.070163,0.009396,1.006083,1.008570,4.024723,7.627276
9.6768284,0.061988,0.024283,0.986803,0.989046,3.859605,21.391882
9.6962233,0.056253,0.016107,0.975211,0.976965,3.433705,15.978221
9.7156153,0.085660,0.008908,0.988389,0.992134,4.979844,5.936770
9.7350092,0.067113,0.003173,0.967523,0.969853,3.972418,2.706513
9.7544022,0.078217,0.003295,0.967279,0.970442,4.627111,2.411969
9.7737951,0.076143,-0.008908,0.962154,0.965204,4.555522,353.327454
9.7931890,0.052470,0.006223,0.974235,0.975666,3.104380,6.763948
9.8125830,0.050762,0.013911,0.970452,0.971878,3.104380,15.325020
9.8319778,0.055643,-0.006345,0.951416,0.953063,3.368774,353.494385
9.8513699,0.048565,-0.013056,0.970940,0.972241,2.964977,344.952179
9.8707619,0.057229,-0.013789,0.966425,0.968216,3.485656,346.453461
9.8901548,0.037827,-0.001830,0.972648,0.973385,2.229761,357.229797
9.9095488,0.036851,-0.018914,0.968744,0.969629,2.448326,332.831055
9.9289398,0.022208,-0.013789,0.968988,0.969340,1.545224,328.164703
9.9483318,0.027943,-0.010860,0.960812,0.961280,1.787175,338.761566
9.9677219,0.011958,-0.030506,0.957029,0.957590,1.960944,291.405182
9.9871149,0.020622,-0.038559,0.976919,0.977897,2.562924,298.138336
10.0065079,0.014643,-0.022452,0.977651,0.978019,1.570598,303.111328
10.0259027,0.014277,-0.017815,0.982654,0.982920,1.330898,308.707642
10.0452976,0.005857,-0.039780,0.959226,0.960068,2.400288,278.376007
10.0646896,0.015253,-0.026601,0.985705,0.986182,1.781801,299.829712
10.0840826,0.025869,-0.045027,0.976065,0.977445,3.045361,299.878479
10.1034746,0.004881,-0.049419,0.974113,0.975378,2.918395,275.640564
10.1228666,0.010494,-0.028187,0.984363,0.984822,1.750218,290.420013
10.1422596,0.015985,-0.038925,0.958494,0.959417,2.513805,292.325897
10.1616526,0.000976,-0.056375,0.950440,0.952111,3.394999,270.992035
10.1810427,0.018670,-0.048443,0.966669,0.968062,3.074216,291.076172
10.2004347,0.025869,-0.036729,0.957029,0.958083,2.687661,305.157776
10.2198286,0.019158,-0.043318,0.979848,0.980992,2.767535,293.857574
10.2392235,0.039170,-0.054544,0.964595,0.966929,3.982314,305.682922
10.2586164,0.037949,-0.040878,0.979238,0.980825,3.260087,312.872345
10.2780094,0.036973,-0.037095,0.973381,0.974789,3.079942,314.905609
10.2974033,0.043318,-0.050274,0.960568,0.962858,3.952055,310.749847
10.3167953,0.059913,-0.043318,0.984485,0.987257,4.294731,324.132538
10.3361893,0.039536,-0.035631,0.976675,0.978124,3.119164,317.973724
10.3555822,0.063818,-0.043562,0.987779,0.990797,4.472820,325.682526
10.3749762,0.046857,-0.038803,0.971672,0.973575,3.582663,320.371002
10.3943691,0.044539,-0.034777,0.984363,0.985983,3.285510,322.016510
10.4137611,0.053446,-0.046491,0.973869,0.976442,4.160195,318.981201
10.4331532,0.038193,-0.038559,0.986681,0.988173,3.148462,314.726746
10.4525471,0.042464,-0.038437,0.984729,0.986393,3.328843,317.849487
10.4719410,0.039170,-0.043928,0.978872,0.980639,3.440882,311.722321
10.4913340,0.030628,-0.046125,0.965937,0.967523,3.280620,303.584991
10.5107288,0.028798,-0.044172,0.964839,0.966279,3.128251,303.101685
10.5301218,0.022574,-0.049541,0.975577,0.977095,3.194082,294.497101
10.5495157,0.031848,-0.042342,0.980580,0.982010,3.092818,306.949066
10.5689087,0.020622,-0.052592,0.968255,0.969902,3.339003,291.410706
10.5883017,0.020256,-0.046613,0.974967,0.976291,2.984063,293.487610
10.6076965,0.007809,-0.050518,0.967889,0.969238,3.023167,278.787750
10.6270895,0.006711,-0.044050,0.991562,0.992563,2.573061,278.662659
10.6464806,0.006101,-0.043440,0.962642,0.963641,2.609096,277.994873
10.6658716,0.010860,-0.046979,0.969842,0.971040,2.846201,283.016357
10.6852665,0.010250,-0.050518,0.979970,0.981324,3.011034,281.469543
10.7046604,0.005491,-0.036607,0.969964,0.970670,2.185522,278.530762
10.7240534,0.007687,-0.051006,0.972404,0.973771,3.036478,278.570984
10.7434454,-0.013911,-0.060036,0.942631,0.944643,3.740469,256.954376
10.7628374,0.012202,-0.029896,0.994368,0.994893,1.859937,292.203491
10.7822323,-0.002562,-0.048321,0.973624,0.974826,2.845238,266.964417
10.8016262,0.006589,-0.054056,0.970940,0.972466,3.210162,276.949860
10.8210192,0.017571,-0.032702,0.978017,0.978722,2.173759,298.249725
10.8404131,0.016717,-0.048077,0.970208,0.971542,3.003222,289.173370
10.8598042,0.008420,-0.049053,0.980580,0.981842,2.905623,279.739441
10.8791962,0.016839,-0.042220,0.967035,0.968103,2.691082,291.744293
10.8985882,0.023795,-0.038681,0.974967,0.976024,2.666971,301.597412
10.9179821,0.012202,-0.042830,0.960812,0.961844,2.653874,285.902283
10.9373751,0.029042,-0.048565,0.994124,0.995734,3.257804,300.878998
10.9567690,0.016229,-0.046979,0.965815,0.967093,2.946034,289.057709
10.9761639,0.019280,-0.033068,0.979970,0.980717,2.236859,300.243286
10.9955578,0.012934,-0.051250,0.967157,0.968601,3.128251,284.164551
11.0149527,0.011226,-0.049419,0.975577,0.976892,2.973680,282.798157
11.0343456,0.014643,-0.045027,0.986437,0.987573,2.748016,288.014709
11.0537405,0.017083,-0.048687,0.974113,0.975478,3.032026,289.334808
11.0731354,0.010250,-0.038925,0.968133,0.968970,2.380802,284.752411
11.0925312,0.019280,-0.052348,0.965937,0.967547,3.305294,290.218658
11.1119242,0.000854,-0.056863,0.972282,0.973944,3.347494,270.860596
11.1313181,0.028187,-0.039902,0.967035,0.968268,2.892050,305.238220
11.1507130,0.007443,-0.036241,0.972770,0.973474,2.178166,281.606415
11.1701059,0.026235,-0.049908,0.981678,0.983296,3.287178,297.729675
11.1894989,0.003905,-0.044050,0.955443,0.956466,2.650036,275.065613
11.2088928,0.029408,-0.041244,0.980092,0.981400,2.958566,305.489532
11.2282877,0.002318,-0.049908,0.955199,0.956505,2.994083,272.659760
11.2476778,0.020134,-0.044172,0.990464,0.991653,2.805958,294.503540
11.2670708,0.007321,-0.040634,0.968011,0.968892,2.442323,280.213959
11.2864637,0.004881,-0.047101,0.981434,0.982576,2.762367,275.916260
11.3058577,0.004759,-0.052714,0.977285,0.978717,3.099962,275.158539
11.3252525,-0.002196,-0.044294,0.982898,0.983898,2.583538,267.161224
11.3446455,0.003051,-0.049664,0.964961,0.966243,2.951743,273.514984
11.3640394,0.003295,-0.056741,0.972160,0.973820,3.345973,273.323120
11.3834343,-0.002685,-0.047711,0.995101,0.996247,2.749297,266.779602
11.4028254,0.012690,-0.048077,0.980092,0.981352,2.904342,284.786499
11.4222174,0.006223,-0.050274,0.981068,0.982375,2.955786,277.056549
11.4416084,0.018914,-0.056985,0.968499,0.970359,3.547513,288.361298
11.4610004,0.006711,-0.047589,0.999738,1.000892,2.752286,278.027252
11.4803934,0.026357,-0.047101,0.979115,0.980602,3.155232,299.230743
11.4997864,0.014765,-0.048199,0.981312,0.982606,2.940647,287.031342
11.5191774,0.037705,-0.056619,0.962764,0.965165,4.041523,303.661560
11.5385714,0.011836,-0.040390,0.975577,0.976484,2.470371,286.333282
11.5579624,0.031360,-0.041854,0.976797,0.978196,3.064777,306.843170
11.5773525,0.023306,-0.047223,0.960934,0.962376,3.136813,296.268188
11.5967445,0.007199,-0.042586,0.963008,0.963976,2.567960,279.595367
11.6161375,0.019158,-0.043684,0.969964,0.971136,2.815429,293.679718
11.6355295,0.016107,-0.052104,0.955687,0.957242,3.266027,287.178131
11.6549206,0.011592,-0.043074,0.973503,0.974524,2.623535,285.062653
11.6743135,0.010982,-0.037949,0.971550,0.972353,2.328517,286.139862
11.6937046,0.006101,-0.051860,0.967645,0.969053,3.088891,276.709839
11.7130985,0.007077,-0.051738,0.968622,0.970028,3.085911,277.789276
11.7324915,0.015497,-0.039780,0.978872,0.979802,2.497322,291.284424
11.7518873,0.003051,-0.045637,0.977651,0.978721,2.678615,273.824249
11.7712822,0.017205,-0.043318,0.974967,0.976080,2.737024,291.662140
11.7906780,0.017449,-0.050884,0.971916,0.973404,3.167926,288.928162
11.8100700,0.015375,-0.041244,0.969598,0.970596,2.599249,290.444489
11.8294649,0.012812,-0.035753,0.961910,0.962660,2.261053,289.715729
11.8488579,0.013423,-0.038803,0.968500,0.969370,2.427613,289.081116
11.8682518,0.002562,-0.046857,0.945559,0.946723,2.841176,273.130249
11.8876429,0.008542,-0.040268,0.970940,0.971812,2.427613,281.976135
11.9070349,0.012080,-0.034533,0.970818,0.971507,2.158126,289.281036
11.9264269,-0.001342,-0.054666,0.952758,0.954326,3.284855,268.593475
11.9458208,0.002807,-0.046003,0.976797,0.977884,2.701319,273.491180
11.9652119,-0.008054,-0.032336,0.969110,0.969683,1.969409,256.014648
11.9846048,-0.007809,-0.050396,0.984485,0.985805,2.965373,261.191284
12.0039978,-0.005613,-0.053324,0.958127,0.959627,3.203080,263.990997
12.0233898,0.001342,-0.035875,0.989122,0.989773,2.078672,272.142731
12.0427828,-0.006711,-0.048199,0.975333,0.976546,2.856430,262.073090
12.0621748,-0.003661,-0.051860,0.986681,0.988050,3.016166,265.962280
12.0815678,-0.005613,-0.047589,0.984241,0.985406,2.787339,263.273102
12.1009569,-0.004759,-0.039047,0.980336,0.981125,2.297803,263.051331
12.1203489,-0.008542,-0.049908,0.981800,0.983105,2.952207,260.287964
12.1397429,0.005125,-0.048565,0.989366,0.990570,2.825770,276.023987
12.1591358,0.004637,-0.044783,0.973380,0.974421,2.648189,275.911469
12.1785269,0.016717,-0.044172,0.988877,0.990005,2.734448,290.729309
12.1979170,0.016229,-0.044539,0.970574,0.971731,2.796104,290.020905
12.2173071,0.024771,-0.039902,0.982044,0.983166,2.737953,301.831818
12.2366982,0.028553,-0.039536,0.955199,0.956443,2.922752,305.837646
12.2560902,0.035875,-0.049419,0.967645,0.969570,3.611132,305.976868
12.2754793,0.023306,-0.048199,0.980946,0.982406,3.123993,295.805817
12.2948675,0.041366,-0.043562,0.958250,0.960131,3.587250,313.518555
12.3142576,0.007932,-0.044783,0.954589,0.955672,2.727711,280.043610
12.3336496,0.021110,-0.046125,0.976553,0.977870,2.973482,294.592255
12.3530407,0.029164,-0.047345,0.949464,0.951091,3.351761,301.632202
12.3724327,0.013301,-0.040756,0.982532,0.983467,2.498497,288.073944
12.3918228,0.018181,-0.048199,0.949830,0.951226,3.104443,290.667236
12.4112148,0.008786,-0.037705,0.975089,0.975857,2.273656,283.116425
12.4306059,0.008054,-0.049908,0.962520,0.963847,3.006480,279.166748
12.4499998,-0.001098,-0.055521,0.954955,0.956568,3.328079,268.866821
12.4693918,0.010860,-0.039047,0.975943,0.976784,2.378005,285.542572
12.4887857,0.000976,-0.047223,0.969964,0.971113,2.787901,271.184235
12.5081778,0.002440,-0.054911,0.977773,0.979317,3.217411,272.544800
12.5275688,-0.004637,-0.046613,0.964107,0.965244,2.781645,264.319122
12.5469589,-0.010738,-0.053690,0.968378,0.969924,3.236158,258.690063
12.5663509,-0.003661,-0.055155,0.961788,0.963375,3.289262,266.202759
12.5857401,0.004271,-0.043806,0.975333,0.976326,2.583841,275.568329
12.6051311,0.002562,-0.045271,0.950562,0.951643,2.731010,273.239685
12.6245241,0.027333,-0.037217,0.980824,0.981910,2.695443,306.294525
12.6439171,-0.002685,-0.045149,0.971306,0.972359,2.666016,266.597229
12.6633101,0.001708,-0.044417,0.967279,0.968300,2.631059,272.202606
12.6827021,0.020256,-0.038193,0.957395,0.958371,2.585507,297.939301
12.7020960,-0.002562,-0.044783,0.959958,0.961005,2.675325,266.725067
12.7214851,0.007687,-0.040512,0.982654,0.983519,2.402814,280.744629
12.7408762,0.009518,-0.044417,0.963863,0.964932,2.698201,282.094757
12.7602654,-0.011104,-0.045637,0.983630,0.984751,2.733804,256.324799
12.7796564,0.005369,-0.048565,0.987779,0.988987,2.831928,276.308594
12.7990475,-0.001342,-0.058937,0.973747,0.975529,3.464585,268.695343
12.8184366,-0.008176,-0.044294,0.991684,0.992706,2.600604,259.542450
12.8378277,0.005735,-0.045393,0.973381,0.974455,2.691227,277.200836
12.8572187,0.006589,-0.052958,0.970574,0.972040,3.147156,277.092529
12.8766098,0.001586,-0.054178,0.983508,0.985001,3.154364,271.677094
12.8960018,0.012080,-0.043196,0.959836,0.960883,2.675471,285.624237
12.9153929,0.027089,-0.045881,0.969110,0.970573,3.146907,300.558685
12.9347868,0.021110,-0.058693,0.974723,0.976716,3.661425,289.782013
12.9541788,0.027455,-0.051860,0.970208,0.971981,3.461079,297.897278
12.9735718,0.017083,-0.037949,0.967035,0.967930,2.464263,294.235413
12.9929628,0.039658,-0.039780,0.973136,0.974756,3.303516,314.911987
13.0123558,0.015985,-0.049419,0.948854,0.950274,3.133254,287.924164
13.0317469,0.019158,-0.038803,0.960934,0.961908,2.578533,296.276031
13.0511379,0.013301,-0.052470,0.952026,0.953564,3.254136,284.224213
13.0705271,0.010128,-0.038315,0.983508,0.984307,2.307578,284.806427
13.0899172,0.001708,-0.056619,0.949464,0.951152,3.414206,271.728241
13.1093111,-0.009396,-0.049908,0.957884,0.959229,3.034801,259.338074
13.1287041,0.013057,-0.040024,0.977285,0.978192,2.466645,288.067352
13.1480951,-0.002196,-0.059303,0.979116,0.980912,3.468482,267.878906
13.1674862,0.035753,-0.050030,0.991562,0.993467,3.548617,305.550903
13.1868792,-0.005979,-0.041244,0.978872,0.979758,2.437831,261.751282
13.2062702,0.005369,-0.056863,0.988999,0.990647,3.305234,275.393921
13.2256641,0.025503,-0.054178,0.984363,0.986182,3.481159,295.207336
13.2450571,0.003173,-0.036241,0.979238,0.979913,2.127529,275.003052
13.2644501,0.001586,-0.044905,0.975943,0.976977,2.636039,272.023193
13.2838449,0.033312,-0.043928,0.971184,0.972748,3.249018,307.174255
13.3032408,0.008908,-0.041732,0.961056,0.962003,2.542297,282.048981
13.3226347,0.020988,-0.057351,0.963863,0.965795,3.625418,290.100464
13.3420286,0.025137,-0.043318,0.968378,0.969672,2.960616,300.125824
13.3614206,0.017327,-0.033678,0.966303,0.967045,2.244546,297.225494
13.3808146,0.018792,-0.046369,0.959104,0.960408,2.986161,292.060913
13.4002085,0.021720,-0.057351,0.940922,0.942919,3.729092,290.742859
13.4196005,0.020378,-0.035631,0.966791,0.967662,2.431077,299.765991
13.4389954,-0.005491,-0.045271,0.962642,0.963722,2.712238,263.084167
13.4583902,0.004271,-0.054056,0.960690,0.962219,3.230527,274.517365
13.4777861,0.007199,-0.041854,0.975211,0.976135,2.493557,279.760040
13.4971809,-0.000122,-0.039780,0.975333,0.976144,2.335484,269.824249
13.5165758,0.009518,-0.046003,0.967157,0.968297,2.780800,281.689362
13.5359688,0.000488,-0.050152,0.985217,0.986492,2.914233,270.557617
13.5553646,0.012446,-0.037339,0.968011,0.968811,2.328349,288.434937
13.5747576,0.009762,-0.042830,0.980214,0.981198,2.565977,282.839539
13.5941515,0.013056,-0.056375,0.972892,0.974612,3.403868,283.039886
13.6135473,0.015619,-0.043074,0.966181,0.967267,2.714979,289.930969
13.6329432,0.014033,-0.041122,0.973991,0.974959,2.554280,288.842010
13.6523361,0.013545,-0.049419,0.997053,0.998369,2.942044,285.326904
13.6717319,0.005857,-0.045759,0.969354,0.970451,2.724623,277.294189
13.6911268,0.028920,-0.035631,0.963375,0.964467,2.727208,309.064301
13.7105198,0.055155,-0.050884,0.956907,0.959845,4.484016,317.306396
13.7299137,0.019036,-0.051494,0.958372,0.959943,3.278591,290.287750
13.7493048,0.023917,-0.052592,0.982654,0.984351,3.364820,294.453979
13.7686977,0.014887,-0.053080,0.970452,0.972017,3.251307,285.666687
13.7880898,0.006101,-0.028431,0.984241,0.984670,1.692232,282.111542
13.8074827,0.008908,-0.053324,0.947145,0.948687,3.266926,279.483582
13.8268757,0.010006,-0.065405,0.978750,0.980983,3.867410,278.697968
13.8462706,0.013789,-0.035021,0.989610,0.990325,2.177986,291.490967
13.8656664,0.019402,-0.034167,0.967279,0.968077,2.325994,299.590393
13.8850584,0.008176,-0.048931,0.978261,0.979518,2.903129,279.485504
13.9044523,0.000122,-0.047467,0.960934,0.962106,2.827916,270.147278
13.9238453,0.034289,-0.035387,0.980458,0.981695,2.877052,314.096985
13.9432402,0.001220,-0.046613,0.979238,0.980347,2.726203,271.499542
13.9626350,0.007565,-0.050762,0.956541,0.957917,3.071222,278.476868
13.9820271,0.018304,-0.043684,0.957517,0.958688,2.831790,292.733398
14.0014200,0.001220,-0.049786,0.982532,0.983794,2.901645,271.404022
14.0208168,-0.002562,-0.060646,0.968133,0.970034,3.587632,267.580505
14.0402107,0.022818,-0.048077,0.971550,0.973007,3.135315,295.389923
14.0596046,0.007565,-0.041976,0.969720,0.970657,2.518550,280.216888
14.0789986,0.010372,-0.055277,0.985217,0.986821,3.267165,280.627289
14.0983925,0.028187,-0.061134,0.968622,0.970958,3.975621,294.753387
14.1177845,0.004027,-0.044294,0.964961,0.965985,2.639008,275.194427
14.1371765,0.009396,-0.041610,0.976675,0.977606,2.500924,282.724365
14.1565695,0.034533,-0.050762,0.959836,0.961797,3.659821,304.226990
14.1759624,0.001464,-0.044172,0.977163,0.978162,2.589743,271.898621
14.1953554,0.018792,-0.035265,0.954101,0.954937,2.398248,298.051910
14.2147484,0.047955,-0.053446,0.969598,0.972253,4.235495,311.900360
14.2341433,-0.016107,-0.058449,0.968255,0.970152,3.582936,254.593170
14.2535381,0.028187,-0.036363,0.971672,0.972761,2.710867,307.781677
14.2729340,0.033556,-0.051982,0.969232,0.971205,3.652591,302.843872
14.2923269,-0.004637,-0.055399,0.977163,0.978743,3.256181,265.215485
14.3117218,0.046247,-0.040268,0.980824,0.982739,3.577467,318.953522
14.3311157,0.027943,-0.043562,0.978383,0.979751,3.028020,302.678406
14.3505106,-0.003661,-0.055033,0.966425,0.967998,3.266326,266.194366
14.3699055,0.016717,-0.037095,0.968378,0.969232,2.405989,294.259094
14.3893013,0.040268,-0.037461,0.973747,0.975299,3.232708,317.067871
14.4086962,0.022696,-0.045271,0.949952,0.951301,3.051590,296.626801
14.4280910,0.025747,-0.049297,0.961910,0.963517,3.309082,297.577026
14.4474859,0.039902,-0.037339,0.994002,0.995503,3.146845,316.900116
14.4668798,-0.005247,-0.040390,0.963131,0.963991,2.421477,262.598206
14.4862747,0.028187,-0.053446,0.983142,0.984997,3.516971,297.807037
14.5056686,0.020378,-0.046979,0.950684,0.952062,3.083245,293.449585
14.5250626,0.023551,-0.037095,0.989244,0.990219,2.543221,302.410187
14.5444574,-0.007565,-0.050274,0.969964,0.971295,3.000353,261.442047
14.5638533,0.039414,-0.045515,0.959348,0.961235,3.591124,310.890991
14.5832472,0.000732,-0.034289,0.948366,0.948986,2.071126,271.223206
14.6026402,-0.011714,-0.050640,0.966669,0.968066,3.077780,256.975128
14.6220341,0.043196,-0.042586,0.970330,0.972224,3.577138,315.407501
14.6414280,0.004271,-0.034655,0.941410,0.942058,2.124122,277.025665
14.6608219,0.002685,-0.042464,0.975943,0.976870,2.496381,273.617340
14.6802139,0.021110,-0.027577,0.958005,0.958635,2.076223,307.433594
14.6996078,0.015741,-0.032824,0.948000,0.948698,2.199091,295.620239
14.7190018,0.012080,-0.036607,0.956297,0.957074,2.308341,288.262878
14.7383957,0.025381,-0.035631,0.974479,0.975460,2.570398,305.463379
14.7577877,0.032214,-0.024405,0.954223,0.955078,2.425273,322.853302
14.7771778,0.050152,-0.043562,0.978261,0.980514,3.884738,319.022003
14.7965689,0.030018,-0.031726,0.940922,0.941935,2.657633,313.415161
14.8159618,0.032580,-0.022208,0.983386,0.984177,2.296099,325.719788
14.8353548,0.030750,-0.064672,0.962887,0.965546,4.253305,295.429779
14.8547487,0.018914,-0.029774,0.970452,0.971093,2.081589,302.425598
14.8741436,0.028675,-0.032336,0.945437,0.946424,2.617410,311.566376
14.8935366,0.026357,-0.055033,0.962887,0.964818,3.626013,295.591431
14.9129305,0.017327,-0.040146,0.986559,0.987528,2.537750,293.345551
14.9323225,0.017449,-0.039292,0.977285,0.978230,2.518861,293.945984
14.9517164,0.005369,-0.043074,0.966181,0.967156,2.572377,277.105042
14.9711123,0.025991,-0.045759,0.989610,0.991008,3.044011,299.596588
14.9905062,-0.016839,-0.059913,0.962398,0.964409,3.699994,254.301498
15.0099010,0.049541,-0.060035,1.001568,1.004588,4.443868,309.529572
15.0292959,0.000122,-0.043806,0.971794,0.972781,2.581037,270.159607
15.0486898,0.013789,-0.071140,0.957273,0.960012,4.328934,280.969330
15.0680838,0.025015,-0.069675,0.998395,1.001136,4.240624,289.749115
15.0874748,0.013423,-0.056741,0.965571,0.967330,3.455701,283.309174
15.1068678,0.046491,-0.063818,0.995589,0.998715,4.534405,306.072937
15.1262608,0.049541,-0.058327,0.966791,0.969815,4.525844,310.343658
15.1456528,0.034411,-0.055155,0.970940,0.973114,3.830474,301.959778
15.1650476,0.037095,-0.058693,0.973991,0.976462,4.077607,302.293579
15.1844444,0.059059,-0.065893,0.980824,0.984807,5.155067,311.869751
15.2038383,0.010006,-0.050640,0.975943,0.977307,3.027632,281.177124
15.2232332,0.055765,-0.044783,0.960080,0.962740,4.260299,321.233337
15.2426262,0.059303,-0.043806,0.931893,0.934805,4.523636,323.547333
15.2620211,0.035265,-0.020256,0.950440,0.951310,2.450164,330.127167
15.2814150,0.034533,-0.052836,0.922985,0.925141,3.912215,303.167816
15.3008089,0.049541,-0.039292,0.937872,0.940001,3.857016,321.581940
15.3202047,0.048687,-0.031604,0.932137,0.933942,3.563318,327.011475
15.3395996,0.039780,-0.045271,0.952271,0.954176,3.621149,311.305969
15.3589916,0.062232,-0.045149,0.942997,0.946126,4.661150,324.039490
15.3783865,0.058205,-0.034289,0.930062,0.932512,4.154306,329.497711
15.3977814,0.053690,-0.030506,0.921277,0.923344,3.834715,330.395538
15.4171762,0.053568,-0.053568,0.941410,0.944454,4.600790,315.000000
15.4365721,0.070285,-0.029530,0.940434,0.943519,4.634556,337.210815
15.4559669,0.077973,-0.022452,0.941166,0.944658,4.927440,343.936249
15.4753618,0.047955,-0.026235,0.902363,0.904017,3.466506,331.318085
15.4947548,0.129833,-0.028920,0.946291,0.955594,8.001332,347.442688
15.5141497,0.079681,-0.002074,0.931404,0.934809,4.891366,358.508728
15.5335417,0.060280,0.022330,0.975089,0.977205,3.771747,20.326914
15.5529356,0.020378,-0.026235,0.918592,0.919192,2.071126,307.838074
15.5723314,0.046979,-0.030018,0.992172,0.993737,3.216011,327.423004
15.5917253,0.001952,0.007443,0.910905,0.910937,0.483760,75.302681
15.6111202,0.034899,0.011226,0.925303,0.926029,2.268830,17.831860
15.6305161,0.031482,-0.047345,0.996809,0.998429,3.264528,303.621857
15.6499090,-0.031726,0.074434,0.935797,0.939289,4.941733,113.085136
15.6693029,0.101279,0.018181,0.975333,0.980746,6.022490,10.177226
15.6886978,-0.117264,-0.042952,0.855018,0.864090,8.309834,200.117035
15.7080927,0.030872,0.075777,0.992904,0.996270,4.711020,67.833656
15.7274876,-0.018914,-0.004027,0.910538,0.910744,1.216757,192.018997
15.7468815,-0.034045,-0.012934,0.957639,0.958332,2.177896,200.803207
15.7662754,-0.047955,0.053446,0.965327,0.967994,4.254134,131.900360
15.7856693,-0.019402,-0.014887,0.979115,0.979421,1.430808,217.498871
15.8050613,-0.063818,-0.038681,0.974601,0.977454,4.378643,211.220825
15.8244553,-0.024283,-0.084684,1.019139,1.022940,4.940544,254.000092
15.8438492,-0.015009,-0.119339,1.075026,1.081734,6.383988,262.831726
15.8632431,0.051128,-0.162047,1.098943,1.112002,8.789614,287.511108
15.8826370,-0.002685,-0.173029,1.168862,1.181602,8.421472,269.111145
15.9020319,-0.054666,-0.168758,1.158490,1.171993,8.705698,252.051132
15.9214230,0.010494,-0.247219,1.147264,1.173645,12.171129,272.430634
15.9408178,0.032092,-0.237213,1.235121,1.258103,10.968316,277.704651
15.9602098,0.047223,-0.232455,1.240002,1.262485,10.829419,281.483337
15.9796019,-0.015863,-0.239532,1.229630,1.252843,11.046728,266.211121
15.9989920,0.119339,-0.291026,1.265749,1.304246,13.955563,292.296722
16.0183868,0.068089,-0.205365,1.236219,1.255009,9.927155,288.342987
16.0377808,0.129467,-0.132029,1.255376,1.268922,8.379323,314.438568
16.0571728,0.142035,-0.222815,1.132255,1.162679,13.136086,302.515839
16.0765667,0.017449,-0.089687,1.113463,1.117206,4.691060,281.009796
16.0959606,0.194017,-0.048077,1.122249,1.139911,10.099114,346.082520
16.1153545,0.137154,-0.119095,0.967035,0.983947,10.638300,319.031311
16.1347485,0.102256,-0.011348,1.000226,1.005503,5.872728,353.667297
16.1541424,0.181693,0.048931,0.967889,0.986010,11.001562,15.072628
16.1735363,0.128613,-0.023551,0.848673,0.858686,8.758427,349.623413
16.1929302,0.092616,0.046735,0.900289,0.906246,6.573158,26.776028
16.2123241,0.058815,0.111285,0.854164,0.863388,8.382908,62.143154
16.2317162,0.081146,0.055277,0.779607,0.785766,7.178077,34.262806
16.2511101,0.047345,0.108845,0.736289,0.745795,9.157789,66.492043
16.2705040,0.058449,0.113604,0.726283,0.737434,9.976676,62.774155
16.2898960,0.048443,0.140205,0.696876,0.712488,12.016720,70.939056
16.3092880,0.022330,0.170955,0.673203,0.694929,14.364705,82.558105
16.3286819,-0.042464,0.109211,0.573144,0.584999,11.554558,111.247421
16.3480778,-0.045759,0.145208,0.685405,0.702111,12.523614,107.490997
16.3674717,-0.014033,0.158386,0.638182,0.657693,13.990708,95.063065
16.3868656,-0.070896,0.113482,0.668322,0.681585,11.321677,121.994301
16.4062576,-0.083464,0.156922,0.725185,0.746648,13.771331,118.007698
16.4256535,-0.010494,0.145452,0.774604,0.788212,10.661916,94.126610
16.4450455,-0.165220,0.138252,0.884669,0.910523,13.686156,140.078079
16.4644394,-0.113970,0.110919,0.927988,0.941517,9.724677,135.777161
16.4838333,0.004515,0.143377,1.110047,1.119277,7.363379,88.196388
16.5032253,-0.065527,0.112994,1.179966,1.187174,6.316803,120.110031
16.5226212,-0.052714,0.150333,1.280147,1.290022,7.093678,109.323189
16.5420151,-0.075654,0.141669,1.322367,1.332085,6.924811,118.103218
16.5614090,-0.014643,0.151431,1.428162,1.436242,6.080605,95.523117
16.5808029,-0.021110,0.149113,1.451102,1.458896,5.925097,98.057884
16.6001949,-0.050884,0.128857,1.449272,1.455878,5.460451,111.548386
16.6195869,0.012812,0.117631,1.471724,1.476473,4.596701,83.783783
16.6389790,0.035143,0.069797,1.473920,1.475991,3.034865,63.274902
16.6583710,0.106648,0.129101,1.430968,1.440733,6.674471,50.440331
16.6777649,0.082366,0.098351,1.344210,1.350317,5.451508,50.054871
16.6971569,0.074068,0.011958,1.255255,1.257495,3.420508,9.171249
16.7165489,0.160461,0.059425,1.255865,1.267468,7.758762,20.321716
16.7359428,0.104086,0.048565,1.106996,1.112939,5.923608,25.013216
16.7553349,0.092494,0.010372,1.024996,1.029213,5.188444,6.398259
16.7747269,0.137642,0.016351,0.962887,0.972812,8.191607,6.774665
16.7941170,0.076387,0.039902,0.893089,0.897238,5.511782,27.580956
16.8135090,0.091640,0.006833,0.815604,0.820765,6.428400,4.264496
16.8329010,0.062232,0.020378,0.736411,0.739317,5.081491,18.131084
16.8522949,0.003173,0.017083,0.692605,0.692823,1.437086,79.479218
16.8716908,0.037827,0.016961,0.679914,0.681177,3.489137,24.150850
16.8910828,-0.053568,0.058327,0.627078,0.632059,7.197755,132.564682
16.9104748,0.073702,0.026723,0.565822,0.571228,7.888393,19.929771
16.9298668,0.006101,0.070285,0.637206,0.641100,6.317921,85.038841
16.9492607,-0.015131,0.101279,0.560331,0.569612,10.356797,98.497009
16.9686527,0.025381,0.075044,0.682233,0.686817,6.623445,71.313881
16.9880447,0.004759,0.118119,0.650629,0.661281,10.297895,87.692841
17.0074368,0.003661,0.144720,0.680524,0.695752,12.009369,88.551003
17.0268288,-0.046857,0.106404,0.682233,0.692069,9.671318,113.767105
17.0462208,0.013057,0.138130,0.767405,0.779847,10.248318,84.600273
17.0656109,-0.007565,0.142889,0.792786,0.805595,10.231124,93.030762
17.0850048,-0.014521,0.131175,0.856970,0.867073,8.754972,96.316788
17.1044006,0.018548,0.115190,0.850137,0.858106,7.814494,80.852921
17.1237926,-0.003905,0.134348,0.938482,0.948057,8.150181,91.664803
17.1431866,0.031848,0.109333,0.947267,0.954088,6.854978,73.759438
17.1625805,0.028920,0.078705,0.994491,0.998019,4.819467,69.824554
17.1819725,0.029042,0.076143,1.026583,1.029812,4.538766,69.122635
17.2013664,0.027455,0.042098,1.031586,1.032809,2.789375,56.888660
17.2207584,0.031360,0.005491,1.064288,1.064764,1.713493,9.931653
17.2401524,0.057961,0.007321,1.060261,1.061869,3.153805,7.199234
17.2595463,0.023184,-0.012690,1.040859,1.041195,1.454680,331.305084
17.2789383,0.082366,-0.049419,1.060017,1.064360,5.177784,329.036255
17.2983303,0.022208,-0.083952,1.065386,1.068919,4.659931,284.817322
17.3177223,0.035753,-0.078095,1.048303,1.051816,4.683956,294.598907
17.3371162,0.038681,-0.106770,1.029145,1.035392,6.296876,289.914734
17.3565083,0.042708,-0.132517,1.022312,1.031749,7.755448,287.863281
17.3759003,0.027577,-0.128369,1.045374,1.053587,7.158810,282.124512
17.3952923,0.044661,-0.128125,1.057699,1.066366,7.310188,289.217102
17.4146862,0.002562,-0.142279,0.987901,0.998098,8.196806,271.031799
17.4340801,-0.004759,-0.133005,1.026827,1.035416,7.385144,267.950836
17.4534740,0.021720,-0.143499,0.956053,0.967006,8.631900,278.606995
17.4728680,-0.040634,-0.069919,0.927744,0.931262,4.981732,239.836899
17.4922600,0.056985,-0.078217,0.845744,0.851263,6.527655,306.075165
17.5116520,0.027455,-0.148991,0.797423,0.811687,10.757203,280.441071
17.5310459,0.016595,-0.062232,0.827196,0.829700,4.452103,284.931427
17.5504379,0.020378,-0.015497,0.717131,0.717588,2.044496,322.747772
17.5698318,0.056375,-0.179496,0.768747,0.791435,13.752108,287.436035
17.5892277,0.005857,0.072848,0.869417,0.872483,4.804974,85.403191
17.6086178,0.136056,-0.025381,0.663929,0.678202,11.775286,349.433105
17.6280098,-0.015619,-0.087369,0.763500,0.768642,6.630636,259.864258
17.6474018,0.046491,0.100425,0.792542,0.800231,7.948953,65.158669
17.6667938,0.049541,-0.044905,0.745319,0.748312,5.126367,317.810699
17.6861858,0.046125,-0.033800,0.814018,0.816024,4.018344,323.765869
17.7055779,0.026601,0.014887,0.844768,0.845318,2.066586,29.232828
17.7249699,0.118607,-0.219032,0.807307,0.844859,17.146893,298.435730
17.7443638,0.119095,-0.379249,1.019139,1.093919,21.307953,287.433777
17.7637577,0.183645,-0.084196,1.283198,1.299004,8.947183,335.369873
17.7831497,0.037461,-0.239166,1.140797,1.166199,11.980678,278.902069
17.8025455,-0.000610,-0.484677,1.278927,1.367687,20.755304,269.927887
17.8219376,0.181083,-0.398528,1.429504,1.495024,17.025509,294.436035
17.8413296,0.210856,-0.461980,1.715039,1.788643,16.494093,294.532837
17.8607216,-0.092372,-0.257713,1.640482,1.663169,9.474340,250.280899
17.8801155,-0.018426,-0.414147,1.190094,1.260231,19.205248,267.452576
17.8995075,0.307865,-0.181693,1.767387,1.803177,11.434698,329.452148
17.9188995,-0.235871,-0.461492,1.181064,1.289776,23.692905,242.928192
17.9382896,0.078339,-0.105794,1.511260,1.516982,4.978309,306.519379
17.9576836,-0.147282,-0.162657,1.082469,1.104486,11.459270,227.839905
17.9770737,-0.008176,-0.133128,1.221332,1.228593,6.232437,266.485779
17.9964638,0.009152,-0.023551,1.044154,1.044460,1.386210,291.236176
18.0158539,-0.123000,-0.032946,1.046106,1.053828,6.940118,194.995071
18.0352440,0.026235,-0.062476,0.801450,0.804309,4.832740,292.778595
18.0546379,-0.048077,0.085172,0.806696,0.812604,6.912876,119.443420
18.0740299,-0.013911,0.012202,0.725307,0.725543,1.461391,138.742981
18.0934200,-0.003539,0.025259,0.604748,0.605285,2.415083,97.975044
18.1128139,0.000976,0.079315,0.506763,0.512933,8.896071,89.294853
18.1322060,0.101279,0.003905,0.557891,0.567023,10.296883,2.207901
18.1515961,0.041854,0.188282,0.544956,0.578082,19.490534,77.467262
18.1709862,0.033190,0.082732,0.393403,0.403376,12.767054,68.140335
18.1903782,0.035875,-0.034777,0.273820,0.278342,10.341019,315.890533
18.2097721,0.076631,0.162047,0.574730,0.602035,17.322187,64.690926
18.2291660,0.052104,0.160217,0.503468,0.530909,18.501839,71.984985
18.2485580,0.019158,0.007932,0.490412,0.490850,2.420992,22.490177
18.2679501,0.133128,0.121535,0.656242,0.680549,15.359513,42.393700
18.2873440,0.107869,0.083830,0.820119,0.831420,9.457334,37.852543
18.3067341,0.108967,-0.048809,1.015845,1.022837,6.703614,335.871033
18.3261242,0.109577,0.215249,1.394605,1.415367,9.825732,63.020706
18.3455162,0.082610,0.138741,1.189606,1.200515,7.729871,59.229305
18.3649120,0.101401,0.047711,1.553602,1.557638,4.125735,25.197805
18.3843040,-0.003539,0.194505,1.618274,1.629925,6.854806,91.042282
18.4036961,-0.046491,0.257957,1.884651,1.902791,7.917801,100.216576
18.4230862,0.100669,0.035509,1.632917,1.636402,3.740207,19.429138
18.4424782,0.065771,0.318115,1.643777,1.675567,11.178732,78.318626
18.4618721,-0.041732,0.091029,1.599116,1.602249,3.583264,114.628853
18.4812641,-0.106892,-0.083586,1.418888,1.425362,5.462783,218.024109
18.5006580,0.030872,0.030384,1.462084,1.462726,1.696852,44.543472
18.5200539,-0.079681,0.014155,1.296986,1.299509,3.570509,169.926956
18.5394440,-0.088955,-0.063940,1.285760,1.290419,4.870012,215.708313
18.5588341,-0.015131,-0.135690,1.119320,1.127617,6.954433,263.637177
18.5782223,-0.039536,-0.139717,1.117856,1.127247,7.400962,254.200104
18.5976162,-0.054666,-0.138130,0.950440,0.961980,8.883497,248.408340
18.6170082,-0.022696,-0.146916,0.826098,0.839367,10.201375,261.218079
18.6364002,-0.002196,-0.140205,0.773750,0.786353,10.271881,269.102478
18.6557922,0.007199,-0.146062,0.724575,0.739185,11.410573,272.821808
18.6751804,0.013056,-0.142767,0.640623,0.656468,12.614212,275.225342
18.6945724,0.052958,-0.117264,0.634034,0.646958,11.471606,294.304565
18.7139626,0.053568,-0.089565,0.614022,0.622827,9.646099,300.883331
18.7333527,0.057595,-0.092250,0.572656,0.582891,10.752957,301.978119
18.7527447,0.051494,-0.050762,0.616706,0.620931,6.687270,315.410217
18.7721367,0.054178,-0.014277,0.637572,0.640029,5.022037,345.237396
18.7915306,0.052226,-0.011348,0.632569,0.634823,4.829334,347.740784
18.8109226,0.071140,0.032824,0.692727,0.697143,6.452726,24.768909
18.8303165,0.051738,0.058815,0.692849,0.697263,6.450446,48.662941
18.8497124,0.065527,0.080901,0.738730,0.746030,8.021914,50.994095
18.8691063,0.078461,0.080169,0.774604,0.782685,8.240071,45.617012
18.8884983,0.045637,0.101401,0.845622,0.852902,7.491298,65.769386
18.9078941,0.055765,0.158264,0.903339,0.918792,10.523137,70.590012
18.9272881,0.034777,0.174493,0.889917,0.907529,11.306324,78.728600
18.9466801,0.036607,0.115922,0.937994,0.945838,7.384427,72.474434
18.9660740,0.003905,0.114092,0.940068,0.946974,6.923904,88.039841
18.9854679,-0.020622,0.150211,1.065386,1.076121,8.099630,97.817085
19.0048618,0.074434,0.149357,1.047815,1.061020,9.049023,63.509892
19.0242558,-0.019524,0.067235,1.044764,1.047107,3.833745,106.192299
19.0436516,-0.038559,0.101645,1.072585,1.078081,5.787535,110.774330
19.0630436,0.013057,0.064550,1.135183,1.137092,3.320304,78.565147
19.0824356,-0.064672,0.032092,1.086496,1.088892,3.801688,153.608185
19.1018257,-0.044539,0.016107,1.098698,1.099719,2.468310,160.117783
19.1212215,-0.052592,-0.011470,1.051109,1.052487,2.931713,192.303406
19.1406155,-0.013545,-0.032214,1.108216,1.108767,1.806128,247.195465
19.1600094,-0.049419,-0.072238,1.021580,1.025322,4.896930,235.623123
19.1794033,-0.015375,-0.059303,1.078687,1.080425,3.250585,255.465546
19.1987953,-0.012202,-0.079681,1.026583,1.029743,4.489822,261.293396
19.2181911,-0.029042,-0.091884,1.027315,1.031825,5.358768,252.459869
19.2375851,-0.045393,-0.108967,0.986315,0.993354,6.824754,247.384689
19.2569809,-0.018548,-0.121535,1.012428,1.019865,6.923734,261.323029
19.2763729,0.003783,-0.093470,1.009987,1.014310,5.291761,272.317505
19.2957687,-0.000366,-0.090785,0.981434,0.985624,5.285018,269.768982
19.3151627,-0.007932,-0.103964,0.973015,0.978585,6.116319,265.637299
19.3345547,0.011714,-0.094080,0.964229,0.968878,5.615484,277.097565
19.3539467,0.020622,-0.078217,0.952758,0.956186,4.852805,284.769958
19.3733406,0.004881,-0.090175,0.950928,0.955207,5.424950,273.098236
19.3927345,0.021842,-0.093348,0.923229,0.928193,5.928405,283.169525
19.4121265,0.020134,-0.069675,0.921521,0.924370,4.500063,286.117523
19.4315224,0.029042,-0.068333,0.934089,0.937035,4.544717,293.025482
19.4509163,0.028553,-0.065527,0.903095,0.905919,4.525368,293.545380
19.4703121,0.025381,-0.035021,0.941898,0.942891,2.629124,305.932281
19.4897060,0.027699,-0.039414,0.912735,0.914005,3.021224,305.099030
19.5090981,0.012812,-0.037461,0.922863,0.923712,2.456546,288.881683
19.5284920,0.033190,-0.041244,0.946047,0.947527,3.202896,308.824799
19.5478859,0.035265,-0.022208,0.925913,0.926851,2.577090,327.799011
19.5672779,0.011714,-0.013667,0.967767,0.967935,1.065694,310.601288
19.5866680,0.035021,-0.047345,0.945193,0.947026,3.565131,306.489990
19.6060638,-0.004515,-0.027455,0.956785,0.957190,1.665892,260.661591
19.6254578,0.006955,-0.030506,0.979482,0.979981,1.829597,282.843872
19.6448517,0.028309,-0.064794,0.969354,0.971929,4.171994,293.601074
19.6642456,-0.019158,-0.044539,0.983874,0.985068,2.821194,246.725677
19.6836414,-0.010128,-0.035997,0.994857,0.995559,2.152678,254.285736
19.7030334,0.004271,-0.055277,0.970696,0.972278,3.268903,274.418060
19.7224236,-0.042220,-0.042342,0.978994,0.980818,3.495136,225.082672
19.7418156,-0.010494,-0.046857,0.993514,0.994674,2.767040,257.376434
19.7612095,0.008298,-0.037339,0.968255,0.969011,2.262264,282.528809
19.7806015,-0.033068,-0.041000,0.972648,0.974074,3.099773,231.112167
19.7999916,-0.011836,-0.068455,0.965205,0.967702,4.116754,260.190247
19.8193855,-0.013667,-0.037705,0.963375,0.964209,2.383842,250.076462
19.8387794,-0.039414,-0.041366,0.965571,0.967260,3.386453,226.384521
19.8581715,-0.026357,-0.074800,0.958860,0.962134,4.728245,250.589310
19.8775654,-0.007932,-0.046369,0.975211,0.976345,2.761729,260.293335
19.8969555,-0.035387,-0.051494,0.973258,0.975262,3.673225,235.503006
19.9163494,-0.022818,-0.079437,0.954833,0.958403,4.947161,253.973267
19.9357395,-0.014643,-0.045881,0.991562,0.992731,2.780730,252.299576
19.9551296,-0.029164,-0.053080,0.975333,0.977211,3.553249,241.214493
19.9745197,-0.017815,-0.066503,0.968988,0.971430,4.064089,255.003174
19.9939098,-0.010250,-0.046125,0.985461,0.986593,2.745022,257.471191
20.0133038,-0.014399,-0.048687,0.968988,0.970317,2.999374,253.524979
20.0326958,-0.003051,-0.050762,0.968378,0.969712,3.006089,266.560883
20.0520859,0.001342,-0.053202,0.963375,0.964843,3.161926,271.445221
20.0714779,0.001586,-0.049297,0.954101,0.955375,2.959294,271.843048
20.0908718,0.001708,-0.049175,0.967035,0.968286,2.912822,271.989624
20.1102638,-0.001342,-0.039536,0.963497,0.964308,2.351103,268.055511
20.1296577,-0.000122,-0.050762,0.955931,0.957278,3.039635,269.862274
20.1490536,-0.012324,-0.042464,0.972404,0.973409,2.603463,253.815689
20.1684475,-0.000976,-0.048687,0.959226,0.960461,2.906229,268.851379
20.1878414,0.003661,-0.050030,0.960080,0.961390,2.990943,274.184906
20.2072372,0.000976,-0.043196,0.985705,0.986651,2.509908,271.294586
20.2266293,0.008176,-0.053080,0.967035,0.968525,3.178723,278.756073
20.2460213,0.002807,-0.034533,0.983875,0.984484,2.016836,274.646332
20.2654133,-0.002196,-0.049664,1.001202,1.002435,2.842622,267.467682
20.2848091,-0.011714,-0.057717,0.969964,0.971750,3.474573,258.527100
20.3041992,0.006223,-0.049664,1.014380,1.015614,2.824800,277.142334
20.3235912,0.007932,-0.055521,0.981312,0.982913,3.270998,278.130096
20.3429832,-0.000610,-0.048321,0.988999,0.990179,2.797364,269.276611
20.3623791,-0.006467,-0.047345,0.968988,0.970165,2.823275,262.221649
20.3817749,-0.020500,-0.054911,0.947145,0.948957,3.541161,249.527725
20.4011650,-0.007687,-0.048077,0.986925,0.988125,2.824315,260.915405
20.4205608,-0.032458,-0.050762,0.952392,0.954296,3.619905,237.404221
20.4399529,-0.014399,-0.064428,0.969842,0.972086,3.894153,257.402283
20.4593449,-0.048565,-0.048565,0.958006,0.960464,4.100643,225.000000
20.4787407,-0.027211,-0.057839,0.965815,0.967928,3.786514,244.804703
20.4981308,-0.039780,-0.057229,0.971184,0.973682,4.104796,235.196991
20.5175247,-0.034045,-0.042586,0.971916,0.973444,3.210711,231.360214
20.5369186,-0.033434,-0.066503,0.963497,0.966368,4.417565,243.308929
20.5563164,-0.039902,-0.063940,0.989488,0.992354,4.355816,238.033951
20.5757084,-0.047955,-0.061500,0.981434,0.984528,4.543295,232.054260
20.5951023,-0.023673,-0.062598,1.005107,1.007332,3.809406,249.285004
20.6144981,-0.047711,-0.065283,0.966059,0.969437,4.784505,233.839127
20.6338902,-0.040024,-0.057229,1.000470,1.002904,3.993020,235.032593
20.6532803,-0.059913,-0.072238,0.972892,0.977409,5.510004,230.327957
20.6726704,-0.041488,-0.060280,1.013648,1.016286,4.129151,235.461945
20.6920662,-0.019646,-0.025259,0.935553,0.936100,1.958947,232.125015
20.7114582,-0.041488,-0.060402,0.965571,0.968348,4.339914,235.516052
20.7308483,0.053080,-0.068333,0.953857,0.957773,5.183268,307.839539
20.7502384,-0.053324,-0.032092,0.980946,0.982918,3.630276,211.040817
20.7696323,-0.047467,-0.064794,0.970574,0.973892,4.730772,233.774231
20.7890224,0.033434,-0.069553,0.971062,0.974124,4.543812,295.673676
20.8084145,-0.043684,-0.038681,0.972526,0.974275,3.433477,221.524078
20.8278046,-0.014643,-0.075044,0.979116,0.982096,4.465238,258.959045
20.8471985,-0.016839,-0.055155,0.963863,0.965586,3.423941,253.022064
20.8665905,0.020500,-0.023551,1.000226,1.000713,1.787941,311.038483
20.8859825,-0.044661,-0.056131,0.931648,0.934406,4.402687,231.492416
20.9053745,0.022574,-0.030506,0.969354,0.970096,2.242016,306.501434
20.9247684,0.023673,-0.030750,0.932625,0.933432,2.382774,307.590546
20.9441605,0.028553,-0.038803,0.981556,0.982738,2.809931,306.347473
20.9635506,0.034289,-0.025869,0.963375,0.964332,2.552823,322.967346
20.9829407,0.015253,-0.011714,0.980702,0.980890,1.123439,322.475739
21.0023308,0.023306,-0.033312,0.916762,0.917663,2.539216,304.977936
21.0217228,0.051372,-0.039902,0.937994,0.940246,3.966991,322.162720
21.0411110,0.035753,-0.002562,0.947023,0.947702,2.167628,355.900482
21.0605030,0.034045,-0.020256,0.933845,0.934685,2.429144,329.248108
21.0798950,0.056253,-0.042708,0.945681,0.948315,4.271226,322.793549
21.0992870,0.011470,-0.008054,0.960568,0.960670,0.835797,324.926239
21.1186771,0.069797,-0.020134,0.940434,0.943236,4.417033,343.909180
21.1380692,0.008054,-0.059669,0.915297,0.917275,3.763588,277.686707
21.1574593,0.048809,-0.005857,0.970574,0.971818,2.899553,353.157227
21.1768513,0.008420,-0.029652,0.942142,0.942647,1.873880,285.851929
21.1962452,-0.001098,-0.049541,0.973381,0.974641,2.914301,268.730103
21.2156372,-0.003905,-0.027821,0.992538,0.992936,1.621241,262.010681
21.2350292,-0.105428,-0.039536,0.904681,0.911661,7.094590,200.556046
21.2544212,0.010982,-0.063086,1.020481,1.022489,3.590578,279.875153
21.2738152,-0.140937,-0.061988,1.020360,1.031911,8.580894,203.741180
21.2932091,-0.129345,-0.060646,0.970818,0.981272,8.371023,205.120377
21.3126011,-0.049786,-0.076997,1.072585,1.076497,4.886076,237.113586
21.3319912,-0.116288,-0.042708,0.957883,0.965861,7.369133,200.166321
21.3513851,-0.073824,-0.095544,1.002788,1.010031,6.865728,232.307846
21.3707752,-0.076021,-0.116654,1.026949,1.036345,7.721335,236.908768
21.3901672,-0.117264,-0.098961,1.032684,1.044021,8.451452,220.161438
21.4095592,-0.239654,-0.234163,1.008767,1.062957,18.373884,224.336029
21.4289532,-0.139717,-0.176568,1.009865,1.034662,12.569079,231.645706
21.4483452,0.100059,0.090419,1.062946,1.071467,7.230770,42.102814
21.4677410,0.127148,-0.091151,0.948244,0.961063,9.368526,324.363617
21.4871387,0.080535,-0.441847,1.030365,1.123996,23.551914,280.329895
21.5065308,-0.119705,-0.268817,1.104800,1.143317,14.914566,245.996506
21.5259228,-0.153017,0.082610,0.967767,0.983266,10.186459,151.636612
21.5453186,0.065527,0.176934,0.971794,0.989941,10.987523,69.678154
21.5647125,0.395234,0.119095,1.120907,1.194498,20.216827,16.769001
21.5841045,0.784366,0.343252,1.105532,1.398304,37.756180,23.634987
21.6034966,0.461004,0.541174,0.950928,1.187290,36.781662,49.573643
21.6228905,0.209514,0.225621,1.152755,1.193166,14.954453,47.119907
21.6422825,0.136178,-0.320189,0.901387,0.966211,21.107122,293.040283
21.6616726,-0.218544,-0.165342,2.226073,2.242877,7.018140,217.109711
21.6810646,-0.119095,-0.176690,3.147349,3.154553,3.873077,236.018723
21.7004604,0.582662,-0.236725,1.463792,1.593180,23.250654,337.888947
21.7198505,0.666004,-0.060890,0.520674,0.847567,52.097771,354.776245
21.7392426,0.336418,-0.069309,0.599257,0.690717,29.820604,348.358734
21.7586327,0.083830,0.059547,0.706027,0.713476,8.286407,35.387501
21.7780247,-0.083830,-0.032824,0.846964,0.851735,6.067405,201.383194
21.7974148,0.034411,0.039047,0.899434,0.900939,3.311803,48.611889
21.8168068,0.028431,0.022452,0.580221,0.581351,3.572757,38.298134
21.8361988,-0.017693,0.179618,0.377296,0.418244,25.565115,95.625793
21.8555927,-0.037827,0.398894,0.572412,0.698715,34.991741,95.417175
21.8749828,-0.080535,0.497977,0.696631,0.860095,35.909203,99.186623
21.8943748,-0.080047,0.620001,0.864658,1.066978,35.866898,97.356674
21.9137650,0.070285,0.612191,0.928964,1.114761,33.557640,83.450569
21.9331570,0.088101,0.375100,0.562040,0.681432,34.432648,76.782341
21.9525509,0.010128,0.053080,0.720670,0.722693,4.288158,79.197548
21.9719429,0.017693,-0.124952,0.849771,0.859091,8.447199,278.059601
21.9913368,0.103354,-0.066503,1.109681,1.116466,6.319969,327.240845
22.0107307,0.145574,0.086271,1.216573,1.228285,7.918643,30.651985
22.0301247,0.116166,0.222327,1.094550,1.122926,12.907969,62.412804
22.0495167,0.061500,0.292612,0.955443,1.001137,17.377466,78.130608
22.0689087,0.045393,0.247097,0.786807,0.825943,17.708584,79.590614
22.0883045,0.063208,0.108479,0.734825,0.745473,9.695804,59.771622
22.1077003,0.163755,0.128003,0.980580,1.002366,11.967476,38.013641
22.1270924,0.219886,0.291880,1.205713,1.259876,16.861391,53.007660
22.1464844,0.218178,0.395112,0.911026,1.016703,26.355091,61.092838
22.1658764,0.092982,0.457100,0.333612,0.573483,54.427719,78.501945
22.1852665,-0.000244,0.493463,0.337517,0.597849,55.628803,90.028336
22.2046585,0.047345,0.586444,0.491998,0.766956,50.096603,85.384384
22.2240524,0.171199,0.821461,0.895774,1.227403,43.129356,78.227631
22.2434464,0.172663,0.578757,0.883815,1.070468,34.347122,73.388351
22.2628384,-0.149113,0.316895,0.583272,0.680340,30.982609,115.198997
22.2822323,-0.436600,0.527263,0.495903,0.845308,54.080097,129.626419
22.3016281,-0.127392,0.853310,0.830613,1.197616,46.087780,98.491096
22.3210220,0.389621,1.017309,1.222552,1.637485,41.702957,69.043587
22.3404160,0.420981,0.946169,1.186555,1.574920,41.113674,66.014206
22.3598099,0.105794,0.680524,1.015479,1.226989,34.145161,81.163536
22.3792038,-0.202437,0.460516,0.793152,0.939226,32.384399,113.729652
22.3985939,-0.327755,0.464543,0.621709,0.842464,42.441635,125.204590
22.4179878,-0.155580,0.623906,0.633911,0.902943,45.408295,104.001961
22.4373779,-0.001464,0.670640,0.721768,0.985246,42.897171,90.125099
22.4567699,0.040390,0.648310,0.781194,1.015973,39.743717,86.435081
22.4761600,0.013911,0.637084,0.815238,1.034738,38.013176,88.749153
22.4955521,-0.079437,0.547031,0.744709,0.927440,36.585072,98.262466
22.5149460,-0.157288,0.494073,0.675155,0.851283,37.523495,107.658882
22.5343399,-0.090419,0.582174,0.604748,0.844288,44.251656,98.828262
22.5537338,0.001342,0.673081,0.694679,0.967274,44.095383,89.885742
22.5731297,0.032702,0.662099,0.845988,1.074774,38.081814,87.172356
22.5925236,-0.024161,0.691018,0.830613,1.080744,39.775562,92.002464
