Keuwl Accelerometer Data File
2021-04-11 16-44-25

Time (s), X (g), Y (g), Z (g), R (g), Theta (deg), Phi (deg)
0.0000000,0.020909,-0.018202,0.016707,0.005150,-3.353050,55.511200
0.0193932,0.037992,-0.003437,-0.000620,-0.012115,-3.265650,68.395874
0.0387853,0.011391,-0.006122,-0.004403,-0.017320,-4.128032,54.694031
0.0581796,0.019567,-0.008440,0.018171,0.005755,-3.865684,58.189392
0.0775727,0.028840,0.005958,-0.015019,-0.027720,-3.956442,68.745361
0.0969655,0.043117,0.000467,-0.045403,-0.056512,-2.904757,71.980347
0.1163579,0.018346,-0.003925,-0.016239,-0.028910,-3.933429,59.297333
0.1357496,0.011513,-0.027964,0.099439,0.087845,-3.602923,48.236603
0.1551421,0.017248,-0.003437,-0.047721,-0.060354,-3.819802,58.917114
0.1745344,0.036406,-0.007708,-0.018558,-0.029756,-3.043223,66.048218
0.1939275,0.010903,-0.020887,0.041844,0.029883,-3.655755,49.759247
0.2133208,0.027742,-0.006976,-0.023072,-0.034912,-3.397479,62.643738
0.2327122,0.013831,-0.015030,-0.005867,-0.017957,-3.598505,53.001099
0.2521053,0.029206,-0.015030,0.027323,0.015948,-3.282317,60.332642
0.2714985,0.010903,-0.005756,-0.032346,-0.045203,-4.012529,54.551422
0.2908930,0.016394,-0.018446,0.018293,0.006505,-3.490191,53.247345
0.3102869,0.009195,-0.012101,0.001088,-0.011494,-3.923635,51.430237
0.3296806,0.017736,-0.009294,-0.012456,-0.024773,-3.718543,56.950714
0.3490736,0.034819,-0.014297,0.013046,0.002070,-3.022081,62.951263
0.3684667,0.013587,-0.004047,-0.007575,-0.020524,-4.140821,56.698517
0.3878601,0.027498,-0.015762,0.005115,-0.006189,-3.176257,59.331573
0.4072537,0.015784,-0.009172,0.005359,-0.007149,-3.888552,55.983124
0.4266452,0.003582,-0.008562,-0.010382,-0.023436,-4.204394,49.283691
0.4460359,0.015418,-0.012101,0.008287,-0.004025,-3.774271,54.778564
0.4654275,0.023471,-0.006488,-0.005501,-0.017733,-3.685974,60.845581
0.4848164,0.024936,-0.015396,0.005115,-0.006380,-3.282980,58.302490
0.5042074,0.023105,-0.009538,0.001698,-0.010358,-3.599942,59.515381
0.5236009,0.019933,-0.008318,-0.002817,-0.015130,-3.743709,58.417755
0.5429960,0.018346,-0.019788,0.004505,-0.006994,-3.283678,53.797089
0.5623901,0.019201,-0.000143,-0.001108,-0.014058,-4.157924,61.301056
0.5817824,0.012245,-0.014175,-0.006721,-0.018957,-3.684906,52.435760
0.6011741,0.026278,-0.011613,0.006701,-0.005024,-3.419686,60.237274
0.6205683,0.008340,-0.006976,-0.004647,-0.017641,-4.178876,52.643066
0.6399617,0.015296,-0.017714,-0.001596,-0.013405,-3.443888,52.920410
0.6593546,0.032013,-0.006122,0.008044,-0.003731,-3.451910,64.856598
0.6787469,0.005778,-0.015274,-0.008308,-0.020739,-3.802387,48.558777
0.6981413,0.023471,-0.010271,0.008654,-0.003357,-3.592795,59.420868
0.7175356,0.017980,-0.005878,-0.007698,-0.020281,-3.900727,58.345306
0.7369291,0.014076,-0.016616,0.004383,-0.007611,-3.570429,52.634644
0.7563232,0.021275,-0.004658,0.001942,-0.010586,-3.891880,60.493073
0.7757168,0.013831,-0.010027,-0.006233,-0.018726,-3.846690,54.649689
0.7951108,0.023715,-0.012467,0.008532,-0.003292,-3.482048,58.748291
0.8145042,0.012489,-0.003315,-0.004525,-0.017593,-4.229135,56.368378
0.8338981,0.016028,-0.014175,0.001698,-0.010385,-3.616445,54.405548
0.8532929,0.024692,-0.007586,0.005359,-0.006767,-3.652428,61.001160
0.8726866,0.009561,-0.010515,-0.003671,-0.016342,-3.967949,52.146027
0.8920790,0.020299,-0.012223,0.004627,-0.007396,-3.588244,57.197083
0.9114724,0.022617,-0.006854,-0.003061,-0.015327,-3.714425,60.292236
0.9308663,0.011147,-0.017470,0.001088,-0.010960,-3.593635,50.854309
0.9502602,0.021275,-0.008928,0.000356,-0.011848,-3.685653,58.855713
0.9696530,0.018712,-0.009538,-0.002450,-0.014739,-3.730016,57.358826
0.9890453,0.019811,-0.018446,0.002430,-0.009093,-3.291216,54.912170
1.0084389,0.015174,-0.005024,-0.002695,-0.015511,-4.065557,57.189972
1.0278317,0.017736,-0.015030,0.000234,-0.011681,-3.511759,54.987976
1.0472236,0.025668,-0.010881,0.006823,-0.004998,-3.475767,60.223724
1.0666162,0.013954,-0.006854,-0.006233,-0.018963,-3.998960,55.843811
1.0860103,0.019811,0.002420,0.002675,-0.010425,-4.268906,62.739716
1.1054046,0.021885,0.023774,-0.000620,-0.014743,-5.019188,75.466156
1.1247977,0.013099,0.029265,0.003651,-0.011176,-5.642970,74.719269
1.1441917,0.023959,0.036342,0.001088,-0.013375,-5.308260,85.398621
1.1635855,0.015662,0.048179,-0.001108,-0.016321,-6.022018,92.808289
1.1829793,0.009805,0.042321,0.014877,-0.000522,-6.252038,84.327057
1.2023729,0.020787,0.045738,-0.002328,-0.017210,-5.684561,92.191132
1.2217673,0.013709,0.049643,-0.002573,-0.017908,-6.154182,93.645050
1.2411633,0.017370,0.051595,0.017439,0.002234,-6.044656,96.814941
1.2605575,0.013099,0.047446,0.003041,-0.012295,-6.162512,91.105896
1.2799517,0.014686,0.055378,-0.004403,-0.019764,-6.180088,100.159698
1.2993470,0.027742,0.058795,0.019270,0.004588,-5.536533,105.603333
1.3187398,0.006510,0.056964,-0.009772,-0.025530,-6.659563,100.025940
1.3381321,0.016272,0.060503,0.013290,-0.002053,-6.187968,106.110535
1.3575240,0.026522,0.059161,0.018293,0.003535,-5.605301,105.818054
1.3769168,0.014930,0.064408,-0.012700,-0.028092,-6.201105,110.420532
1.3963094,0.014442,0.061479,0.014877,-0.000567,-6.303870,107.022369
1.4157009,0.025180,0.060259,0.012192,-0.002644,-5.667065,106.721039
1.4350922,0.019811,0.063432,-0.007697,-0.022828,-5.924754,109.525421
1.4544848,0.008707,0.061479,0.012680,-0.003033,-6.630107,106.395905
1.4738766,0.036528,0.059405,0.015243,0.001163,-5.018343,106.847168
1.4932687,0.002361,0.056720,-0.015751,-0.031672,-6.883431,98.403320
1.5126610,0.019689,0.058185,0.018782,0.003628,-5.992615,104.067383
1.5320550,0.031037,0.058307,0.003041,-0.011386,-5.280411,105.492584
1.5514482,0.007608,0.057086,-0.013311,-0.029017,-6.587261,100.479645
1.5708386,0.013343,0.058307,0.020368,0.004881,-6.361489,103.205475
1.5902300,0.025546,0.058551,0.004871,-0.009918,-5.608963,105.151520
1.6096224,0.013831,0.055744,-0.011480,-0.026879,-6.212194,100.373535
1.6290160,0.015174,0.059161,0.020002,0.004600,-6.262518,104.473175
1.6484100,0.026888,0.054036,0.003163,-0.011495,-5.484962,101.208313
1.6678039,0.008340,0.055744,-0.003061,-0.018733,-6.555788,98.968048
1.6871958,0.018102,0.056354,0.008044,-0.007165,-6.032728,101.910858
1.7065907,0.022617,0.055622,0.010728,-0.004223,-5.774755,101.965576
1.7259843,0.012245,0.057818,-0.005501,-0.021006,-6.345478,102.430847
1.7453746,0.012489,0.056964,0.008287,-0.007215,-6.362943,101.477417
1.7647655,0.021641,0.057940,0.016829,0.001790,-5.872289,104.089050
1.7841579,0.022251,0.056354,-0.008430,-0.023375,-5.735480,102.616547
1.8035505,0.006510,0.053670,0.009996,-0.005746,-6.664131,95.742279
1.8229409,0.025546,0.053426,0.012924,-0.001830,-5.591454,100.422363
1.8423333,0.016272,0.046958,-0.006721,-0.021870,-5.945205,91.805176
1.8617253,0.015784,0.046958,0.008288,-0.006910,-6.021771,91.628204
1.8811178,0.030549,0.050253,0.015975,0.001579,-5.280210,98.616302
1.9005109,0.010659,0.045128,-0.011114,-0.026502,-6.199664,87.631622
1.9199044,0.018224,0.048057,0.013657,-0.001441,-5.926073,93.544037
1.9392970,0.029939,0.053548,0.014633,0.000153,-5.348830,101.279541
1.9586871,0.020055,0.050863,-0.016239,-0.031230,-5.766910,96.802765
1.9780785,0.016394,0.051717,0.022564,0.007298,-6.117070,96.669708
1.9974704,0.029450,0.056354,-0.001962,-0.016467,-5.338495,103.630280
2.0168629,0.023715,0.056964,-0.003183,-0.018055,-5.674131,103.424377
2.0362549,0.010537,0.053060,0.012558,-0.003000,-6.435331,96.384216
2.0556455,0.037870,0.061601,0.001332,-0.012622,-4.889303,108.657257
2.0750380,0.008829,0.063187,-0.008186,-0.023878,-6.575030,108.632477
2.0944300,0.020909,0.058673,0.015731,0.000647,-5.916191,104.726929
2.1138232,0.031525,0.072217,0.008654,-0.005758,-5.278908,-242.520325
2.1332161,0.012123,0.076488,-0.013555,-0.029026,-6.293308,-235.195084
2.1526101,0.018712,0.077464,0.025615,0.010440,-6.025543,-235.746613
2.1720040,0.020543,0.080271,0.007677,-0.007329,-5.824885,-233.404312
2.1913981,0.016760,0.088446,0.002186,-0.012862,-5.857216,-224.379578
2.2107904,0.020543,0.093815,0.010362,-0.004354,-5.551517,-221.262314
2.2301826,0.017004,0.096866,0.021222,0.006384,-5.684672,-217.175568
2.2495749,0.013465,0.096256,0.000478,-0.014523,-5.806145,-215.876083
2.2689674,0.027132,0.105163,0.014999,0.001056,-4.910212,-215.700394
2.2883601,0.011269,0.108580,0.007555,-0.007100,-5.491363,-205.294159
2.3077536,0.025790,0.109678,0.009996,-0.003824,-4.805277,-212.240524
2.3271458,0.016272,0.122979,0.018538,0.004835,-4.735827,-199.963379
2.3465376,0.021763,0.127616,0.009264,-0.003826,-4.279387,-200.648422
2.3659291,0.023471,0.134083,0.012070,-0.000502,-3.946941,-198.670639
2.3853209,0.023227,0.144089,0.009752,-0.002078,-3.489057,-194.748184
2.4047132,0.023959,0.147506,0.020734,0.009169,-3.369023,-193.925995
2.4241052,0.022983,0.149336,0.005847,-0.005543,-3.226536,-192.878357
2.4434979,0.027864,0.156779,0.012314,0.001847,-2.751972,-192.762192
2.4628913,0.016760,0.158366,0.005725,-0.005200,-2.971335,-187.335785
2.4822850,0.021397,0.160196,0.017439,0.006871,-2.820592,-188.979263
2.5016778,0.018956,0.162637,0.009386,-0.001031,-2.716737,-187.251816
2.5210710,0.016394,0.172642,0.003773,-0.005704,-2.231610,-183.821991
2.5404661,0.024692,0.175815,0.016585,0.007826,-1.943277,-186.615662
2.5598619,0.010903,0.172276,0.005725,-0.004078,-2.396522,-181.456528
2.5792570,0.020787,0.177401,0.017439,0.008624,-1.972005,-184.693848
2.5986493,0.010293,0.178255,-0.001230,-0.010340,-2.039758,-180.076538
2.6180410,0.020299,0.176547,0.018538,0.009591,-2.036083,-184.668228
2.6374350,0.005290,0.170324,0.010362,0.000072,-2.654991,-179.216370
2.6568277,0.020177,0.175205,0.005481,-0.003520,-2.013849,-184.896835
2.6762204,0.007852,0.173619,0.011704,0.001869,-2.433200,-179.812653
2.6956134,0.010049,0.173375,0.006823,-0.002907,-2.364866,-180.858612
2.7150083,0.017492,0.171422,0.017195,0.007548,-2.360642,-184.558578
2.7344017,0.007608,0.166663,0.003041,-0.007488,-2.753404,-181.034164
2.7537966,0.019811,0.168006,0.012314,0.002468,-2.440722,-186.332809
2.7731917,0.009561,0.165809,0.008165,-0.002396,-2.787339,-182.147827
2.7925882,0.020177,0.162026,0.010972,0.000553,-2.723193,-187.954971
2.8119843,0.013709,0.161172,0.018782,0.007892,-2.993254,-185.181274
2.8313773,0.020787,0.161660,0.005603,-0.004783,-2.688565,-188.322006
2.8507690,0.018346,0.167517,0.006823,-0.003116,-2.467713,-185.804321
2.8701634,0.024325,0.158610,0.001698,-0.008750,-2.707263,-190.708405
2.8895550,0.013954,0.168372,0.015487,0.005350,-2.595218,-183.644852
2.9089465,0.031891,0.168128,0.008288,-0.000772,-2.051072,-191.298523
2.9283400,0.019445,0.164223,-0.001230,-0.011392,-2.551411,-187.076691
2.9477324,0.023715,0.185821,0.008165,0.000585,-1.394414,-184.206268
2.9671252,0.033965,0.179476,0.000112,-0.007484,-1.368875,-189.376846
2.9865181,0.007486,0.182648,-0.008308,-0.016968,-1.805607,-178.123581
3.0059109,0.038236,0.200708,0.016341,0.011556,-0.325895,-186.636795
3.0253041,-0.000079,0.194973,-0.030394,-0.037573,-1.065626,-173.278351
3.0446970,0.027254,0.209249,0.007433,0.003207,-0.081518,-181.606201
3.0640898,-0.003252,0.210470,-0.006599,-0.011936,-0.430094,-170.533783
3.0834825,0.019567,0.221086,0.008043,0.005144,0.382545,-177.512970
3.1028762,-0.003618,0.234142,-0.009406,-0.010909,0.939105,-168.720856
3.1222696,0.019445,0.246955,0.018293,0.019590,1.666467,-174.885193
3.1416633,0.012977,0.250127,-0.001596,0.000316,1.959049,-172.748810
3.1610572,0.024325,0.263672,0.029398,0.033886,2.510189,-174.848953
3.1804509,0.025424,0.273312,0.014145,0.020964,3.218935,-174.395111
3.1998448,0.040433,0.284660,0.026957,0.036852,3.905404,-177.176910
3.2192380,0.044703,0.293690,0.029886,0.041994,4.407748,-177.437500
3.2386293,0.040189,0.306990,0.021222,0.036291,5.133171,-175.476791
3.2580223,0.062153,0.319681,0.026225,0.046033,6.097246,-179.101959
3.2774134,0.053611,0.324562,0.003041,0.024141,6.536148,-177.066223
3.2968042,0.058492,0.329442,0.014877,0.037223,6.691553,-177.688171
3.3161974,0.065203,0.343963,0.000600,0.028033,7.778677,-177.974182
3.3355904,0.073135,0.343597,0.013412,0.041000,7.700121,-179.431793
3.3549819,0.055197,0.364707,0.003041,0.035313,8.627804,-174.957428
3.3743751,0.072769,0.373981,-0.001108,0.035834,9.460482,-177.439606
3.3937690,0.073745,0.380204,0.013535,0.051691,9.526251,-177.244873
3.4131622,0.068864,0.387648,-0.040888,0.002176,10.842266,-176.051849
3.4325566,0.044093,0.382401,-0.023927,0.014194,9.870876,-172.194336
3.4519501,0.076429,0.386183,0.006823,0.047463,9.988644,-177.343491
3.4713435,0.040555,0.385329,-0.011358,0.026732,9.746113,-171.471786
3.4907360,0.009805,0.383133,0.013046,0.047381,8.894670,-166.207214
3.5101290,0.050316,0.381302,0.021710,0.057592,9.078363,-173.298965
3.5295212,-0.019359,0.386427,-0.017581,0.018481,9.466078,-160.966263
3.5489135,0.012001,0.386061,0.020978,0.055918,8.927151,-166.519623
3.5683064,0.001019,0.398264,-0.017703,0.022732,10.189650,-164.355225
3.5876989,-0.018749,0.345672,0.036963,0.058653,6.393170,-161.495560
3.6070912,-0.026070,0.423400,0.036353,0.081466,10.407026,-159.605103
3.6264844,-0.069999,0.404121,-0.018558,0.023841,10.512140,-152.272018
3.6458766,0.007120,0.394969,-0.043206,-0.002156,10.542175,-165.463196
3.6652691,-0.049621,0.468915,-0.047233,0.020552,14.456995,-156.099457
3.6846635,-0.023508,0.420350,-0.010870,0.036064,11.138069,-160.030914
3.7040577,-0.024240,0.418275,-0.035519,0.012244,11.516878,-159.922974
3.7234521,-0.006790,0.458055,0.034767,0.092434,12.215874,-162.287262
3.7428467,-0.032903,0.393505,-0.064438,-0.023533,10.737160,-158.541351
3.7622416,-0.043153,0.402901,0.013169,0.052810,9.769840,-156.790283
3.7816353,-0.002398,0.429746,-0.002695,0.047460,11.535242,-163.291916
3.8010297,0.017126,0.311749,0.015487,0.030433,5.146514,-170.131927
3.8204238,-0.072683,0.250249,0.132873,0.132178,0.515569,-146.636078
3.8398175,0.142322,0.260133,0.197546,0.210176,3.525281,-200.529388
3.8592110,0.053855,0.223282,0.159963,0.157682,-0.082467,-187.578705
3.8786051,-0.069510,0.239511,0.219754,0.216208,-0.706942,-146.946274
3.8979974,-0.036076,0.193630,0.110909,0.101777,-2.429021,-157.687302
3.9173896,0.003459,0.126396,0.277471,0.262850,-5.888024,-190.493454
3.9367819,0.078748,0.137988,0.285769,0.276295,-3.057689,-215.711639
3.9561751,-0.091231,0.159586,0.266489,0.254640,-4.124047,-127.269852
3.9755681,0.036162,0.022798,0.344218,0.330147,-5.571377,80.770752
3.9949629,0.158063,0.114681,0.343486,0.341821,-0.559946,-233.921265
4.0143566,0.051537,0.156779,0.295409,0.284946,-3.513208,-201.683838
4.0337501,0.119870,0.102479,0.259534,0.253110,-1.806803,-234.792465
4.0531425,0.170021,0.220110,0.172775,0.184583,3.481856,-211.178223
4.0725360,0.197721,0.191800,0.119451,0.134485,4.480262,-219.711746
4.0919294,0.216756,0.203148,0.038671,0.062015,6.701808,-219.531448
4.1113243,0.200405,0.214374,-0.012456,0.010558,7.042105,-215.888687
4.1307187,0.084849,0.280267,0.066127,0.078225,4.170851,-187.352249
4.1501102,0.129510,0.324928,-0.077373,-0.042664,9.816025,-190.567993
4.1695008,0.217366,0.338838,-0.057605,-0.001325,13.011976,-200.905258
4.1888914,0.038114,0.330785,-0.169012,-0.139737,9.786577,-173.590042
4.2082834,0.072647,0.433284,-0.106048,-0.041522,14.750843,-174.495270
4.2276764,0.039700,0.398142,-0.257113,-0.196425,16.395586,-170.836731
4.2470689,0.018224,0.363975,-0.359125,-0.304660,17.238113,-168.289749
4.2664599,-0.020091,0.429258,-0.325934,-0.246772,20.322039,-160.523224
4.2858520,-0.070609,0.452198,-0.340699,-0.247117,22.525961,-152.912689
4.3052430,-0.073415,0.380570,-0.379259,-0.316006,19.095356,-151.220581
4.3246350,-0.095013,0.489781,-0.292134,-0.184639,23.144197,-150.122620
4.3440270,-0.074635,0.378008,-0.279199,-0.227409,15.350309,-150.943695
4.3634205,-0.079882,0.346892,-0.021730,0.003476,7.547276,-149.107971
4.3828135,-0.011427,0.517847,0.245623,0.310603,11.258381,-161.160004
4.4022064,-0.150168,0.400460,0.099561,0.140014,9.145987,-139.194458
4.4216008,-0.165787,0.362755,0.233909,0.260258,5.915079,-134.417542
4.4409947,-0.003130,0.434383,0.404619,0.436923,5.891891,-163.115051
4.4603882,-0.094891,0.325538,0.490768,0.498244,1.165798,-145.197998
4.4797816,-0.102091,0.283562,0.469292,0.470565,-0.180077,-141.062607
4.4991760,0.068498,0.415957,0.577283,0.603155,4.102980,-174.634293
4.5185685,-0.051329,0.217059,0.437810,0.429338,-3.010109,-152.016083
4.5379596,0.123042,0.244026,0.439396,0.442725,0.415245,-199.712524
4.5573525,0.139027,0.203026,0.199376,0.203535,1.556013,-209.883484
4.5767465,0.074599,0.078318,0.189736,0.178282,-3.751162,-241.572708
4.5961390,0.152450,0.047324,0.107127,0.106788,0.737393,106.243530
4.6155324,0.090096,0.114559,0.052948,0.045043,-1.702008,-226.812454
4.6349258,0.075209,-0.036140,-0.048331,-0.052885,0.064581,69.095947
4.6543207,0.176733,-0.078604,-0.072248,-0.053064,6.755139,77.555786
4.6737151,0.034453,0.070631,-0.165474,-0.179157,-4.237791,-244.057465
4.6931090,0.084971,0.003274,-0.390485,-0.391590,3.965800,84.354034
4.7125025,0.069718,0.042199,-0.205742,-0.214931,-1.187336,99.207520
4.7318974,0.020055,0.022676,-0.425261,-0.437491,-1.872015,73.849548
4.7512922,0.060200,0.002176,-0.351437,-0.357624,1.306110,78.131073
4.7706861,0.010293,0.059283,-0.356562,-0.371552,-4.920200,103.842438
4.7900815,0.019811,0.077708,-0.376086,-0.390131,-3.783180,-235.744675
4.8094773,-0.013014,0.088080,-0.334232,-0.350149,-6.356511,-202.549271
4.8288741,0.031159,0.084298,-0.297625,-0.310810,-3.344325,-232.415131
4.8482685,0.013099,0.125663,-0.267119,-0.279610,-2.935121,-196.867065
4.8676634,-0.032171,0.133473,-0.266143,-0.279564,-3.670649,-160.547668
4.8870602,0.032135,0.122979,-0.226607,-0.238070,-2.407386,-207.663467
4.9064579,-0.037540,0.143235,-0.180849,-0.193726,-3.562309,-156.287720
4.9258542,0.016150,0.155315,-0.099459,-0.110045,-2.418065,-187.864944
4.9452491,-0.051573,0.092473,-0.148390,-0.164477,-6.986995,-126.455261
4.9646473,-0.002154,0.164711,-0.010260,-0.021288,-2.975657,-176.507904
4.9840436,-0.000689,0.137256,-0.024903,-0.038262,-4.381138,-183.759552
5.0034380,0.014930,0.071363,0.037085,0.021645,-6.330925,-241.623505
5.0228319,-0.030951,0.095890,0.066981,0.050737,-7.501641,-165.758377
5.0422258,0.027132,0.100283,0.092850,0.078536,-5.357405,-219.019226
5.0616212,0.023471,0.032438,0.061124,0.046621,-5.456112,82.231079
5.0810175,-0.074880,0.058673,0.051972,0.036082,-6.917716,-58.290878
5.1004124,0.041287,-0.014053,0.075644,0.064758,-3.161963,65.566040
5.1198072,0.007852,0.108092,0.030130,0.015255,-5.734914,-203.424774
5.1392012,-0.010817,0.002542,-0.127036,-0.141024,-4.601907,42.776917
5.1585951,-0.003496,-0.043095,-0.151075,-0.159973,-1.309743,37.970154
5.1779895,0.050683,0.067580,-0.210866,-0.222733,-2.740682,-246.873199
5.1973848,0.104373,-0.069330,-0.211599,-0.203840,5.178545,67.738617
5.2167797,0.002971,0.078562,-0.100313,-0.116082,-6.546885,-229.357910
5.2361722,0.047388,-0.050416,-0.434535,-0.432604,5.722874,57.187469
5.2555661,0.000043,-0.062375,-0.133260,-0.139481,-0.165869,37.122467
5.2749605,-0.032537,0.078684,-0.345336,-0.361888,-7.969531,-168.766190
5.2943554,0.020665,-0.157797,-0.201349,-0.184250,7.508823,35.805817
5.3137503,0.007730,-0.335951,-0.264435,-0.173580,20.635069,27.891754
5.3331442,-0.015088,-0.494947,0.195593,0.306959,16.530432,23.853210
5.3525376,0.194792,-0.141446,0.313468,0.333551,4.371342,69.795288
5.3719301,0.398449,-0.442355,0.420971,0.556371,16.472485,62.292969
5.3913255,-0.307090,-0.662242,0.486619,0.664371,18.907387,1.323013
5.4107199,-0.081103,-0.529236,0.780208,0.862479,9.645786,17.387390
5.4301157,0.730963,-0.252975,1.031819,1.180292,13.330877,89.235626
5.4495072,-0.659494,-0.700313,0.616818,0.882882,22.743145,-17.371216
5.4689002,0.152694,-0.483111,0.364230,0.468221,14.320787,40.702118
5.4882956,0.377827,0.336398,0.883317,0.931288,5.734852,-214.916931
5.5076914,-0.420938,-0.399525,-0.105926,0.068003,25.818377,-17.862991
5.5270853,0.227738,-0.169877,0.386438,0.414916,5.401787,69.947327
5.5464778,-0.025582,0.343841,0.224635,0.239975,3.939020,-160.113113
5.5658712,-0.116367,-0.059446,-0.302384,-0.302577,3.430269,-11.232193
5.5852666,0.200405,0.016453,0.175704,0.183997,2.674927,100.020813
5.6046596,0.036528,0.312481,-0.168890,-0.145316,8.620180,-174.333527
5.6240535,0.051415,0.080637,-0.560585,-0.567969,2.931219,-238.323303
5.6434479,0.048608,0.204002,-0.441857,-0.434313,7.863321,-189.313202
5.6628423,0.064349,0.294544,-0.407568,-0.371294,14.778307,-181.634979
5.6822357,0.008462,0.248785,-0.676142,-0.637536,23.552599,-171.521469
5.7016287,-0.037174,0.046348,-0.788281,-0.803935,-3.057049,15.321777
5.7210240,-0.070609,0.176913,-0.489446,-0.492105,4.507676,-140.425079
5.7404189,-0.093549,0.172642,-0.662231,-0.655548,12.504681,-129.486084
5.7598133,0.145617,0.271725,0.202061,0.217004,3.981696,-199.405594
5.7792077,-0.166763,0.367392,-0.223557,-0.170751,14.646238,-134.587173
5.7986016,0.195646,0.348234,0.114692,0.157747,9.415150,-197.395447
5.8179960,-0.098186,0.414249,0.226221,0.260941,7.323435,-147.902252
5.8373923,0.007120,0.378740,0.288819,0.311199,4.910968,-165.836395
5.8567882,0.235914,0.464522,0.797779,0.845706,6.076365,-192.359558
5.8761840,-0.195195,0.163491,0.176680,0.175268,0.117393,-99.596069
5.8955784,-0.057186,0.073803,0.445375,0.428880,-8.231030,-88.389145
5.9149728,0.030061,0.470502,0.682467,0.715925,4.755882,-167.304840
5.9343667,0.067644,0.116878,0.202305,0.191215,-3.596017,-221.641068
5.9537606,0.039822,-0.003315,0.527985,0.514744,-5.302009,69.154480
5.9731536,-0.040713,0.064774,0.120915,0.104237,-8.885276,-59.707733
5.9925475,0.159283,0.055500,0.333114,0.330872,-0.692346,108.836670
6.0119419,0.057272,-0.241017,0.198278,0.224715,6.152328,38.564301
6.0313363,0.027620,-0.126437,0.175826,0.176820,0.818266,39.873016
6.0507317,0.095221,-0.126315,0.133240,0.140686,2.694379,55.971039
6.0701280,0.142688,-0.187082,0.042698,0.072121,7.791765,56.929962
6.0895224,0.038846,-0.169511,-0.035885,-0.020576,5.607235,39.251312
6.1089172,0.003826,-0.168535,-0.159861,-0.142454,7.161287,31.230194
6.1283121,0.105105,-0.183910,-0.106414,-0.076871,9.166243,51.129639
6.1477079,0.008096,-0.215392,-0.227828,-0.191857,11.799412,30.535522
6.1671028,0.049096,-0.201847,-0.236247,-0.201123,11.752052,39.270355
6.1864991,0.010293,-0.119848,-0.192075,-0.185650,4.618517,35.537628
6.2058945,0.049828,-0.100812,-0.210134,-0.204171,4.641192,48.821381
6.2252889,-0.027778,-0.066767,-0.231488,-0.236356,1.003703,24.933685
6.2446833,-0.086106,-0.048586,-0.345458,-0.349717,2.160055,-2.294510
6.2640772,0.047754,-0.090440,-0.231488,-0.227320,4.281449,49.749268
6.2834730,-0.101725,0.041345,-0.231122,-0.244405,-3.690676,-48.187347
6.3028693,-0.039249,0.102479,-0.110929,-0.126821,-6.713910,-151.568115
6.3222656,0.026034,0.027313,-0.180605,-0.194013,-3.967724,79.692322
6.3416610,-0.146751,0.062943,-0.256137,-0.264115,-0.274624,-66.803024
6.3610554,-0.015942,0.135669,-0.024171,-0.038080,-4.796397,-173.383301
6.3804479,-0.041567,0.133473,-0.150221,-0.164082,-4.430152,-152.631561
6.3998423,-0.065118,0.164589,-0.052358,-0.063232,-2.750023,-141.240112
6.4192357,-0.025338,0.167517,-0.051626,-0.062627,-2.823240,-163.583572
6.4386287,-0.028755,0.163491,-0.009528,-0.021223,-3.353553,-161.817459
6.4580221,-0.053769,0.141282,-0.036739,-0.050179,-4.409372,-144.229630
6.4774160,-0.028389,0.108580,0.075034,0.059245,-6.806144,-166.900558
6.4968071,-0.012159,0.119074,-0.004647,-0.019591,-5.740812,-181.298462
6.5162005,-0.015454,0.141526,0.087237,0.073447,-4.945966,-172.604584
6.5355959,-0.026558,0.068801,-0.023683,-0.040333,-8.644458,-227.531876
6.5549917,0.010293,0.077098,0.056365,0.040734,-6.581701,-233.961075
6.5743871,-0.011915,0.066116,0.007067,-0.009354,-7.835891,-246.966431
6.5937815,0.029328,0.016819,0.030862,0.017423,-4.573009,74.622162
6.6131768,0.031891,0.007057,0.040990,0.028201,-4.159365,70.605621
6.6325712,0.003459,0.059039,0.024761,0.008832,-6.942225,102.093567
6.6519690,0.051293,-0.006000,0.035377,0.024924,-2.818807,72.119354
6.6713648,-0.016430,-0.039800,-0.010138,-0.020874,-2.818869,31.798859
6.6907587,0.040189,0.035976,0.074058,0.060490,-4.759549,90.292877
6.7101536,0.031159,-0.039190,0.020246,0.011287,-2.047775,54.071686
6.7295480,-0.023386,-0.026378,0.013779,0.001451,-3.798788,29.002258
6.7489433,-0.011671,-0.001241,0.076011,0.061714,-5.312752,41.036621
6.7683368,0.020055,-0.052613,0.041112,0.032804,-1.831907,46.779724
6.7877302,0.027376,0.007179,0.101025,0.087740,-4.622661,68.672485
6.8071232,-0.023020,0.013402,0.012436,-0.002796,-6.064701,34.717957
6.8265195,0.000409,-0.006854,0.046603,0.033108,-4.648424,47.843475
6.8459144,0.028596,0.025848,0.043308,0.029389,-4.952477,79.786102
6.8653107,-0.031683,0.029631,0.005603,-0.010420,-7.065423,27.050598
6.8847051,0.005046,0.022066,0.051972,0.036991,-5.873234,64.396912
6.9040995,-0.022898,0.048911,-0.014897,-0.031367,-7.951227,57.674072
6.9234943,-0.016918,0.032926,0.014267,-0.001717,-7.013723,50.730316
6.9428897,-0.013990,0.037074,0.033668,0.017601,-7.165431,58.138611
6.9622865,-0.014478,0.051351,0.012925,-0.003451,-7.732319,76.966675
6.9816828,-0.045472,0.029631,-0.005501,-0.021465,-6.960938,5.568390
7.0010781,-0.024972,0.035000,0.019514,0.003345,-7.322638,39.912994
7.0204735,-0.042299,0.035000,-0.015873,-0.032047,-7.297339,8.377228
7.0398698,-0.056210,0.027435,-0.005257,-0.020960,-6.593285,-7.249008
7.0592666,-0.041445,0.019503,-0.006843,-0.022410,-6.418046,13.839630
7.0786619,-0.043275,0.037929,-0.023438,-0.039690,-7.438150,5.145050
7.0980563,-0.045228,0.013036,-0.032590,-0.047752,-5.914516,10.792694
7.1174512,-0.052427,0.000589,-0.034421,-0.048691,-5.068123,6.802780
7.1368461,-0.024484,0.043664,-0.003305,-0.019691,-7.745672,47.358582
7.1562414,-0.034612,0.019137,-0.058703,-0.074210,-6.265663,22.272278
7.1756363,-0.051329,-0.012467,-0.049429,-0.062667,-4.230201,9.995667
7.1950302,-0.009109,0.011816,0.010118,-0.004757,-5.699787,47.495911
7.2144232,-0.014966,0.000467,-0.047111,-0.061288,-4.960527,38.893707
7.2338161,-0.023386,0.019991,0.041722,0.026125,-6.522337,36.073456
7.2532077,0.000165,0.000345,-0.048087,-0.061801,-4.586392,50.115509
7.2725992,0.000287,-0.019178,-0.003549,-0.015883,-3.754766,44.400024
7.2919908,-0.009963,0.032071,0.023418,0.007607,-6.774576,58.523987
7.3113871,-0.006180,0.000834,-0.055897,-0.069841,-4.748907,45.783630
7.3307805,-0.012404,-0.022839,0.003041,-0.009374,-3.823197,36.135956
7.3501744,0.008462,0.011083,-0.012700,-0.026855,-5.018860,60.355682
7.3695707,0.000775,0.004128,0.027323,0.013166,-5.105352,51.992676
7.3889632,-0.011183,-0.026378,-0.010016,-0.022012,-3.529701,36.321320
7.4083557,-0.020701,-0.004047,0.004505,-0.009594,-5.010745,33.400970
7.4277506,-0.020335,0.002298,0.041356,0.026751,-5.508344,34.839935
7.4471469,-0.029853,-0.038214,0.014145,0.002934,-3.152409,24.646606
7.4665413,-0.051573,-0.030771,0.063320,0.051251,-3.776298,12.053314
7.4859328,-0.010207,-0.026134,0.053680,0.041394,-3.879467,36.927887
7.5053258,-0.008743,-0.031625,0.035621,0.023965,-3.463398,36.917969
7.5247192,-0.006424,-0.047244,0.001088,-0.008643,-2.345209,36.017578
7.5441132,0.034331,0.017307,-0.014897,-0.027856,-4.128535,76.937592
7.5635076,0.088876,-0.091050,-0.073102,-0.067801,3.379102,60.147461
7.5829010,-0.049743,-0.061764,0.134826,0.125558,-2.562025,15.210022
7.6022921,-0.035222,-0.022229,-0.075543,-0.087926,-3.573011,21.661987
7.6216841,-0.030097,-0.063107,0.032570,0.024129,-1.859478,23.992462
7.6410775,-0.030341,-0.083607,-0.016483,-0.021544,-0.280090,23.600800
7.6604714,-0.034002,0.027435,-0.002084,-0.018023,-6.926778,23.285248
7.6798663,-0.064752,-0.043705,0.059293,0.048825,-2.900640,6.587662
7.6992593,0.027132,-0.062009,-0.036373,-0.042325,-0.534652,47.769409
7.7186537,0.006022,0.044396,0.020734,0.005117,-6.518597,84.443420
7.7380490,-0.014600,-0.014297,-0.003427,-0.016603,-4.306673,36.124634
7.7574453,0.011757,-0.027354,-0.044060,-0.054917,-2.769540,48.506378
7.7768416,-0.008255,0.040735,-0.074444,-0.090393,-6.851657,68.852051
7.7962356,0.011391,0.015842,-0.064194,-0.078333,-4.889166,64.786102
7.8156300,0.046412,-0.000387,-0.026977,-0.037859,-2.841189,72.775818
7.8350277,0.027132,0.032926,-0.040400,-0.054444,-4.866456,84.053314
7.8544230,0.096197,-0.018080,-0.082864,-0.085997,0.771329,79.277588
7.8738170,0.044581,-0.000387,-0.016483,-0.027582,-2.994710,72.136780
7.8932114,0.010903,0.010473,-0.040156,-0.054082,-4.772522,61.576813
7.9126072,0.029450,-0.048098,-0.006355,-0.014214,-1.456498,51.353729
7.9320011,-0.028999,-0.013565,-0.000620,-0.014062,-4.500766,26.138824
7.9513955,-0.048522,0.000345,0.025981,0.011519,-5.355770,10.099884
7.9707904,-0.042055,-0.060422,0.023541,0.014845,-1.939975,18.607513
7.9901862,-0.006668,-0.030404,-0.004281,-0.015793,-3.264162,38.246155
8.0095835,-0.007767,-0.042485,-0.008308,-0.018553,-2.569604,35.948639
8.0289783,-0.074147,-0.097761,-0.015873,-0.017869,0.808948,8.339966
8.0483751,-0.147117,-0.057616,0.107615,0.103740,-0.391026,-20.477951
8.0677710,-0.118564,-0.018812,0.037695,0.027990,-2.457860,-22.887604
8.0871649,-0.130766,-0.085071,0.080525,0.078916,0.467073,-10.620026
8.1065578,-0.164689,-0.088976,0.095290,0.097563,1.548300,-18.175171
8.1259537,-0.120272,-0.026012,0.027811,0.018949,-2.030545,-21.125000
8.1453485,-0.081713,-0.101178,0.056243,0.054083,0.401667,6.169556
8.1647444,-0.072073,-0.101056,0.138487,0.134882,-0.423548,9.274567
8.1841393,-0.151754,-0.028330,0.012558,0.007244,-0.506805,-29.358795
8.2035341,-0.061335,-0.076285,0.038061,0.031660,-1.032296,11.299683
8.2229280,0.039090,-0.005878,0.008776,-0.002512,-3.178408,67.829590
8.2423201,0.016638,-0.024913,-0.078959,-0.089571,-2.510180,51.507782
8.2617130,0.070450,-0.049074,-0.048697,-0.052296,0.419686,64.408783
8.2811060,0.129266,-0.015274,-0.116908,-0.114151,2.938552,85.597626
8.3004999,0.164774,0.016208,-0.111906,-0.104240,4.312361,97.924988
8.3198929,0.230789,-0.025157,-0.130087,-0.101012,9.321882,92.961090
8.3392849,0.159405,0.016575,-0.081033,-0.075374,3.534324,97.658020
8.3586769,0.133170,0.035732,-0.133138,-0.132559,2.359689,101.739655
8.3780718,0.172096,0.007545,-0.091040,-0.081772,4.576215,96.152588
8.3974657,0.116331,0.003274,-0.102754,-0.104122,1.510053,89.424744
8.4168587,0.092170,0.053304,-0.079569,-0.087135,-1.015514,106.284821
8.4362526,0.063739,0.014012,-0.016117,-0.026321,-2.521052,84.217529
8.4556465,0.077162,0.037807,-0.029052,-0.038670,-2.181219,97.887634
8.4750385,0.053367,0.011694,0.031350,0.019998,-3.281653,80.417175
8.4944305,-0.121492,0.006935,0.035255,0.023989,-3.245863,-34.025101
8.5138235,-0.063897,-0.011613,0.063564,0.050160,-4.622447,1.294861
8.5332174,-0.079516,-0.005146,0.078817,0.065455,-4.626394,-10.361496
8.5526114,-0.138454,-0.013443,0.096632,0.087868,-2.221553,-30.793579
8.5720053,-0.122957,-0.021985,0.111153,0.101573,-2.631746,-23.298309
8.5913982,-0.169448,0.005226,0.075522,0.069181,-1.155827,-43.990036
8.6107941,-0.166031,-0.046145,0.082478,0.079800,0.114352,-27.718445
8.6301889,-0.151022,-0.102032,0.131287,0.133329,1.310122,-12.867508
8.6495838,-0.241808,-0.041753,0.123722,0.131605,2.850529,-40.741699
8.6689768,-0.191290,-0.042607,0.063198,0.063871,1.248079,-33.479065
8.6883717,-0.115879,-0.107279,0.092850,0.093181,1.003008,-3.253281
8.7077637,-0.144189,-0.134246,-0.022584,-0.012253,4.343393,-6.830963
8.7271557,-0.079272,-0.121556,0.041600,0.043052,1.588019,8.507782
8.7465477,-0.043031,-0.135223,-0.067489,-0.062041,3.381612,19.524963
8.7659426,-0.008743,-0.146571,-0.041986,-0.034338,3.799912,28.869080
8.7853346,-0.014844,-0.121190,-0.061144,-0.058594,2.505169,27.972321
8.8047276,0.098882,-0.153770,-0.072004,-0.052599,6.800488,53.209442
8.8241186,0.014320,-0.130952,-0.063828,-0.058108,3.432160,35.899200
8.8435116,0.049096,-0.122532,-0.059435,-0.053070,3.578376,45.897308
8.8629036,0.092415,-0.118383,-0.086281,-0.075040,5.039135,56.516296
8.8822966,0.087168,-0.117529,-0.075787,-0.065746,4.657754,55.520020
8.9016895,0.103763,-0.116187,-0.102266,-0.089289,5.593857,59.167938
8.9210835,0.085581,-0.106303,-0.064682,-0.057313,3.884647,56.859528
8.9404755,0.064349,-0.097761,-0.066391,-0.063050,2.772680,53.117249
8.9598665,0.050194,-0.091050,-0.062486,-0.061803,1.940948,50.350250
8.9792557,0.031159,-0.093735,-0.033444,-0.034358,1.260984,44.359955
8.9986486,0.037992,-0.095809,-0.029418,-0.029553,1.489561,46.144257
9.0180435,0.032379,-0.085925,0.005847,0.003162,0.466483,45.783630
9.0374355,-0.018017,-0.089708,-0.012700,-0.016710,0.091469,28.052612
9.0568275,-0.013502,-0.094467,0.031716,0.027977,-0.019488,29.461548
9.0762205,-0.066338,-0.097395,0.018416,0.015582,0.355110,10.932434
9.0956144,-0.074757,-0.099226,0.042332,0.039760,0.330426,8.254852
9.1150074,-0.066338,-0.098494,0.042088,0.039110,0.195075,11.003571
9.1344013,-0.065850,-0.115089,0.037329,0.037201,1.136423,12.126862
9.1537933,-0.090743,-0.114723,0.051728,0.052346,1.289393,4.639450
9.1731873,-0.097942,-0.114845,0.050996,0.052059,1.425200,2.588058
9.1925793,-0.104409,-0.136687,0.026225,0.032261,2.941347,2.879700
9.2119741,-0.100382,-0.137419,0.042576,0.048133,2.719642,3.966583
9.2313700,-0.069877,-0.136077,0.039770,0.043638,2.282369,12.005066
9.2507639,-0.093305,-0.155234,0.017927,0.027329,3.843961,7.027725
9.2701559,-0.053891,-0.151086,0.046603,0.052949,2.901420,16.833313
9.2895489,-0.040225,-0.150231,0.016463,0.023151,3.170369,20.428680
9.3089390,-0.052061,-0.143764,0.003895,0.009629,2.997091,17.156982
9.3283339,-0.054380,-0.151940,-0.014897,-0.006903,3.706800,16.725220
9.3477278,-0.024972,-0.159627,-0.003793,0.005503,3.960608,24.364563
9.3671227,-0.037418,-0.150964,-0.026977,-0.019086,3.761128,21.175568
9.3865185,-0.025338,-0.147425,-0.011724,-0.004945,3.371519,24.411804
9.4059114,-0.032781,-0.154258,-0.053090,-0.043753,4.312332,22.393433
9.4253044,-0.015942,-0.150720,-0.030638,-0.022523,3.843446,26.849426
9.4446964,-0.012037,-0.162190,-0.050650,-0.039226,4.811957,27.571228
9.4640894,-0.011305,-0.139981,-0.003915,0.001338,2.915742,28.388885
9.4834814,-0.049011,-0.152306,-0.072858,-0.063322,4.507733,18.136963
9.5028753,0.005778,-0.155234,-0.018070,-0.008598,4.100469,32.276337
9.5222673,-0.004838,-0.136565,-0.032102,-0.026750,3.120524,30.299469
9.5416603,-0.027778,-0.149255,0.045871,0.051705,2.773043,23.740051
9.5610533,-0.017162,-0.121190,-0.105926,-0.102450,3.079259,27.268524
9.5804443,-0.019603,-0.107401,-0.092626,-0.092267,2.023314,26.898956
9.5998363,-0.008133,-0.129976,0.007555,0.010623,2.241413,29.635742
9.6192284,-0.046326,-0.131806,-0.083840,-0.078708,3.405893,18.531494
9.6386213,-0.016918,-0.144130,0.103588,0.107364,1.916634,26.741974
9.6580143,-0.027778,-0.123508,-0.007942,-0.006172,1.952971,24.001007
9.6774082,-0.026436,-0.117651,-0.063462,-0.061752,2.265787,24.489441
9.6968002,-0.004350,-0.139249,0.038915,0.043292,2.425684,30.323517
9.7161922,-0.044740,-0.122288,0.006579,0.007869,1.728664,18.847412
9.7355843,-0.030585,-0.146571,-0.005379,0.001028,3.233199,23.007080
9.7549763,0.005900,-0.133514,0.025371,0.029248,2.366202,33.421082
9.7743683,-0.032049,-0.130220,0.018171,0.020724,2.034145,22.677826
9.7937603,-0.045594,-0.136199,-0.006233,-0.001940,2.667150,18.810181
9.8131504,0.014198,-0.139249,0.046969,0.051896,2.527740,35.318146
9.8325415,-0.043642,-0.132660,0.005237,0.008558,2.326653,19.319336
9.8519344,-0.006546,-0.141568,0.003041,0.008594,2.953936,29.634491
9.8713284,0.008096,-0.141080,0.059904,0.064655,2.408574,33.592133
9.8907204,-0.041445,-0.137419,-0.019168,-0.014377,2.884240,19.996826
9.9101143,0.017248,-0.131196,0.021588,0.025611,2.428041,36.681793
9.9295063,-0.041933,-0.135467,-0.010626,-0.006422,2.668946,19.840210
9.9488993,-0.027046,-0.142910,-0.024293,-0.018208,3.268534,23.999268
9.9682913,-0.019847,-0.134246,-0.004037,-0.000129,2.546493,26.150299
9.9876852,-0.053281,-0.135833,-0.041132,-0.036027,3.110734,16.629822
10.0070801,-0.019725,-0.147181,-0.014043,-0.007190,3.405862,25.920776
10.0264740,-0.021433,-0.134979,-0.010382,-0.006214,2.657324,25.683777
10.0458679,-0.073171,-0.140836,-0.029662,-0.023172,3.411765,11.340576
10.0652590,-0.021921,-0.137541,-0.000132,0.004336,2.678564,25.498138
10.0846539,-0.021311,-0.151818,-0.041132,-0.032586,4.026239,25.417480
10.1040478,-0.025826,-0.121190,0.019636,0.020482,1.524739,24.625671
10.1234398,-0.036198,-0.124362,-0.029052,-0.026733,2.239036,21.453156
10.1428347,0.006266,-0.127169,0.002186,0.005306,2.287192,33.896088
10.1622286,-0.025704,-0.121678,-0.019778,-0.018121,1.987449,24.655609
10.1816235,-0.007157,-0.104961,-0.011846,-0.013057,1.047626,31.083954
10.2010174,0.015174,-0.103985,-0.000986,-0.001652,1.166101,38.293213
10.2204113,-0.023508,-0.107767,-0.019534,-0.020454,1.183148,25.605774
10.2398062,0.012733,-0.088000,-0.001840,-0.005245,0.254805,39.074036
10.2591972,0.018468,-0.099836,0.004993,0.003701,0.933511,39.722046
10.2785892,-0.006790,-0.088366,-0.014043,-0.017987,0.121405,32.193878
10.2979841,0.040189,-0.080556,0.005481,0.002556,0.385974,49.032928
10.3173771,0.016516,-0.067622,-0.016117,-0.022161,-0.662629,42.950012
10.3367691,0.050072,-0.065059,0.008776,0.004438,-0.128061,54.876953
10.3561602,0.034453,-0.061642,-0.004525,-0.010382,-0.640180,50.435455
10.3755550,0.057638,-0.063961,0.001332,-0.002373,0.133470,57.374115
10.3949490,0.042751,-0.065791,0.004749,-0.000045,-0.277203,52.423645
10.4143429,0.037504,-0.071282,-0.009894,-0.014156,-0.013576,49.718414
10.4337368,0.063861,-0.063961,0.016219,0.012917,0.204432,59.154327
10.4531288,0.044459,-0.062253,-0.010992,-0.015928,-0.258067,53.669006
10.4725227,0.047632,-0.062985,0.005237,0.000464,-0.271671,54.534363
10.4919147,0.038846,-0.067622,-0.001352,-0.006127,-0.242244,50.808868
10.5113087,0.039700,-0.057006,-0.008308,-0.014329,-0.688395,53.160675
10.5307016,0.039334,-0.055419,0.002430,-0.003933,-0.870211,53.367371
10.5500956,0.011147,-0.061520,-0.004769,-0.012021,-1.203813,41.760071
10.5694895,0.020665,-0.061520,-0.005623,-0.012369,-0.990788,45.456299
10.5888815,0.012367,-0.060178,-0.011724,-0.019025,-1.195607,42.444153
10.6082754,0.025668,-0.056762,-0.005623,-0.012680,-1.118989,48.180176
10.6276674,0.025790,-0.053345,-0.000986,-0.008504,-1.331170,48.877686
10.6470623,0.012733,-0.057982,-0.007331,-0.014939,-1.344018,42.926849
10.6664543,0.030549,-0.059080,-0.008918,-0.015329,-0.841184,49.540375
10.6858482,0.029084,-0.047000,-0.010748,-0.018720,-1.488160,51.452240
10.7052412,0.047022,-0.050294,0.012314,0.005842,-0.955422,57.095520
10.7246342,0.031159,-0.062741,-0.016239,-0.022050,-0.570331,49.079071
10.7440262,0.051171,-0.049806,-0.003427,-0.009435,-0.704371,58.555115
10.7634211,0.054709,-0.040898,-0.021852,-0.028362,-0.824782,61.915985
10.7828169,0.065081,-0.027110,-0.014043,-0.021039,-1.058428,68.995880
10.8022127,0.064105,-0.013687,-0.011846,-0.020161,-1.635501,73.144135
10.8216076,0.061909,-0.000997,0.003041,-0.006566,-2.291631,77.306488
10.8410006,0.075331,0.003274,-0.007454,-0.015833,-1.681673,82.343170
10.8603945,0.086313,0.009131,-0.002817,-0.010288,-1.304265,86.845276
10.8797884,0.081188,0.024018,0.004749,-0.004157,-1.966870,92.113953
10.8991814,0.105837,0.020845,-0.007454,-0.012858,-0.452209,94.179199
10.9185734,0.100468,0.024750,-0.006599,-0.012948,-0.825745,95.027222
10.9379663,0.098028,0.023652,-0.002939,-0.009615,-0.973637,94.305634
10.9573603,0.116453,0.011816,-0.004159,-0.007558,0.267990,92.258026
10.9767532,0.118406,0.011938,0.003529,0.000321,0.297789,92.529053
10.9961452,0.138417,0.022798,0.004749,0.004302,1.205221,97.946289
11.0155392,0.132804,0.018527,-0.008430,-0.009441,1.094310,96.140259
11.0349350,0.120114,0.021211,-0.004403,-0.007697,0.306093,95.840027
11.0543289,0.120480,0.017307,-0.013555,-0.016477,0.480968,94.554230
11.0737228,0.115477,0.035244,-0.034299,-0.038471,0.136990,100.404022
11.0931196,0.126581,0.021700,-0.028686,-0.030588,0.907306,96.609955
11.1125145,0.141468,-0.034431,-0.005745,-0.001310,2.703264,82.264374
11.1319075,0.079114,0.000467,0.021100,0.013087,-1.629789,82.089447
11.1513014,0.108644,0.008521,-0.008430,-0.012767,-0.047946,90.137329
11.1706934,0.141712,-0.010881,0.007433,0.009545,1.966623,88.407990
11.1900883,0.068986,0.004738,-0.023316,-0.032365,-1.928348,81.464447
11.2094831,0.073379,-0.002461,-0.003793,-0.012038,-1.636229,79.676758
11.2288771,0.096075,-0.026012,0.021588,0.017721,-0.018310,76.857758
11.2482700,0.068986,-0.005268,-0.001840,-0.010381,-1.775853,77.530090
11.2676640,0.053977,0.006081,-0.007575,-0.018327,-2.835787,78.022369
11.2870569,0.078016,-0.021497,0.010728,0.004371,-0.902798,74.186829
11.3064518,0.059956,-0.009172,-0.001596,-0.010768,-2.067606,73.585938
11.3258448,0.042751,0.005836,-0.004037,-0.015760,-3.386256,74.252533
11.3452387,0.062031,-0.014541,0.019514,0.010800,-1.933591,72.250305
11.3646326,0.061299,-0.026988,-0.018435,-0.025786,-1.188857,67.931396
11.3840237,0.040189,0.009253,0.006823,-0.005357,-3.689286,74.951233
11.4034176,0.038724,-0.000387,-0.009040,-0.020647,-3.304324,69.970490
11.4228096,0.053367,-0.011491,0.008898,-0.000789,-2.350712,70.702515
11.4422016,0.034087,-0.003071,-0.016605,-0.028329,-3.348954,66.973389
11.4615936,0.045802,0.004494,0.002064,-0.009359,-3.233312,74.702789
11.4809875,0.042019,0.005958,-0.010626,-0.022381,-3.385344,74.046875
11.5003796,0.034942,-0.013077,-0.004159,-0.015125,-2.961947,63.438141
11.5197725,0.036040,0.002664,0.007189,-0.004901,-3.635995,70.261017
11.5391655,0.042385,0.029875,-0.004281,-0.017217,-4.140705,87.017334
11.5585604,0.039212,-0.006732,0.007555,-0.003654,-3.131341,67.536682
11.5779543,0.038480,-0.020887,-0.012212,-0.022197,-2.424150,62.155151
11.5973463,0.021153,0.019625,-0.007454,-0.021412,-4.872984,72.484283
11.6167412,0.025180,0.012914,-0.008308,-0.021677,-4.429823,70.594086
11.6361370,0.015540,-0.021375,-0.020876,-0.032246,-3.132020,51.962524
11.6555290,0.031281,-0.009905,-0.005623,-0.017090,-3.234892,63.079071
11.6749210,0.009805,0.003396,-0.012334,-0.025960,-4.607162,57.560211
11.6943130,0.018956,-0.010515,-0.003183,-0.015379,-3.670826,57.132355
11.7137070,0.015418,-0.020887,-0.016483,-0.027928,-3.188526,52.042389
11.7330999,0.016760,-0.010271,-0.000498,-0.012845,-3.771233,56.102295
11.7524939,0.010415,-0.008684,-0.004769,-0.017538,-4.028829,53.239288
11.7718887,0.009195,-0.032723,-0.004281,-0.014968,-2.812224,46.007477
11.7912827,0.005046,-0.030893,-0.002451,-0.013512,-3.018999,44.343201
11.8106775,0.000897,-0.025646,-0.003427,-0.015152,-3.389600,43.278351
11.8300695,-0.006424,-0.027232,0.009264,-0.002617,-3.517699,38.913269
11.8494635,-0.010817,-0.031869,-0.006965,-0.018429,-3.228443,35.739197
11.8688574,-0.007767,-0.023693,0.007311,-0.004927,-3.725962,38.764221
11.8882504,-0.017284,-0.028940,-0.004281,-0.016188,-3.493976,32.418457
11.9076443,-0.034612,-0.028086,-0.005379,-0.017526,-3.634407,22.044952
11.9270353,-0.034612,-0.016006,-0.009772,-0.022998,-4.324800,22.078064
11.9464293,-0.055966,-0.030282,-0.025879,-0.037475,-3.245863,9.477692
11.9658213,-0.059261,-0.048220,0.016585,0.006743,-2.452879,9.780914
11.9852142,-0.023386,-0.027720,0.005725,-0.006440,-3.676901,28.900055
12.0046053,-0.010817,-0.000509,0.015853,0.001674,-5.099938,41.889069
12.0239992,-0.053281,-0.040044,-0.008552,-0.019275,-2.817607,11.994415
12.0433950,-0.025948,-0.058348,0.021100,0.012180,-2.033067,25.986908
12.0627880,-0.052549,-0.008562,0.016951,0.003201,-4.767426,8.496613
12.0821819,-0.058650,0.000467,0.020490,0.006222,-5.181530,1.855270
12.1015720,-0.040347,-0.037726,-0.005135,-0.016288,-3.060503,18.847412
12.1209650,-0.050719,-0.039312,0.006335,-0.004602,-2.979791,13.290375
12.1403570,-0.056820,-0.006854,0.024029,0.010217,-4.829871,5.051117
12.1597500,-0.044496,-0.022351,0.003773,-0.008904,-3.991341,15.646729
12.1791420,-0.059627,-0.041875,0.004993,-0.005475,-2.728532,8.907288
12.1985359,-0.063653,-0.021619,0.014145,0.001732,-3.852451,3.626923
12.2179298,-0.059993,-0.014419,0.009142,-0.003963,-4.288732,4.467117
12.2373209,-0.056820,-0.030160,0.000966,-0.010764,-3.405369,8.975861
12.2567148,-0.069877,-0.035285,-0.001108,-0.011929,-2.893661,2.744308
12.2761078,-0.060725,-0.020032,-0.001108,-0.013677,-3.909255,5.091949
12.2955036,-0.059749,-0.027598,-0.010626,-0.022477,-3.441603,6.941071
12.3148985,-0.079760,-0.039068,0.011094,0.000994,-2.561818,-1.337143
12.3342934,-0.060847,-0.033943,-0.009284,-0.020478,-3.070586,7.257446
12.3536901,-0.069022,-0.021253,-0.015629,-0.027766,-3.598961,0.423203
12.3730850,-0.069999,-0.026866,0.017927,0.006178,-3.466514,1.083069
12.3924770,-0.069510,-0.035774,-0.043084,-0.053601,-2.589659,3.014679
12.4118710,-0.055966,-0.033333,0.024395,0.012839,-3.374447,9.847046
12.4312649,-0.090865,-0.039312,-0.003915,-0.013311,-2.165758,-6.216766
12.4506578,-0.079272,-0.029428,0.016585,0.005456,-3.115442,-3.163544
12.4700527,-0.062677,-0.022229,0.016219,0.003823,-3.847424,4.322235
12.4894485,-0.122103,-0.028940,-0.022584,-0.030582,-1.451728,-20.832932
12.5088425,-0.103189,-0.014053,0.020368,0.009220,-3.137362,-18.744003
12.5282373,-0.090010,-0.034187,-0.006843,-0.016808,-2.432968,-7.048782
12.5476322,-0.093183,-0.027232,0.015731,0.005118,-2.838565,-10.258636
12.5670252,-0.123811,-0.002339,0.011704,0.001369,-2.682385,-30.758896
12.5864210,-0.118808,-0.025524,0.000112,-0.008700,-1.906765,-20.782944
12.6058168,-0.113805,-0.021863,0.021222,0.011507,-2.406837,-20.196960
12.6252108,-0.134183,-0.006610,-0.007819,-0.016710,-1.912991,-32.117981
12.6446075,-0.131864,-0.023205,0.005359,-0.002507,-1.505686,-25.661880
12.6640034,-0.136745,-0.031747,0.026591,0.019813,-1.136473,-24.442535
12.6833963,-0.150168,-0.012711,-0.000498,-0.007223,-1.003754,-33.959839
12.7027903,-0.149436,-0.027964,0.031472,0.025646,-0.782352,-28.906097
12.7221861,-0.161882,-0.036628,-0.008674,-0.011635,0.443184,-29.318069
12.7415791,-0.160418,-0.025524,0.013169,0.008641,-0.217137,-32.174698
12.7609720,-0.137111,-0.021741,0.033302,0.025581,-1.551309,-27.633987
12.7803631,-0.150412,-0.030771,0.001332,-0.003774,-0.378532,-28.313766
12.7997561,-0.144677,-0.030160,0.037817,0.031603,-0.958189,-27.051651
12.8191481,-0.143091,-0.017714,0.006945,-0.000247,-1.226410,-30.550934
12.8385420,-0.158099,-0.018934,0.000966,-0.004293,-0.434557,-33.696854
12.8579330,-0.149070,-0.029672,0.022442,0.016833,-0.661340,-28.307053
12.8773260,-0.147972,-0.023571,0.003407,-0.002687,-0.767673,-29.890701
12.8967199,-0.143335,-0.028208,0.000844,-0.005313,-0.781466,-27.286591
12.9161129,-0.141504,-0.031381,0.016219,0.010006,-0.868842,-25.856216
12.9355078,-0.132230,-0.038458,0.005359,-0.000975,-0.871132,-21.235031
12.9549017,-0.137355,-0.028452,0.002430,-0.004362,-1.043399,-25.597366
12.9742966,-0.142725,-0.033455,0.007067,0.001290,-0.659751,-25.577469
12.9936905,-0.131132,-0.041631,0.002553,-0.003519,-0.755162,-20.054245
13.0130825,-0.144189,-0.035285,-0.011114,-0.016334,-0.364899,-25.440231
13.0324774,-0.134549,-0.018568,0.021588,0.013441,-1.689806,-27.961395
13.0518723,-0.137233,-0.041753,-0.023072,-0.028213,-0.279716,-21.778427
13.0712652,-0.163835,-0.049440,0.000966,-0.000461,0.910247,-26.414246
13.0906572,-0.127716,-0.029916,0.012070,0.004372,-1.459950,-22.324875
13.1100502,-0.173474,-0.030404,0.000356,-0.001794,0.674339,-33.441727
13.1294460,-0.133817,-0.042973,0.027933,0.021998,-0.809608,-20.484573
13.1488390,-0.186653,-0.039922,-0.011724,-0.010743,1.737226,-33.344925
13.1682301,-0.171888,-0.040654,0.016585,0.015017,0.785257,-30.356949
13.1876240,-0.189703,-0.042485,0.007433,0.008819,1.752457,-33.235397
13.2070150,-0.191168,-0.056151,0.011460,0.014573,2.231726,-30.235764
13.2264061,-0.206055,-0.046390,0.010972,0.015389,2.598243,-34.962936
13.2458010,-0.193364,-0.045779,0.010240,0.012511,1.997434,-33.056702
13.2651958,-0.206299,-0.056517,0.006213,0.011962,2.986798,-32.691406
13.2845879,-0.209105,-0.052857,0.012558,0.018210,2.922156,-33.945587
13.3039799,-0.205322,-0.046756,0.006091,0.010527,2.632463,-34.764343
13.3233709,-0.202394,-0.058470,0.015853,0.020969,2.759194,-31.631042
13.3427649,-0.219721,-0.059446,0.000966,0.009603,3.764983,-34.080292
13.3621559,-0.174207,-0.049440,0.030252,0.029754,1.057555,-28.606216
13.3815479,-0.235950,-0.058104,-0.004281,0.007478,4.558638,-36.559723
13.4009399,-0.189337,-0.058592,0.021588,0.024518,2.122441,-29.353729
13.4203348,-0.187141,-0.060910,-0.005867,-0.002436,2.423072,-28.432098
13.4397278,-0.210081,-0.064327,0.014389,0.021584,3.314281,-31.597534
13.4591208,-0.178599,-0.067011,0.022076,0.024483,1.970488,-25.455322
13.4785137,-0.189337,-0.063839,0.000844,0.004857,2.546812,-28.191116
13.4979057,-0.185311,-0.052735,0.012680,0.014462,1.840605,-29.964172
13.5172958,-0.193364,-0.052857,0.012192,0.015240,2.209181,-31.379654
13.5366898,-0.165543,-0.060300,-0.008063,-0.007783,1.501570,-24.214539
13.5560827,-0.185921,-0.056029,0.009386,0.011717,2.019521,-29.310669
13.5754747,-0.192632,-0.057494,-0.005745,-0.001885,2.543252,-30.190460
13.5948677,-0.180430,-0.057494,0.020490,0.021982,1.712588,-27.931732
13.6142578,-0.168349,-0.067622,-0.004281,-0.002723,1.869198,-23.205093
13.6336498,-0.202150,-0.056151,-0.000620,0.004529,2.867706,-32.106750
13.6530437,-0.182748,-0.067988,0.014145,0.017435,2.266750,-26.058624
13.6724377,-0.201052,-0.076773,-0.015019,-0.006947,3.727516,-27.567169
13.6918306,-0.185677,-0.064571,0.007311,0.010725,2.340927,-27.352905
13.7112226,-0.204590,-0.063839,0.003529,0.009971,3.186616,-30.824036
13.7306156,-0.187873,-0.072869,0.001576,0.006568,2.811338,-26.007767
13.7500105,-0.202028,-0.061032,-0.001108,0.004644,3.032825,-31.008820
13.7694044,-0.184456,-0.054077,0.019392,0.021081,1.776772,-29.490540
13.7887983,-0.199709,-0.060788,-0.006721,-0.001263,2.988708,-30.675964
13.8081923,-0.195073,-0.057250,0.021832,0.025485,2.324224,-30.671524
13.8275852,-0.199343,-0.055175,0.003285,0.007761,2.660368,-31.864227
13.8469772,-0.193974,-0.053101,0.011582,0.014768,2.251748,-31.428757
13.8663683,-0.178843,-0.052369,0.005603,0.006514,1.620059,-28.820724
13.8857622,-0.175305,-0.054199,-0.001352,-0.000607,1.607999,-27.684418
13.9051533,-0.158954,-0.037970,0.013779,0.010278,0.146910,-28.295731
13.9245453,-0.163468,-0.041753,-0.005867,-0.008110,0.674439,-28.293106
13.9439383,-0.135891,-0.039312,0.002918,-0.002930,-0.669473,-22.058212
13.9633293,-0.150778,-0.039922,-0.014165,-0.018086,0.130413,-25.830139
13.9827223,-0.148338,-0.038824,0.007922,0.003316,-0.222131,-25.520752
14.0021133,-0.119418,-0.038946,0.006579,-0.000898,-1.344343,-17.098633
14.0215063,-0.144555,-0.046390,-0.020632,-0.024465,0.193693,-22.547882
14.0408993,-0.133573,-0.040044,0.006213,0.000172,-0.758981,-21.194504
14.0602913,-0.122835,-0.034431,0.000234,-0.007354,-1.366315,-19.463577
14.0796833,-0.136989,-0.038580,-0.019168,-0.024731,-0.460261,-22.568634
14.0990763,-0.127716,-0.033455,0.002552,-0.004707,-1.236869,-21.284271
14.1184711,-0.119174,-0.039800,-0.009162,-0.016418,-1.187263,-16.790115
14.1378660,-0.134793,-0.043705,0.013901,0.008295,-0.623335,-20.573273
14.1572561,-0.138820,-0.047610,0.004871,0.000224,-0.223336,-20.700485
14.1766491,-0.134061,-0.043095,0.011704,0.005983,-0.658393,-20.522888
14.1960411,-0.143823,-0.050294,0.011582,0.007700,0.022353,-21.375351
14.2154341,-0.148216,-0.054199,0.021222,0.018161,0.264145,-21.559418
14.2348242,-0.149436,-0.045413,0.032082,0.028012,-0.137650,-24.046921
14.2542171,-0.157367,-0.054687,-0.000132,-0.001740,0.856552,-23.668564
14.2736092,-0.163835,-0.053955,0.028787,0.027464,0.803556,-25.316620
14.2930031,-0.169204,-0.058958,0.015731,0.015924,1.346640,-25.311951
14.3123970,-0.172864,-0.050416,0.003651,0.003514,1.308585,-28.095139
14.3317900,-0.167251,-0.058958,0.019758,0.019624,1.224773,-24.893143
14.3511810,-0.175183,-0.062497,0.004017,0.005689,1.856622,-25.756607
14.3705730,-0.180430,-0.057128,0.015487,0.017025,1.753428,-28.015839
14.3899660,-0.157977,-0.076651,0.002552,0.003898,1.767469,-19.022079
14.4093599,-0.192754,-0.068598,-0.010870,-0.005424,3.011254,-27.789902
14.4287539,-0.166641,-0.067744,0.024639,0.025467,1.492638,-22.809555
14.4481468,-0.184212,-0.070916,-0.020388,-0.015753,2.848777,-25.721497
14.4675417,-0.180918,-0.069208,-0.011968,-0.008251,2.540463,-25.443619
14.4869375,-0.184945,-0.054077,-0.017581,-0.015116,2.214173,-29.581650
14.5063353,-0.177623,-0.054443,-0.017703,-0.016295,1.900932,-28.090027
14.5257311,-0.181406,-0.061764,-0.043206,-0.039771,2.651999,-27.155594
14.5451269,-0.178111,-0.048342,-0.018558,-0.017798,1.708019,-29.650345
14.5645208,-0.182260,-0.032967,-0.021120,-0.021384,1.402558,-34.379395
14.5839138,-0.157977,-0.043095,-0.042474,-0.044735,0.858960,-26.704483
14.6033077,-0.178843,-0.036750,-0.026733,-0.027023,1.425293,-32.742447
14.6226997,-0.152364,-0.026866,-0.018435,-0.023451,-0.253757,-29.942810
14.6420937,-0.154561,-0.032357,-0.046013,-0.049847,0.320179,-28.848099
14.6614866,-0.140772,-0.028696,-0.003183,-0.009530,-0.840008,-26.459305
14.6808796,-0.149436,-0.025646,-0.026855,-0.032241,-0.356400,-29.608566
14.7002726,-0.120882,-0.019788,-0.002451,-0.011581,-2.044973,-23.342102
14.7196674,-0.114903,-0.027476,-0.015873,-0.024700,-1.853030,-18.823425
14.7390623,-0.117710,-0.025768,-0.005989,-0.014823,-1.893899,-20.330475
14.7584572,-0.092939,-0.014663,0.029032,0.017239,-3.522711,-14.003799
14.7778492,-0.091231,-0.025157,-0.012090,-0.022842,-2.820561,-9.962204
14.7972450,-0.079882,-0.020765,0.019880,0.007969,-3.565863,-5.643097
14.8166409,-0.065240,-0.018812,0.017683,0.005059,-3.994697,2.104401
14.8360376,-0.061579,-0.019544,0.027079,0.014375,-4.070224,4.476456
14.8554316,-0.051573,-0.026500,0.011582,-0.000653,-3.735978,11.609802
14.8748264,-0.044252,-0.016250,0.033546,0.020234,-4.490583,15.359131
14.8942223,-0.053525,-0.016982,0.018049,0.004981,-4.286534,9.166931
14.9136171,-0.029121,-0.012467,0.019758,0.006161,-4.660603,26.110291
14.9330111,-0.037906,0.004738,-0.001596,-0.016371,-5.583735,19.067535
14.9524059,-0.022287,0.011938,-0.003793,-0.018911,-5.917985,35.119720
14.9717989,-0.026924,0.003030,-0.000864,-0.015502,-5.459417,29.152252
14.9911928,-0.039371,0.014866,-0.001108,-0.016461,-6.176058,16.875183
15.0105858,-0.031927,0.022920,-0.028441,-0.044161,-6.582977,25.906738
15.0299807,-0.038395,0.027679,-0.000742,-0.016686,-6.935965,16.676544
15.0493746,-0.056088,0.017551,-0.042230,-0.057437,-5.946653,-1.884491
15.0687675,-0.047668,0.021944,-0.012700,-0.028312,-6.465988,5.622406
15.0881605,-0.061091,0.019503,-0.024537,-0.039744,-5.977282,-7.694687
15.1075525,-0.068778,0.011328,-0.028075,-0.042597,-5.300448,-10.079971
15.1269445,-0.062677,0.004616,-0.005257,-0.019624,-5.212182,-2.596909
15.1463366,-0.081591,-0.004902,-0.034055,-0.046933,-4.022303,-11.639572
15.1657295,-0.080127,-0.015396,-0.012090,-0.024298,-3.652710,-7.306686
15.1851254,-0.086594,-0.039312,-0.009406,-0.018998,-2.240467,-4.369614
15.2045212,-0.087082,-0.052003,-0.000010,-0.008199,-1.625870,-2.069626
15.2239161,-0.077686,-0.053101,0.000356,-0.008159,-1.772651,2.036850
15.2433100,-0.082079,-0.078238,0.005481,0.000477,-0.358757,3.692886
15.2627039,-0.106117,-0.091660,0.005237,0.003721,0.859548,-2.515564
15.2820978,-0.057308,-0.099592,0.032570,0.029660,0.262170,14.123962
15.3014927,-0.098430,-0.115821,-0.005135,-0.002845,2.090117,2.546539
15.3208847,-0.071341,-0.131440,0.007922,0.011572,2.403817,11.366516
15.3402796,-0.070731,-0.138883,0.011338,0.016390,2.768907,11.904846
15.3596725,-0.062189,-0.148279,0.002552,0.009503,3.325364,14.571442
15.3790655,-0.053281,-0.160603,-0.009162,0.000619,4.116058,17.195618
15.3984604,-0.047058,-0.169145,-0.003305,0.008207,4.493521,18.875549
15.4178543,-0.039981,-0.172684,-0.008796,0.003658,4.753374,20.618469
15.4372492,-0.016430,-0.173172,-0.013677,-0.000798,4.887020,26.262390
15.4566431,-0.013258,-0.182934,-0.022462,-0.006819,5.579370,26.815155
15.4760351,-0.008255,-0.179151,-0.009162,0.005229,5.200122,28.051575
15.4954262,0.007486,-0.178297,-0.030516,-0.015094,5.591221,31.696625
15.5148220,0.006754,-0.177687,-0.018680,-0.003828,5.374026,31.553497
15.5342178,0.011269,-0.179761,-0.026123,-0.010307,5.645563,32.494110
15.5536098,0.038236,-0.174270,-0.020510,-0.004596,5.624434,38.792725
15.5730038,0.029573,-0.176955,-0.033567,-0.017160,5.833532,36.722046
15.5923977,0.038114,-0.172928,-0.014165,0.001206,5.456169,38.855865
15.6117907,0.039822,-0.170365,-0.018314,-0.003298,5.407981,39.407654
15.6311846,0.034820,-0.172928,-0.023316,-0.007887,5.538173,38.129730
15.6505775,0.033965,-0.170731,-0.010504,0.003923,5.218099,38.082489
15.6699715,0.051415,-0.171586,-0.010504,0.005496,5.567858,41.832642
15.6893663,0.037382,-0.171952,-0.022584,-0.007230,5.515817,38.760345
15.7087593,0.027010,-0.171952,-0.008064,0.006119,5.145190,36.444397
15.7281523,0.053245,-0.169389,-0.011968,0.003718,5.509654,42.396729
15.7475452,0.027498,-0.169633,-0.028441,-0.014144,5.321742,36.693359
15.7669382,0.041287,-0.175368,-0.010260,0.005813,5.582142,39.381409
15.7863321,0.039700,-0.172928,-0.019290,-0.003633,5.558269,39.203522
15.8057251,0.044581,-0.181958,-0.012823,0.005221,6.026936,39.635468
15.8251171,0.040311,-0.195380,-0.033688,-0.011727,7.007505,37.911469
15.8445082,0.050561,-0.191475,-0.004769,0.015890,6.508051,40.223450
15.8639021,0.042751,-0.200627,-0.030150,-0.006723,7.271221,38.095459
15.8832951,0.055319,-0.213073,-0.028197,-0.000326,8.108826,39.773102
15.9026899,0.057760,-0.213928,-0.021486,0.006549,8.080252,40.173523
15.9220848,0.061421,-0.218809,-0.025269,0.004678,8.465219,40.543182
15.9414759,0.070206,-0.226984,-0.038936,-0.005021,9.298506,41.592926
15.9608717,0.077772,-0.225886,-0.028563,0.005329,9.196907,42.966248
15.9802685,0.071060,-0.225154,-0.031492,0.001592,9.082775,41.856354
15.9996595,0.096075,-0.227838,-0.023195,0.013235,9.581017,45.885223
16.0190506,0.093635,-0.230645,-0.044671,-0.006552,10.073292,45.286896
16.0384445,0.101932,-0.224422,-0.036251,0.000667,9.788761,47.089539
16.0578384,0.120358,-0.220517,-0.019656,0.017938,9.742481,50.316772
16.0772324,0.114379,-0.225520,-0.042962,-0.003536,10.273836,48.978607
16.0966244,0.121700,-0.215026,-0.032224,0.004699,9.750586,50.994049
16.1160145,0.138295,-0.211609,-0.026123,0.012262,9.935888,53.826508
16.1354046,0.135245,-0.211975,-0.030760,0.007457,9.952976,53.337219
16.1547947,0.143786,-0.210633,-0.027343,0.011807,10.074080,54.727417
16.1741886,0.147691,-0.205508,-0.031370,0.007305,10.034986,55.789978
16.1935806,0.149888,-0.206850,-0.030394,0.009000,10.143871,55.976440
16.2129726,0.158185,-0.204166,-0.012823,0.026428,9.950352,57.422485
16.2323647,0.158795,-0.203800,-0.023195,0.016654,10.147913,57.544922
16.2517567,0.161480,-0.210877,-0.032834,0.010033,10.729063,57.215057
16.2711487,0.150376,-0.189767,0.002430,0.035713,8.808605,57.791504
16.2905407,0.134147,-0.201115,-0.040766,-0.005190,9.603853,54.197266
16.3099308,0.154402,-0.198065,-0.011480,0.025373,9.541910,57.506500
16.3293209,0.139027,-0.195380,-0.029052,0.005225,9.268059,55.511200
16.3487129,0.143054,-0.202091,-0.023927,0.012578,9.600597,55.444855
16.3681049,0.136221,-0.202823,0.003773,0.037866,8.935936,54.347900
16.3874969,0.125361,-0.208925,-0.051992,-0.015124,9.934919,52.106079
16.4068871,0.138417,-0.208803,-0.015019,0.022012,9.604816,54.107330
16.4262753,0.118406,-0.216856,-0.005501,0.030016,9.261995,50.322235
16.4456673,0.114745,-0.216978,-0.024903,0.011109,9.526516,49.735443
16.4650593,0.125483,-0.215026,-0.028076,0.009227,9.774401,51.579437
16.4844494,0.110352,-0.219907,-0.019656,0.016264,9.461336,48.796051
16.5038395,0.104129,-0.216246,-0.007087,0.026281,8.908548,48.087769
16.5232315,0.110230,-0.215270,-0.028441,0.006603,9.394800,49.157471
16.5426216,0.105105,-0.220273,-0.023927,0.011572,9.430012,47.924622
16.5620117,0.091316,-0.213806,-0.019534,0.012070,8.711245,46.142456
16.5814018,0.109742,-0.208559,-0.012823,0.019498,8.777378,49.646912
16.6007919,0.089608,-0.212951,-0.032346,-0.000574,8.858429,45.916229
16.6201878,0.091804,-0.204776,-0.016483,0.012551,8.220501,46.941284
16.6395779,0.109986,-0.175978,-0.016849,0.007276,7.296667,52.784882
16.6589699,0.073257,-0.148401,-0.024537,-0.011249,5.060641,48.646912
16.6783619,0.077894,-0.107035,-0.010260,-0.005010,2.954357,54.994202
16.6977539,0.086313,-0.061032,-0.010260,-0.011045,1.177229,65.580658
16.7171459,0.077528,-0.034431,-0.007209,-0.012188,-0.291542,70.172180
16.7365398,0.062641,0.003762,-0.003915,-0.013712,-2.360154,79.456665
16.7559319,0.060933,0.039637,-0.001596,-0.013199,-3.324340,96.658569
16.7753258,0.070206,0.052937,0.005237,-0.005712,-2.982601,104.941681
16.7947197,0.037870,0.066238,0.016341,0.002337,-4.960852,-247.699005
16.8141098,0.060322,0.075634,-0.004891,-0.016834,-3.513036,-242.185135
16.8334999,0.036528,0.067824,0.021100,0.006988,-5.056593,-246.419479
16.8528938,0.011269,0.061723,0.013657,-0.001941,-6.485389,106.994934
16.8722858,0.075697,0.053914,0.015121,0.004701,-2.736913,105.779236
16.8916779,0.005900,0.031217,0.012070,-0.003169,-6.071976,71.730774
16.9110680,0.065813,0.026214,0.030862,0.020009,-3.011505,90.463593
16.9304638,0.008096,0.005226,-0.006965,-0.020802,-4.779622,57.315002
16.9498539,0.049462,-0.007098,0.032204,0.021695,-2.837701,71.083740
16.9692459,0.045924,-0.011491,-0.011602,-0.021793,-2.530234,68.192444
16.9886379,0.017980,-0.022839,0.009752,-0.001525,-3.175409,52.726746
17.0080318,0.061543,-0.029550,-0.016239,-0.023337,-1.091331,67.222321
17.0274220,0.067034,-0.035774,-0.008796,-0.014775,-0.669380,66.992981
17.0468140,0.039578,-0.027354,-0.010992,-0.020300,-2.097444,60.545074
17.0662041,0.050194,-0.047122,-0.023439,-0.029631,-0.689364,58.888947
17.0855961,0.083629,-0.020277,-0.046623,-0.051761,-0.166914,75.906067
17.1049862,0.067400,-0.033821,0.021344,0.014884,-0.987820,67.652466
17.1243763,0.033721,-0.035651,-0.089941,-0.098156,-1.263051,55.970703
17.1437702,0.123775,-0.024913,0.034401,0.034217,1.133985,82.123718
17.1631622,0.013587,-0.036262,-0.083352,-0.092881,-1.925862,47.305786
17.1825542,0.116331,-0.030649,0.023174,0.022561,1.057383,79.352936
17.2019444,0.049096,-0.029550,-0.052358,-0.060295,-1.301105,63.276367
17.2213364,0.082409,-0.033821,-0.013067,-0.017457,-0.045754,71.550079
17.2407284,0.096075,-0.030282,0.001454,-0.001743,0.311453,75.622833
17.2601223,0.045802,-0.033333,-0.032712,-0.040730,-1.419507,61.045074
17.2795143,0.116453,-0.040288,0.024639,0.024985,1.346939,76.850800
17.2989063,0.048364,-0.033211,-0.024781,-0.032663,-1.392124,61.959045
17.3182964,0.098150,-0.035041,0.017561,0.014888,0.413649,74.725037
17.3376904,0.064959,-0.037726,-0.007087,-0.013095,-0.688140,65.858276
17.3570824,0.071060,-0.025157,0.017683,0.010817,-1.136253,71.252441
17.3764706,0.077406,-0.031137,0.009508,0.003990,-0.570627,71.092010
17.3958626,0.047388,-0.022595,0.004139,-0.005098,-2.118801,64.854675
17.4152565,0.080456,-0.026012,0.024761,0.018939,-0.752625,73.376160
17.4346466,0.037260,-0.020277,-0.001352,-0.011557,-2.572626,61.881927
17.4540405,0.053733,-0.010393,0.022564,0.012730,-2.469289,71.226318
17.4734325,0.044215,-0.011735,-0.011358,-0.021673,-2.594474,67.490967
17.4928226,0.037748,-0.005146,0.015365,0.003889,-3.303192,67.600616
17.5122166,0.054953,-0.012345,-0.004769,-0.014143,-2.151781,70.894928
17.5316105,0.025424,-0.003071,-0.011480,-0.023814,-3.731955,63.143677
17.5510006,0.065813,-0.010393,0.014267,0.005646,-1.872471,74.796173
17.5703945,0.030793,-0.014297,-0.033566,-0.044550,-2.874787,61.272125
17.5897865,0.053977,-0.005268,0.020002,0.009829,-2.627920,73.266907
17.6091805,0.052391,0.010107,-0.040034,-0.050977,-2.830575,79.386200
17.6285725,0.058736,0.010473,0.016341,0.005630,-2.891513,81.342560
17.6479645,0.055075,0.005226,-0.026611,-0.037086,-2.625201,77.970123
17.6673565,0.047998,0.015354,-0.016849,-0.028612,-3.371111,80.610199
17.6867504,0.085703,0.013646,0.013901,0.005952,-1.574338,88.517761
17.7061424,0.052147,0.013646,-0.034665,-0.045866,-2.991894,80.999207
17.7255363,0.070816,0.019625,0.021466,0.011469,-2.545476,88.320160
17.7449265,0.078748,0.014866,-0.022828,-0.031360,-1.690382,87.767456
17.7643185,0.055930,0.014866,0.003285,-0.007849,-3.076676,82.642609
17.7837105,0.070572,0.019747,0.001820,-0.008074,-2.428122,88.327423
17.8031044,0.072647,0.016575,-0.007575,-0.017020,-2.175539,87.318481
17.8224983,0.046412,0.020235,0.004749,-0.007495,-3.722305,82.671814
17.8418903,0.074477,0.027069,0.010240,0.000400,-2.430472,92.414520
17.8612843,0.045802,0.017307,-0.021974,-0.034001,-3.512829,80.933807
17.8806782,0.066546,0.024262,0.024273,0.013611,-2.890797,89.652588
17.9000702,0.037260,0.018161,-0.016727,-0.029505,-4.002623,78.512421
17.9194603,0.062397,0.018893,0.012070,0.001305,-2.906442,86.182465
17.9388542,0.051293,0.012548,-0.003549,-0.014942,-3.199675,80.218140
17.9582462,0.050805,0.009863,-0.004403,-0.015684,-3.134318,78.794403
17.9776382,0.064837,0.010717,0.017805,0.007667,-2.603639,83.004974
17.9970303,0.048852,0.019137,-0.023927,-0.035770,-3.397377,82.809052
18.0164242,0.068376,0.009985,0.020124,0.010372,-2.421280,83.524414
18.0358162,0.058004,0.002298,-0.017703,-0.027767,-2.444442,77.562256
18.0552082,0.066790,0.006813,-0.001840,-0.011417,-2.259659,81.795898
18.0746021,0.074111,-0.003437,0.006823,-0.001365,-1.651677,79.482849
18.0939960,0.055930,-0.018568,-0.021608,-0.030232,-1.737523,69.016052
18.1133881,0.073013,-0.048342,0.007433,0.003284,-0.053946,65.278076
18.1327801,0.069108,-0.100690,-0.032346,-0.028708,2.642510,53.860504
18.1521759,0.076063,-0.133880,0.005847,0.015539,3.993965,50.920349
18.1715698,0.082531,-0.158773,-0.024659,-0.007965,5.827392,49.460114
18.1909599,0.063617,-0.189523,-0.021120,0.000871,6.909185,42.948578
18.2103519,0.089486,-0.211365,-0.005379,0.024650,8.303822,46.017395
18.2297459,0.069596,-0.215636,-0.046623,-0.015726,8.833611,42.216278
18.2491341,0.066180,-0.202335,-0.010748,0.014454,7.453621,42.502899
18.2685242,0.091560,-0.179151,-0.036251,-0.013089,7.270378,49.157806
18.2879143,0.061177,-0.135955,-0.031492,-0.021946,4.211609,47.322174
18.3073082,0.087290,-0.109110,-0.008063,-0.001373,3.324923,56.802429
18.3267002,0.057882,-0.060666,-0.046135,-0.049608,0.451732,58.146912
18.3460903,0.073867,-0.023815,0.005237,-0.001322,-0.960527,72.409515
18.3654804,0.068010,0.001322,-0.026733,-0.035635,-1.846481,79.840179
18.3848743,0.063861,0.030485,0.008288,-0.002791,-3.062454,92.248016
18.4042683,0.072159,0.035488,-0.001840,-0.012151,-2.624603,96.108734
18.4236603,0.060566,0.051473,0.008165,-0.003766,-3.544089,103.394165
18.4430523,0.059590,0.053914,0.021710,0.009589,-3.695096,104.759827
18.4624462,0.065569,0.040369,0.005237,-0.005955,-3.114893,97.719482
18.4818401,0.054221,0.027923,0.022808,0.010832,-3.612402,88.906921
18.5012341,0.060444,0.013036,0.016341,0.005654,-2.879105,82.959747
18.5206261,0.047998,-0.006610,0.017927,0.007348,-2.828385,70.778687
18.5400200,0.057638,-0.016494,0.029398,0.020349,-2.121548,70.257965
18.5594120,0.072891,-0.030771,0.024517,0.018302,-0.904172,70.035095
18.5788021,0.027864,-0.033455,0.000966,-0.008656,-2.291716,54.205505
18.5981941,0.073013,-0.042851,0.033424,0.028351,-0.506942,66.691956
18.6175880,0.046778,-0.039800,-0.007209,-0.014693,-1.291531,59.613373
18.6369820,0.061299,-0.042729,0.004627,-0.001335,-0.721005,63.442657
18.6563721,0.071304,-0.033699,0.008288,0.002363,-0.722350,68.758606
18.6757641,0.051171,-0.028574,-0.019046,-0.027199,-1.535294,64.264282
18.6951580,0.081554,-0.017958,-0.006965,-0.013027,-0.710136,76.170105
18.7145500,0.076185,-0.007098,-0.011724,-0.019244,-1.288424,78.627380
18.7339439,0.053855,-0.018080,-0.029052,-0.037852,-1.789999,68.522491
18.7533340,0.037870,-0.020399,-0.019900,-0.029922,-2.415516,62.079346
18.7727280,0.091438,-0.000753,-0.023439,-0.029411,-0.601605,84.117340
18.7921181,0.085947,-0.009050,-0.034787,-0.040730,-0.538374,80.123413
18.8115101,0.067888,-0.015640,-0.023561,-0.031207,-1.294513,73.511139
18.8309040,0.073257,-0.019300,-0.032102,-0.038747,-0.834906,73.701019
18.8502960,0.066057,-0.033333,-0.026855,-0.032992,-0.651719,67.415405
18.8696880,0.055197,-0.044925,-0.014653,-0.020740,-0.686501,61.024353
18.8890820,0.068376,-0.055541,-0.015629,-0.019110,0.295094,62.284332
18.9084740,0.077650,-0.049928,-0.004525,-0.007811,0.309404,66.085815
18.9278679,0.072159,-0.048952,-0.006233,-0.010230,0.065366,64.898346
18.9472599,0.051903,-0.048830,-0.008064,-0.014071,-0.683822,59.021881
18.9666500,0.062763,-0.042363,0.002430,-0.003403,-0.661455,63.968903
18.9860420,0.091682,-0.049806,0.004993,0.003262,0.790264,69.476105
19.0054359,0.061543,-0.046878,0.004383,-0.001087,-0.529751,62.447998
19.0248260,0.069474,-0.042363,0.018049,0.012726,-0.534084,65.866852
19.0442142,0.061543,-0.035774,-0.000986,-0.007608,-0.959692,65.408447
19.0636044,0.054709,-0.019788,0.015487,0.006554,-2.018471,68.218323
19.0829945,0.085093,-0.015518,0.007433,0.001437,-0.746715,77.769806
19.1023884,0.062519,-0.007708,0.003285,-0.005784,-2.037015,74.871002
19.1217785,0.058614,-0.009905,0.000844,-0.008420,-2.119855,72.916199
19.1411686,0.073013,-0.008074,0.001210,-0.006712,-1.514017,77.508148
19.1605606,0.058736,-0.010149,0.000844,-0.008389,-2.105387,72.862335
19.1799545,0.071915,-0.013077,-0.009406,-0.016961,-1.312982,75.456879
19.1993465,0.066424,-0.013809,-0.000620,-0.008783,-1.611977,73.746216
19.2187386,0.073623,-0.014541,-0.011114,-0.018342,-1.167441,75.386292
19.2381306,0.057272,-0.037238,-0.019046,-0.025742,-0.913064,63.706818
19.2575226,0.097295,-0.020765,0.007311,0.003320,0.003263,78.671112
19.2769127,0.072769,-0.029184,-0.028076,-0.033885,-0.516018,70.474823
19.2963047,0.070572,-0.035041,-0.004769,-0.010491,-0.586753,68.177002
19.3156967,0.066057,-0.033089,-0.019778,-0.026017,-0.724554,67.486115
19.3350887,0.056296,-0.041387,-0.008552,-0.015000,-0.857358,62.282257
19.3544827,0.073989,-0.040898,-0.006477,-0.011181,-0.192297,67.469971
19.3738747,0.075697,-0.033455,-0.013677,-0.018888,-0.350264,69.984344
19.3932648,0.066302,-0.030649,-0.005867,-0.012475,-0.933491,68.271790
19.4126549,0.071304,-0.029916,-0.005867,-0.012014,-0.748483,69.866638
19.4320488,0.041409,-0.030893,-0.017947,-0.026708,-1.814381,60.179352
19.4514427,0.100224,-0.030771,0.016341,0.013543,0.376916,76.332397
19.4708385,0.056052,-0.030160,-0.019778,-0.027316,-1.263472,65.361938
19.4902325,0.059712,-0.022717,0.013779,0.005582,-1.682117,68.806580
19.5096245,0.074599,-0.024791,-0.007454,-0.013707,-0.784245,72.292816
19.5290165,0.058492,-0.022473,0.001942,-0.006291,-1.652978,68.514862
19.5484085,0.087168,-0.025157,0.004627,-0.000243,-0.304622,75.199310
19.5678024,0.061787,-0.022473,-0.009040,-0.016853,-1.426052,69.504333
19.5871944,0.087046,-0.019178,0.008410,0.002949,-0.544029,77.021820
