Keuwl Accelerometer Data File
2021-04-11 16-40-05

Time (s), X (g), Y (g), Z (g), R (g), Theta (deg), Phi (deg)
0.0000000,-0.124952,0.621343,0.764843,0.993310,39.646652,101.370506
0.0193914,-0.142035,0.642941,0.700536,0.961404,43.225887,102.457405
0.0387839,-0.105916,0.646114,0.709322,0.965308,42.708469,99.309593
0.0581758,-0.065771,0.679914,0.713349,0.987662,43.758598,95.525238
0.0775683,-0.108479,0.650385,0.693947,0.957251,43.536385,99.469292
0.0969609,-0.115922,0.643063,0.744221,0.990370,41.283237,100.218719
0.1163547,-0.126904,0.647090,0.737997,0.989682,41.781467,101.095764
0.1357480,-0.132395,0.635254,0.737387,0.982250,41.347897,101.772682
0.1551413,-0.102134,0.647456,0.821705,1.051109,38.578838,98.964310
0.1745330,-0.085538,0.652337,0.829393,1.058656,38.423435,97.470352
0.1939259,-0.094812,0.649530,0.755813,1.001065,40.973907,98.304832
0.2133203,-0.083464,0.674179,0.708956,0.981887,43.777336,97.057358
0.2327151,-0.046247,0.707492,0.717619,1.008792,44.653893,93.739952
0.2521095,-0.041610,0.685527,0.729334,1.001802,43.279175,93.473465
0.2715035,-0.075777,0.661977,0.710664,0.974166,43.154621,96.530228
0.2908977,-0.094812,0.663929,0.719938,0.983922,42.970688,98.127151
0.3102926,-0.086759,0.684185,0.731896,1.005638,43.298332,97.226868
0.3296848,-0.099815,0.671983,0.735191,1.001014,42.739582,98.448837
0.3490779,-0.119217,0.666980,0.751786,1.012056,42.026897,100.134102
0.3684716,-0.124830,0.669664,0.751420,1.014231,42.193867,100.559128
0.3878652,-0.110187,0.662709,0.689554,0.962709,44.253109,99.440079
0.4072583,-0.110065,0.703099,0.622441,0.945460,48.826050,98.897041
0.4266510,-0.087003,0.740926,0.620611,0.970412,50.242943,96.697243
0.4460456,-0.027333,0.733605,0.606334,0.952136,50.445316,92.133789
0.4654392,0.044783,0.746173,0.619025,0.970552,50.371521,86.565437
0.4848345,0.119461,0.724941,0.668810,0.993538,47.688553,80.642494
0.5042292,0.141181,0.620611,0.685283,0.935256,42.884846,77.184052
0.5236228,0.137276,0.503590,0.714325,0.884708,36.156044,74.751930
0.5430184,0.194749,0.514939,0.698218,0.889155,38.255299,69.283432
0.5624133,0.314088,0.533974,0.705539,0.938917,41.284798,59.535599
0.5818055,0.209636,0.336663,0.983264,1.060235,21.966543,58.089916
0.6011997,0.314454,0.238434,1.177037,1.241430,18.534912,37.171082
0.6205932,0.366314,0.254175,0.909562,1.012963,26.113710,34.755650
0.6399872,0.292124,0.356674,0.653557,0.799806,35.200050,50.681782
0.6593798,0.302252,0.348011,0.151797,0.485294,71.772293,49.025249
0.6787713,0.164854,0.058571,0.381079,0.419319,24.659367,19.559734
0.6981627,0.213541,-0.097741,0.917738,0.947310,14.353813,335.405762
0.7175537,0.434891,-0.025869,1.306382,1.377111,18.442804,356.595856
0.7369456,0.279067,0.000122,1.312117,1.341466,12.007038,0.025053
0.7563386,0.310672,-0.105184,1.015479,1.067135,17.900209,341.295441
0.7757320,0.330073,-0.222693,1.150314,1.217277,19.092850,325.993378
0.7951248,0.070530,-0.131175,1.086740,1.096898,7.803560,298.265778
0.8145190,-0.151065,-0.035753,1.022190,1.033910,8.635427,193.315308
0.8339137,-0.227940,0.054056,1.025606,1.052020,12.866365,166.658661
0.8533084,-0.228672,0.120071,1.086496,1.116773,13.371987,152.296936
0.8727022,-0.238312,0.176446,1.177160,1.213932,14.138461,143.483765
0.8920957,-0.354600,0.230136,1.133231,1.209511,20.457222,147.016342
0.9114919,-0.526897,0.297615,1.167764,1.315244,27.393406,150.540283
0.9308869,-0.651971,0.348499,1.262820,1.463295,30.345156,151.874115
0.9502820,-0.678450,0.384496,1.387406,1.591548,29.339302,150.458618
0.9696755,-0.572900,0.320555,1.281856,1.440182,27.118574,150.771622
0.9890701,-0.352281,0.307865,2.197275,2.246531,12.020065,138.849228
1.0084630,0.021964,0.233065,1.679652,1.695887,7.934344,84.616295
1.0278572,-0.050274,0.232211,0.727503,0.765317,18.086164,102.216019
1.0472516,-0.048077,0.045271,1.389114,1.390683,2.721748,136.722092
1.0666456,-0.017815,0.082122,1.057088,1.060423,4.545105,102.240028
1.0860400,-0.296151,-0.009152,0.863071,0.912514,18.947329,181.770004
1.1054332,-0.187306,-0.326046,0.908830,0.983546,22.476782,240.123672
1.1248267,-0.021720,-0.185354,0.911149,0.930064,11.575254,263.316437
1.1442209,0.258690,-0.093226,0.872589,0.914890,17.490984,340.181976
1.1636152,0.268940,-0.388644,0.849161,0.971827,29.099314,304.682983
1.1830084,0.053446,-0.445629,0.803280,0.920163,29.193750,276.839050
1.2024019,0.062232,-0.398650,1.295888,1.357248,17.294121,278.872620
1.2217938,0.198288,-0.199386,2.109296,2.127958,7.593599,314.841766
1.2411883,-0.219154,-0.024405,0.040878,0.224266,79.497749,186.354202
1.2605829,-0.039170,0.073824,-0.030506,0.088965,110.053368,117.949463
1.2799761,0.248318,0.016107,1.451468,1.472644,9.728214,3.711284
1.2993712,-0.031360,-0.054544,1.305894,1.307409,2.758325,240.103500
1.3187678,0.035143,-0.136178,1.352751,1.360042,5.935476,284.470306
1.3381635,-0.124342,-0.040146,1.083568,1.091417,6.875777,197.893478
1.3575568,-0.089931,0.069919,0.385960,0.402419,16.443655,142.135788
1.3769493,0.038803,0.053812,0.780461,0.783276,4.858776,54.205063
1.3963436,-0.078705,-0.049419,1.351287,1.354479,3.934326,212.125000
1.4157391,-0.108967,-0.040634,0.850259,0.858175,7.788480,200.450500
1.4351344,-0.080413,-0.052592,1.235243,1.238974,4.447833,213.185532
1.4545302,-0.010128,0.041000,0.838301,0.839364,2.883984,103.875641
1.4739258,-0.057229,0.023917,0.723233,0.725887,4.901809,157.319443
1.4933220,-0.089321,-0.037217,1.131279,1.135410,4.888922,202.619858
1.5127181,-0.049419,-0.033312,1.091865,1.093490,3.124306,213.982895
1.5321121,-0.060524,-0.002929,0.952148,0.954075,3.641423,182.770218
1.5515064,-0.063086,0.002562,0.834396,0.836781,4.327260,177.673981
1.5708991,-0.042464,-0.014277,1.030854,1.031826,2.488371,198.583008
1.5902928,-0.062354,-0.028553,1.027315,1.029601,3.819211,204.604263
1.6096889,-0.063940,-0.017571,0.963131,0.965411,3.938555,195.366089
1.6290854,-0.043318,-0.001586,0.926524,0.927537,2.678615,182.097214
1.6484804,-0.052592,-0.015741,0.993148,0.994664,3.163845,196.662643
1.6678739,-0.064062,-0.026113,1.014258,1.016615,3.901940,202.176743
1.6872665,-0.040634,-0.000976,0.933967,0.934851,2.491908,181.376205
1.7066612,-0.055521,-0.013911,0.970574,0.972260,3.374928,194.065872
1.7260543,-0.056009,-0.018792,1.005351,1.007085,3.362957,198.547226
1.7454474,-0.041854,0.000610,0.951172,0.952093,2.519793,179.164841
1.7648392,-0.063574,-0.011836,0.975577,0.977718,3.792353,190.546600
1.7842338,-0.049297,-0.013667,0.975333,0.976674,3.002440,195.494843
1.8036278,-0.045759,0.003173,0.973747,0.974826,2.696967,176.033844
1.8230195,-0.058693,-0.013057,0.972160,0.974018,3.539225,192.541412
1.8424119,-0.048931,-0.007932,0.972038,0.973301,2.919267,189.207260
1.8618054,-0.057473,0.014277,0.978261,0.980052,3.464246,166.049652
1.8811979,-0.061622,-0.012324,0.970452,0.972485,3.705070,191.309937
1.9005903,-0.050884,0.004149,0.985827,0.987148,2.964515,175.338715
1.9199837,-0.062598,0.017815,0.956663,0.958875,3.891940,164.113632
1.9393784,-0.053690,-0.000488,0.980214,0.981683,3.135315,180.520859
1.9587742,-0.061622,0.010860,0.985827,0.987811,3.631786,170.004959
1.9781702,-0.061866,0.029530,0.951538,0.954004,4.120700,154.484039
1.9975653,-0.050884,0.022818,0.984485,0.986063,3.242021,155.846573
2.0169609,-0.064794,0.027089,0.982898,0.985404,4.086914,157.311218
2.0363548,-0.063696,0.032458,0.959958,0.962616,4.259058,152.997589
2.0557480,-0.052348,0.039414,0.978994,0.981184,3.829247,143.023407
2.0751438,-0.053568,0.037827,0.975699,0.977900,3.845169,144.772156
2.0945382,-0.065771,0.047467,0.974479,0.977849,4.758064,144.181763
2.1139321,-0.052836,0.056131,0.993636,0.996622,4.436148,133.268173
2.1333251,-0.060036,0.049175,0.972282,0.975374,4.563513,140.678894
2.1527193,-0.048809,0.069065,0.972404,0.976075,4.970629,125.249374
2.1721141,-0.058449,0.070041,0.987657,0.991861,5.277189,129.844818
2.1915073,-0.053568,0.078217,0.986803,0.991346,5.487552,124.405968
2.2109001,-0.054422,0.084074,0.980214,0.985317,5.833816,122.915588
2.2302945,-0.054911,0.087979,0.977285,0.982773,6.057477,121.969650
2.2496877,-0.055155,0.093226,0.985583,0.991517,6.271855,120.609535
2.2690816,-0.053690,0.103476,0.988633,0.995483,6.725025,117.423347
2.2884750,-0.061378,0.102256,0.975943,0.983203,6.967113,120.973816
2.3078697,-0.051738,0.109333,0.989610,0.996974,6.968493,115.324181
2.3272645,-0.061988,0.111407,0.979726,0.987986,7.414207,119.091896
2.3466578,-0.061256,0.119583,0.976187,0.985390,7.836741,117.123566
2.3660498,-0.057717,0.123854,0.985583,0.995010,7.893194,114.985985
2.3854423,-0.061256,0.132517,0.981190,0.991991,8.462877,114.808586
2.4048374,-0.059913,0.131785,0.987535,0.998090,8.339743,114.447952
2.4242306,-0.052714,0.133372,0.972404,0.982923,8.389558,111.566040
2.4436250,-0.060768,0.141547,0.985705,0.997668,8.881993,113.234352
2.4630194,-0.054056,0.137032,0.973380,0.984464,8.605694,111.528198
2.4824150,-0.056985,0.142645,0.989122,1.000978,8.827282,111.776054
2.5018094,-0.051494,0.139595,0.977163,0.988426,8.657756,110.248062
2.5212038,-0.058205,0.142401,0.976309,0.988355,8.954492,112.231812
2.5405989,-0.050030,0.150455,0.976309,0.989100,9.224433,108.393112
2.5599952,-0.057595,0.141669,0.991684,1.003406,8.766609,112.124008
2.5793900,-0.052470,0.147892,0.964107,0.976794,9.244777,109.533951
2.5987823,-0.053080,0.150211,0.992538,1.005243,9.118825,109.461945
2.6181741,-0.050030,0.149845,0.971428,0.984190,9.236717,108.462936
2.6375661,-0.054666,0.149967,0.982654,0.995534,9.226371,110.028015
2.6569583,-0.050762,0.149479,0.979604,0.992242,9.154506,108.757065
2.6763506,-0.058083,0.149601,0.974723,0.987845,9.349437,111.218925
2.6957426,-0.055033,0.154726,0.979848,0.993514,9.514278,109.579369
2.7151349,-0.056009,0.147648,0.975821,0.988516,9.192314,110.773682
2.7345278,-0.054300,0.150089,0.969232,0.982286,9.351328,109.889549
2.7539222,-0.056741,0.156800,0.989121,1.003079,9.569203,109.893555
2.7733176,-0.054544,0.142035,0.976187,0.987973,8.858827,111.007820
2.7927108,-0.051128,0.144110,0.972526,0.984474,8.935471,109.533875
2.8121052,-0.054422,0.148136,0.991074,1.003560,9.047720,110.172348
2.8315005,-0.058449,0.143377,0.974845,0.987064,9.024845,112.178734
2.8508937,-0.041610,0.139717,0.983508,0.994254,8.431330,106.584404
2.8702869,-0.060768,0.147770,0.988633,1.001461,9.180464,112.353951
2.8896821,-0.038803,0.137520,0.980336,0.990695,8.292803,105.757210
2.9090760,-0.045149,0.134348,0.981190,0.991374,8.219435,108.575340
2.9284706,-0.048443,0.144232,0.984973,0.996655,8.781139,108.565727
2.9478643,-0.039047,0.129833,0.994857,1.004052,7.760381,106.738754
2.9672582,-0.039170,0.132883,0.969476,0.979324,8.132383,106.423714
2.9866507,-0.036241,0.133982,0.985705,0.995429,8.015084,105.135834
3.0060449,-0.047101,0.128247,0.981800,0.991260,7.922113,110.166733
3.0254412,-0.025503,0.127270,0.964717,0.973410,7.662984,101.331062
3.0448370,-0.042708,0.120681,0.989976,0.998218,7.368121,109.488503
3.0642312,-0.028187,0.123122,0.981922,0.990012,7.329835,102.895042
3.0836256,-0.027699,0.118607,0.977773,0.985330,7.100587,103.145203
3.1030202,-0.030628,0.120681,0.979115,0.987000,7.246977,104.240532
3.1224148,-0.031360,0.131419,0.984729,0.993954,7.812434,103.421265
3.1418083,-0.028309,0.124220,0.973014,0.981320,7.459773,102.838318
3.1612003,-0.032580,0.115800,0.964595,0.972067,7.108733,105.713882
3.1805928,-0.047955,0.120193,0.983752,0.992227,7.493891,111.751251
3.1999855,-0.048077,0.118119,0.969964,0.978311,7.490145,112.147537
3.2193782,-0.034533,0.112750,0.984363,0.991400,6.831074,107.028625
3.2387717,-0.037705,0.117509,0.991562,0.999212,7.094534,107.789993
3.2581642,-0.042586,0.110675,0.985705,0.992813,6.860012,111.045975
3.2775578,-0.029164,0.103476,0.977773,0.983666,6.274511,105.739937
3.2969520,-0.043684,0.106282,0.992294,0.998925,6.605567,112.343735
3.3163471,-0.036241,0.103232,0.981434,0.987514,6.360973,109.344330
3.3357430,-0.025991,0.087979,0.981068,0.985348,5.342104,106.458351
3.3551362,-0.036607,0.098595,0.980702,0.986325,6.121061,110.369316
3.3745289,-0.036607,0.102866,0.978383,0.984457,6.367720,109.589218
3.3939221,-0.025991,0.087613,0.981800,0.986044,5.317803,106.523376
3.4133162,-0.029164,0.091151,0.964961,0.969695,5.663962,107.741890
3.4327092,-0.043928,0.096765,0.977773,0.983531,6.202828,114.416733
3.4521019,-0.039902,0.092006,0.964839,0.970037,5.934023,113.445747
3.4714925,-0.035631,0.082488,0.978261,0.982379,5.247923,113.362053
3.4908848,-0.035997,0.086515,0.970696,0.975208,5.513880,112.591164
3.5102770,-0.035997,0.092494,0.993392,0.998338,5.705575,111.265091
3.5296698,-0.026723,0.078095,0.974235,0.977725,4.842742,108.890305
3.5490649,-0.039780,0.071506,0.981556,0.984961,4.765346,119.087799
3.5684595,-0.036119,0.080901,0.973258,0.977283,5.201419,114.058640
3.5878544,-0.031360,0.078705,0.989976,0.993594,4.891486,111.724792
3.6072478,-0.021720,0.064794,0.983630,0.986001,3.974291,108.532005
3.6266408,-0.027089,0.075899,0.985217,0.988507,4.676213,109.642151
3.6460350,-0.012812,0.083342,0.981190,0.984806,4.911790,98.739861
3.6654315,-0.024283,0.060280,0.995467,0.997586,3.735125,111.941254
3.6848259,-0.016107,0.062598,0.973747,0.975890,3.797719,104.429749
3.7042208,-0.017693,0.071140,0.994491,0.997189,4.215843,103.966850
3.7236159,-0.019524,0.062720,0.977773,0.979977,3.843437,107.290535
3.7430108,-0.003173,0.057839,0.979726,0.981437,3.383677,93.139664
3.7624032,-0.017449,0.061378,0.977163,0.979244,3.736173,105.870148
3.7817972,-0.016107,0.061866,0.983630,0.985706,3.718522,104.593269
3.8011920,-0.001342,0.046125,0.978750,0.979837,2.699289,91.666870
3.8205874,-0.019402,0.053690,0.993880,0.995519,3.287476,109.868011
3.8399796,-0.017083,0.049175,0.982288,0.983667,3.033639,109.156952
3.8593738,-0.007077,0.051738,0.977773,0.979167,3.057038,97.789284
3.8787677,-0.022086,0.048443,0.973991,0.975445,3.128814,114.509163
3.8981602,-0.027089,0.042464,0.979604,0.980898,2.943441,122.535072
3.9175515,-0.020500,0.046979,0.986559,0.987890,2.974140,113.574707
3.9369428,-0.026479,0.028431,0.979726,0.980496,2.270900,132.963684
3.9563348,-0.042098,0.047467,0.986071,0.988110,3.681478,131.569489
3.9757257,-0.020256,0.042586,0.964229,0.965381,2.799952,115.437851
3.9951174,-0.036729,0.027943,0.978139,0.979228,2.701319,142.736221
4.0145097,-0.033068,0.028675,0.965083,0.966075,2.596763,139.069519
4.0339031,-0.036241,0.036485,0.971184,0.972544,3.030993,134.807739
4.0532951,-0.041000,0.040634,0.966303,0.968026,3.418618,135.256927
4.0726886,-0.037827,0.053690,0.968988,0.971211,3.877574,125.166435
4.0920825,-0.045149,0.061622,0.960324,0.963358,4.548164,126.229240
4.1114783,-0.022086,0.040390,0.941532,0.942657,2.799113,118.671066
4.1308718,-0.017937,0.053446,0.973014,0.974646,3.315997,108.552597
4.1502643,-0.051494,0.060402,0.965693,0.968949,4.698696,130.448425
4.1696591,-0.035021,0.068211,0.946535,0.949636,4.631258,117.176727
4.1890545,-0.029164,0.070530,0.978505,0.981477,4.459883,112.464844
4.2084489,-0.061256,0.059669,0.944705,0.948567,5.172332,135.751572
4.2278423,-0.021354,0.067845,0.963131,0.965753,4.223548,107.471298
4.2472343,-0.029530,0.073580,0.970696,0.973929,4.669464,111.866913
4.2666283,-0.034777,0.060524,0.962154,0.964683,4.149448,119.881538
4.2860231,-0.019036,0.061500,0.984973,0.987074,3.739578,107.198540
4.3054161,-0.005247,0.057717,0.977285,0.979002,3.393788,95.194427
4.3248105,-0.010616,0.068333,1.001324,1.003709,3.950618,98.830711
4.3442049,0.010982,0.045637,0.993880,0.994988,2.703998,76.469505
4.3635974,0.008298,0.044417,1.013648,1.014655,2.552363,79.418365
4.3829904,0.023917,0.064428,0.997541,0.999906,3.941089,69.634468
4.4023833,0.027333,0.048321,0.997053,0.998597,3.186903,60.505043
4.4217763,0.022330,0.045515,1.005595,1.006872,2.886223,63.866661
4.4411702,0.021842,0.049175,1.007547,1.008983,3.057102,66.050705
4.4605632,0.037217,0.038803,0.985217,0.986683,3.123742,46.195412
4.4799562,0.017571,0.046735,0.997053,0.998302,2.866828,69.394783
4.4993501,0.015619,0.046125,0.994124,0.995316,2.804353,71.292648
4.5187445,0.014887,0.027455,0.988755,0.989249,1.809159,61.532467
4.5381379,0.001098,0.032580,0.975943,0.976487,1.913155,88.069412
4.5575309,0.008054,0.025137,1.004252,1.004599,1.505712,72.235146
4.5769234,-0.002440,0.016229,0.965083,0.965222,0.974179,98.551826
4.5963163,-0.003051,0.024039,0.992294,0.992590,1.398857,97.232376
4.6157084,-0.007687,0.004881,0.968622,0.968664,0.538503,147.587692
4.6351027,-0.004393,0.001098,0.972160,0.972171,0.266879,165.963760
4.6544962,-0.012812,0.011836,0.988999,0.989153,1.010463,137.267960
4.6738896,-0.020988,-0.010738,0.946047,0.946341,1.427522,207.095551
4.6932817,-0.012202,-0.013423,0.978994,0.979162,1.061463,227.726303
4.7126746,-0.012690,-0.021354,0.957639,0.957962,1.485826,239.277588
4.7320671,-0.019280,-0.033434,0.961178,0.961953,2.299421,240.030426
4.7514596,-0.031482,-0.028798,0.975211,0.976144,2.505225,222.450058
4.7708521,-0.023184,-0.029286,0.954467,0.955197,2.241055,231.632523
4.7902451,-0.034411,-0.027821,0.959836,0.960855,2.639601,218.955917
4.8096399,-0.008298,-0.050030,0.934821,0.936196,3.105263,260.583008
4.8290339,-0.024039,-0.041244,0.978261,0.979425,2.793723,239.764648
4.8484306,-0.043684,-0.028309,0.918226,0.919700,3.244677,212.945038
4.8678265,-0.023551,-0.044661,0.961178,0.962503,3.006936,242.196320
4.8872247,-0.030872,-0.061622,0.930794,0.933343,4.234847,243.389587
4.9066195,-0.014521,-0.036729,0.967279,0.968085,2.338164,248.428696
4.9260144,-0.004271,-0.039780,0.951538,0.952379,2.407616,263.872070
4.9454083,-0.006223,-0.060768,0.950196,0.952157,3.678339,264.152740
4.9648004,0.010860,-0.044783,0.983264,0.984344,2.683215,283.631470
4.9841914,0.004759,-0.029042,0.995101,0.995536,1.693966,279.306091
5.0035834,0.008420,-0.059425,0.952881,0.954769,3.604131,278.064209
5.0229769,0.010128,-0.043074,1.016699,1.017661,2.492143,283.231476
5.0423698,0.011470,-0.024649,0.965449,0.965832,1.612890,294.954742
5.0617623,0.038559,-0.048077,1.008523,1.010404,3.496872,308.730682
5.0811553,-0.012568,-0.035021,0.995223,0.995918,2.141100,250.257690
5.1005483,0.038559,-0.035143,0.973259,0.974656,3.068416,317.654205
5.1199427,0.004515,-0.025381,1.036955,1.037275,1.424228,280.086517
5.1393371,0.008176,-0.047223,0.961422,0.962616,2.853756,279.822052
5.1587305,0.020744,-0.029896,1.012550,1.013204,2.058140,304.755920
5.1781254,0.006833,-0.015375,0.976675,0.976820,0.986951,293.962494
5.1975212,0.002318,-0.046369,0.990952,0.992039,2.682339,272.862396
5.2169132,0.003295,-0.033556,0.968378,0.968964,1.994196,275.607422
5.2363048,-0.008420,-0.016595,0.999372,0.999545,1.066795,243.098907
5.2556992,-0.003905,-0.044417,0.958494,0.959530,2.663372,264.975922
5.2750940,-0.007932,-0.035753,0.983875,0.984556,2.131665,257.491913
5.2944880,-0.018792,-0.031970,0.965205,0.965917,2.200248,239.553574
5.3138800,-0.006711,-0.048565,0.992294,0.993504,2.828539,262.132080
5.3332729,0.009152,-0.041366,0.994368,0.995271,2.439677,282.475098
5.3526692,0.002440,-0.037217,0.974357,0.975070,2.192138,273.751740
5.3720651,-0.020500,-0.040268,0.969476,0.970528,2.668512,243.019775
5.3914580,-0.026357,-0.035875,0.971550,0.972569,2.623385,233.695496
5.4108515,-0.015253,-0.039047,0.966425,0.967334,2.483804,248.663147
5.4302449,-0.036241,-0.037583,0.958494,0.959915,3.117908,226.041626
5.4496360,-0.034899,-0.028431,0.974357,0.975396,2.645083,219.169205
5.4690318,-0.027089,-0.033434,0.942264,0.943247,2.614716,230.984955
5.4884253,-0.047589,-0.029774,0.937018,0.938698,3.428455,212.031784
5.5078187,-0.051128,-0.036729,0.963741,0.965795,3.737326,215.692596
5.5272117,-0.068821,-0.030384,0.951782,0.954751,4.519304,203.820953
5.5466042,-0.005247,-0.033434,0.955931,0.956530,2.027675,261.081055
5.5659981,-0.058205,-0.038681,0.988511,0.990979,4.043993,213.606827
5.5853925,-0.056009,-0.024405,0.922741,0.924761,3.788014,203.544189
5.6047854,-0.005857,-0.047833,0.997907,0.999070,2.764704,263.018951
5.6241794,-0.069187,-0.025991,0.956663,0.959514,4.417698,200.589264
5.6435738,-0.022452,-0.026723,0.976797,0.977421,2.046506,229.963608
5.6629672,-0.012690,-0.029164,0.993636,0.994145,1.833230,246.483902
5.6823602,-0.028920,-0.028675,0.966181,0.967039,2.413705,224.757233
5.7017527,-0.028065,-0.010860,0.998761,0.999215,1.725897,201.154266
5.7211452,0.013179,-0.019524,0.950074,0.950366,1.420238,304.019348
5.7405376,-0.037339,-0.016961,1.000104,1.000944,2.348271,204.429840
5.7599316,-0.023551,-0.000488,0.947634,0.947926,1.423953,181.187302
5.7793255,0.010128,-0.014155,1.011330,1.011480,0.985760,305.584381
5.7987156,-0.016717,-0.019646,0.963131,0.963476,1.534294,229.604492
5.8181076,0.000610,0.001098,0.978994,0.978994,0.071326,60.945393
5.8374996,-0.000122,-0.001830,0.984851,0.984852,0.104678,266.185913
5.8568931,-0.002685,-0.007565,0.978993,0.979026,0.469806,250.463348
5.8762875,-0.019524,0.014033,0.984607,0.984900,1.398718,144.293304
5.8956819,-0.017083,0.009274,0.973136,0.973331,1.144321,151.504364
5.9150734,-0.010860,-0.018914,0.982898,0.983140,1.271186,240.135834
5.9344659,-0.002440,0.011714,0.987535,0.987608,0.694080,101.768288
5.9538584,0.002074,0.032824,1.022190,1.022719,1.842813,86.383888
5.9732509,-0.002318,0.013911,0.980946,0.981047,0.823770,99.462326
5.9926424,-0.029652,0.023428,0.967035,0.967773,2.237821,141.686905
6.0120344,-0.037705,0.029042,0.978628,0.979784,2.784247,142.395584
6.0314283,-0.028920,0.017327,0.973869,0.974452,1.982680,149.071808
6.0508237,-0.023551,0.022940,0.987169,0.987716,1.907418,135.751862
6.0702181,-0.051494,0.032214,0.972648,0.974543,3.573360,147.970215
6.0896111,-0.046003,0.050762,0.955199,0.957652,4.102171,132.184448
6.1090045,-0.017083,0.005491,0.961178,0.961346,1.069543,162.181107
6.1283994,-0.093592,0.047833,0.974723,0.980373,6.154599,152.929230
6.1477923,-0.010494,0.067845,0.939580,0.942085,4.178936,98.792618
6.1671853,-0.028920,0.024771,1.019383,1.020094,2.139271,139.418625
6.1865778,-0.078949,0.068211,0.940556,0.946325,6.329857,139.173386
6.2059717,0.004027,0.048199,0.972160,0.973363,2.848195,85.224358
6.2253647,-0.049297,0.067113,0.974967,0.978517,4.881865,126.298973
6.2447567,-0.047345,0.061866,0.922253,0.925537,4.828360,127.426323
6.2641492,-0.028431,0.061744,1.005229,1.007524,3.868575,114.724854
6.2835426,-0.033923,0.046857,0.958616,0.960359,3.453321,125.902977
6.3029361,-0.019402,0.067235,0.997419,0.999871,4.013223,106.096352
6.3223305,-0.023551,0.067601,0.951294,0.953984,4.303477,109.207085
6.3417234,-0.024283,0.030994,0.955443,0.956254,2.359745,128.077438
6.3611169,-0.037583,0.082610,0.978994,0.983191,5.296425,114.463081
6.3805103,0.017449,0.045027,0.984607,0.985790,2.807771,68.816963
6.3999023,-0.023062,0.061012,0.982654,0.984817,3.797513,110.706596
6.4192958,0.024649,0.065038,0.968988,0.971481,4.105607,69.243950
6.4386888,-0.013667,0.056131,1.011452,1.013100,3.268903,103.684021
6.4580817,0.005979,0.049541,0.949952,0.951262,3.007001,83.118279
6.4774747,-0.020866,0.055155,1.021946,1.023646,3.302449,110.722557
6.4968696,-0.020256,0.069065,0.954345,0.957055,4.312933,106.345688
6.5162654,-0.004881,0.038315,1.011574,1.012311,2.186775,97.259727
6.5356593,-0.048077,0.071140,0.965449,0.969260,5.082224,124.051407
6.5550537,-0.028309,0.047955,0.987779,0.989348,3.226707,120.554665
6.5744476,-0.051128,0.041244,0.965937,0.968168,3.890481,141.107483
6.5938425,-0.041732,0.049786,0.974845,0.977007,3.812540,129.970917
6.6132369,-0.052836,0.061256,1.019505,1.022709,4.536651,130.779404
6.6326294,-0.047833,0.040756,0.944339,0.946428,3.807143,139.567642
6.6520205,-0.045637,0.059303,1.008279,1.011052,4.244502,127.579987
6.6714120,-0.052958,0.041732,0.928964,0.931408,4.151289,141.761230
6.6908045,-0.053690,0.056619,0.978628,0.981733,4.558661,133.479233
6.7101951,-0.021964,0.051982,0.964717,0.966366,3.347728,112.905769
6.7295895,-0.063452,0.035631,0.965327,0.968066,4.311116,150.684113
6.7489834,-0.047467,0.066137,0.961300,0.964741,4.840558,125.667465
6.7683768,-0.025381,0.049053,0.957639,0.959231,3.300848,117.357628
6.7877703,-0.068211,0.031238,0.920544,0.923597,4.659300,155.394089
6.8071642,-0.050518,0.056253,0.963131,0.966094,4.488601,131.925354
6.8265567,-0.016961,0.057961,0.979848,0.981707,3.526867,106.311142
6.8459492,-0.051006,0.034533,0.969110,0.971065,3.636796,145.900696
6.8653417,-0.049786,0.052836,0.960080,0.962821,4.324181,133.297287
6.8847337,-0.015741,0.025015,0.977041,0.977488,1.732687,122.180908
6.9041286,-0.026601,0.041854,0.978383,0.979640,2.901780,122.438759
6.9235210,-0.017449,0.039780,0.999615,1.000559,2.488213,113.684669
6.9429150,0.000488,0.040512,0.973014,0.973858,2.384334,89.309723
6.9623094,-0.007077,0.037583,0.986559,0.987300,2.219996,100.664574
6.9817052,-0.013545,0.036241,0.991806,0.992560,2.233882,110.492592
7.0010991,0.001220,0.015985,0.984729,0.984859,0.932722,85.634743
7.0204921,-0.002196,0.051250,1.000592,1.001906,2.934783,92.454033
7.0398846,-0.015009,0.022086,0.970086,0.970453,1.576815,124.198387
7.0592780,-0.034411,0.030750,0.980580,0.981665,2.694499,138.215485
7.0786734,-0.011348,0.018914,0.971550,0.971800,1.300557,120.963760
7.0980673,-0.047955,0.018792,0.977285,0.978642,3.016880,158.601898
7.1174617,-0.024039,-0.001464,0.974601,0.974898,1.415545,183.485794
7.1368551,-0.052470,0.015741,0.999005,1.000506,3.138623,163.300751
7.1562486,-0.051006,0.004027,0.949952,0.951329,3.082991,175.486008
7.1756415,-0.030872,-0.007199,0.992416,0.992922,1.829597,193.126862
7.1950350,-0.033556,-0.009274,0.943241,0.943883,2.113870,195.448868
7.2144327,-0.041976,0.005735,0.986193,0.987103,2.459811,172.219971
7.2338290,-0.053568,-0.033190,0.940190,0.942300,3.834562,211.781937
7.2532234,-0.060158,-0.023306,0.967889,0.970037,3.813413,201.177567
7.2726183,-0.056375,-0.026967,0.956785,0.958824,3.737012,205.564346
7.2920146,-0.062232,-0.036973,0.963497,0.966212,4.296509,210.715302
7.3114095,-0.035021,-0.057107,0.953857,0.956206,4.017320,238.481384
7.3308039,-0.080291,-0.054788,0.949464,0.954427,5.845396,214.308487
7.3502002,-0.047833,-0.050762,0.962520,0.965044,4.144631,226.701355
7.3695955,-0.056131,-0.049419,0.988511,0.991336,4.326445,221.361816
7.3889933,-0.030140,-0.068577,0.940190,0.943170,4.555351,246.274429
7.4083886,-0.105794,-0.042220,0.990952,0.997477,6.557268,201.755814
7.4277840,-0.006223,-0.042708,0.918714,0.919727,2.689700,261.709534
7.4471784,-0.033190,-0.090175,1.013892,1.018435,5.413921,249.793106
7.4665728,-0.051128,-0.048199,0.932381,0.935024,4.309708,223.311188
7.4859681,0.001952,-0.055399,0.996443,0.997984,3.184076,272.018402
7.5053644,-0.075654,-0.075166,0.939336,0.945371,6.477324,224.814575
7.5247598,-0.028553,-0.071750,0.963253,0.966343,4.583514,248.299469
7.5441551,-0.018426,-0.049908,1.023898,1.025279,2.974338,249.736191
7.5635476,-0.051616,-0.072848,0.898092,0.902519,5.677200,234.680801
7.5829401,-0.023306,-0.083098,1.009865,1.013546,4.884673,254.332794
7.6023345,-0.024161,-0.047223,0.961910,0.963372,3.156411,242.904449
7.6217294,-0.056497,-0.057351,0.970086,0.973421,4.743962,225.429871
7.6411252,-0.024893,-0.084806,0.967645,0.971673,5.218869,253.641708
7.6605182,-0.032336,-0.075410,0.985095,0.988506,4.761274,246.790222
7.6799116,-0.014399,-0.051738,0.949830,0.951347,3.236158,254.448013
7.6993070,-0.047467,-0.080657,0.975455,0.979934,5.480369,239.523087
7.7187018,-0.067601,-0.075288,0.898336,0.904017,6.426448,228.079559
7.7380967,-0.054056,-0.064062,0.962764,0.966406,4.975829,229.842010
7.7574930,-0.061988,-0.077607,0.967523,0.972608,5.861369,231.384171
7.7768874,-0.047711,-0.059547,0.953003,0.956052,4.577699,231.297256
7.7962804,-0.041366,-0.062232,0.970818,0.973690,4.401486,236.387787
7.8156748,-0.059181,-0.068821,0.935431,0.939825,5.542205,229.306808
7.8350673,-0.030994,-0.062476,0.972038,0.974537,4.103794,243.614273
7.8544617,-0.052348,-0.044417,0.917128,0.919694,4.280936,220.314102
7.8738556,-0.038925,-0.103354,0.946047,0.952472,6.658556,249.362457
7.8932476,-0.055399,-0.075777,0.948732,0.953364,5.650486,233.830246
7.9126396,0.033922,-0.057595,0.957639,0.959969,3.992725,300.497375
7.9320316,-0.040268,-0.101890,0.954711,0.960977,6.546373,248.435593
7.9514232,-0.172541,0.000488,0.917006,0.933097,10.656063,179.837921
7.9708161,0.046491,-0.083098,0.883327,0.888444,6.152464,299.225769
7.9902077,0.004637,-0.059181,0.994247,0.996017,3.416843,274.480011
8.0096006,-0.062232,-0.022574,0.904681,0.907100,4.185164,199.937988
8.0289927,0.023428,-0.080291,0.969842,0.973442,4.929030,286.266907
8.0483856,0.024527,-0.056497,0.882107,0.884255,3.994050,293.466888
8.0677814,0.000854,-0.028553,0.976675,0.977093,1.675380,271.713470
8.0871754,0.032336,-0.041976,0.901509,0.903065,3.363772,307.608826
8.1065683,-0.006589,-0.057961,0.902973,0.904855,3.696340,263.514221
8.1259623,-0.019524,-0.041610,0.937872,0.938997,2.805679,244.863647
8.1453562,0.053446,-0.048809,0.873565,0.876559,4.736441,317.596344
8.1647520,0.010006,-0.063086,0.987657,0.989721,3.700364,279.012451
8.1841450,0.018792,-0.047833,0.872833,0.874345,3.369704,291.447723
8.2035379,-0.004149,-0.061134,0.952271,0.954240,3.681638,266.117615
8.2229309,-0.038559,-0.040756,0.917860,0.919573,3.497936,226.586258
8.2423248,0.026357,-0.069553,0.897848,0.900924,4.735738,290.754089
8.2617207,-0.123976,-0.045515,0.953125,0.962231,7.888792,200.159500
8.2811155,0.022086,-0.018670,0.878934,0.879410,1.884502,319.792023
8.3005104,-0.040878,-0.002196,0.972526,0.973388,2.410378,183.075623
8.3199043,0.067723,-0.045027,0.672349,0.677249,6.896826,326.381470
8.3392963,-0.206342,0.043196,1.050743,1.071683,11.344842,168.176239
8.3586903,-0.020866,-0.019036,0.650873,0.651485,2.484828,222.373596
8.3780842,0.001830,-0.023428,0.987047,0.987327,1.363866,274.467163
8.3974781,-0.133250,0.031726,0.957395,0.967144,8.142035,166.607498
8.4168711,-0.057839,-0.036485,0.676132,0.679581,5.775364,212.243790
8.4362669,0.053080,-0.378395,1.001080,1.071523,20.891212,277.985199
8.4556627,-0.016961,-0.371317,1.138112,1.197273,18.086901,267.384613
8.4750557,0.177544,-0.092982,1.321391,1.336504,8.624434,332.358429
8.4944487,-0.027333,-0.486507,1.259769,1.350724,21.146301,266.784363
8.5138445,-0.080047,-0.464055,1.357632,1.436983,19.129608,260.213043
8.5332365,0.346668,-0.423421,1.849752,1.929002,16.480398,309.308289
8.5526276,0.215127,-0.751664,1.664277,1.838776,25.163183,285.971191
8.5720215,-0.266865,-0.557403,1.707107,1.815524,19.900852,244.416519
8.5914154,0.325070,-0.351915,1.617298,1.686762,16.500381,312.729187
8.6108093,0.155336,-0.388400,1.567512,1.622368,14.941915,291.798309
8.6302023,-0.470034,-0.242094,1.032806,1.160271,27.108946,207.251053
8.6495962,0.242949,-0.077363,1.274046,1.299308,11.316823,342.336823
8.6689920,-0.128125,-0.049053,1.152877,1.161011,6.786396,200.949707
8.6883869,-0.194261,-0.112139,0.600721,0.641232,20.475271,209.996185
8.7077818,-0.028187,0.074800,1.075758,1.078724,4.249666,110.648178
8.7271757,-0.179008,0.060036,0.844158,0.865015,12.607486,161.459656
8.7465706,-0.055765,0.097497,0.418906,0.433702,15.009224,119.768044
8.7659664,0.005003,0.171565,0.753738,0.773034,12.828368,88.329689
8.7853603,-0.069553,0.128125,0.435257,0.459024,18.517866,118.495636
8.8047552,-0.156434,0.145574,0.346058,0.406718,31.695189,137.059433
8.8241491,-0.040878,0.155580,0.061012,0.172042,69.229095,104.721443
8.8435431,-0.010128,0.084562,0.380469,0.389884,12.617449,96.829735
8.8629389,-0.021964,0.098717,0.316895,0.332641,17.699499,102.543808
8.8823328,0.006223,0.020500,0.178642,0.179922,6.838564,73.113213
8.9017267,0.005003,0.297859,1.515530,1.544531,11.120611,89.037727
8.9211235,-0.023673,0.282484,0.153261,0.322253,61.601971,94.790268
8.9405184,0.020744,0.615974,1.303088,1.441489,25.312809,88.071198
8.9599113,0.088955,0.210856,1.393141,1.411813,9.328707,67.126335
8.9793053,0.098595,0.408656,1.593503,1.648021,14.778498,76.435699
8.9987011,0.032946,0.429156,1.284906,1.355081,18.519867,85.610016
9.0180960,0.025137,0.117386,1.747619,1.751737,3.929595,77.913376
9.0374889,0.027943,0.286999,1.696369,1.720702,9.647179,84.438988
9.0568848,0.050640,0.345082,1.619860,1.656983,12.151060,81.651611
9.0762796,-0.216469,0.044539,1.557628,1.573229,8.075501,168.373657
9.0956745,-0.032458,0.168392,1.539447,1.548969,6.356472,100.910164
9.1150684,0.052348,0.046979,1.195585,1.197652,3.366855,41.905941
9.1344614,-0.159973,-0.029652,1.307480,1.317564,7.093180,190.500870
9.1538544,-0.086393,-0.055155,1.002422,1.007649,5.838148,212.554901
9.1732454,0.050518,-0.050884,1.076368,1.078754,3.811050,314.793152
9.1926384,0.020256,-0.101523,0.905901,0.911798,6.519358,281.283447
9.2120323,-0.072604,-0.135446,0.800351,0.814972,10.869245,241.807083
9.2314272,0.040024,-0.122389,0.668566,0.680854,10.901814,288.108734
9.2508211,0.031970,-0.158752,0.717375,0.735426,12.720671,281.386139
9.2702131,-0.042342,-0.136422,0.597548,0.614384,13.444094,252.756927
9.2896090,0.013789,-0.115068,0.516403,0.529247,12.648772,276.833191
9.3090057,-0.051006,-0.124708,0.637206,0.651295,11.939164,247.755341
9.3283978,0.000366,-0.112506,0.543004,0.554537,11.705600,270.186432
9.3477898,-0.042586,-0.069187,0.645992,0.651080,7.168176,238.386856
9.3671808,-0.044783,-0.083586,0.633301,0.640361,8.515876,241.819092
9.3865757,-0.016229,-0.046735,0.637328,0.639245,4.438708,250.850006
9.4059677,-0.050884,-0.031482,0.675155,0.677802,5.064576,211.745285
9.4253607,-0.031116,-0.048321,0.684917,0.687324,4.796609,237.220917
9.4447556,-0.039780,-0.031604,0.721036,0.722824,4.030509,218.466385
9.4641495,-0.027089,0.008176,0.753494,0.754025,2.150586,163.206085
9.4835424,-0.046979,-0.008298,0.804622,0.806035,3.393153,190.016464
9.5029354,-0.034899,0.003173,0.846354,0.847079,2.370916,174.805573
9.5223293,-0.057473,-0.010738,0.883205,0.885138,3.787393,190.582932
9.5417242,-0.057107,-0.025381,0.935675,0.937760,3.821057,203.962494
9.5611172,-0.013911,0.038071,0.981434,0.982271,2.364964,110.071526
9.5805111,0.000488,-0.005979,0.939824,0.939843,0.366375,274.666870
9.5999041,-0.036607,-0.054422,0.904071,0.906447,4.149401,236.073410
9.6192970,0.027089,0.009762,0.980458,0.980881,1.682141,19.817150
9.6386909,0.060402,0.003661,0.874420,0.876511,3.958689,3.468230
9.6580811,0.017449,-0.059425,0.883937,0.886104,4.007950,286.364044
9.6774721,-0.003783,-0.032214,0.879667,0.880264,2.111740,263.302765
9.6968660,0.044294,-0.057229,0.859899,0.862939,4.810597,307.739410
9.7162571,0.017693,-0.055033,0.875762,0.877667,3.776469,287.822998
9.7356491,0.007443,-0.023428,0.799985,0.800363,1.760031,287.625488
9.7550402,0.030140,-0.125440,0.876982,0.886420,8.368583,283.510498
9.7744350,-0.027699,-0.112017,0.907244,0.914553,7.248466,256.110718
9.7938251,-0.023673,-0.006223,0.935065,0.935385,1.499461,194.729019
9.8132162,0.054666,-0.231600,0.898702,0.929673,14.830822,283.280884
9.8326073,-0.120559,-0.153139,0.988389,1.007422,11.155032,231.788376
9.8519993,-0.084684,-0.085660,1.038541,1.045503,6.615772,225.328339
9.8713884,0.120803,-0.373514,1.095038,1.163277,19.722374,287.922424
9.8907785,-0.043684,-0.435623,1.221576,1.297661,19.717485,264.273529
9.9101715,-0.056497,-0.262838,1.358242,1.384593,11.196035,257.868927
9.9295626,0.012812,-0.422567,1.418522,1.480179,16.595598,271.736694
9.9489546,-0.073946,-0.479918,1.519435,1.595140,17.722860,261.240692
9.9683456,-0.054300,-0.507861,1.547012,1.629147,18.270973,263.897125
9.9877348,-0.052104,-0.386204,1.754696,1.797450,12.521661,262.316437
10.0071249,-0.201339,-0.363752,1.282100,1.347825,17.966690,241.035233
10.0265160,0.070530,-0.095788,1.436459,1.441376,4.733876,306.364441
10.0459070,-0.213785,-0.287243,1.245371,1.295824,16.040960,233.340973
10.0652971,0.101157,-0.023917,0.990586,0.996025,5.990343,346.697845
10.0846910,0.047833,-0.103964,1.099797,1.105735,5.940527,294.706879
10.1040831,-0.265401,-0.048321,0.838545,0.880869,17.833233,190.318756
10.1234751,0.031238,-0.037461,0.755447,0.757020,3.694274,309.823914
10.1428680,0.086515,0.047101,0.935187,0.940361,6.012913,28.565144
10.1622620,-0.008054,-0.007199,0.595352,0.595450,1.039482,221.794785
10.1816549,-0.074922,0.082732,0.615730,0.625765,10.274601,132.164139
10.2010469,0.029774,0.078217,0.602673,0.608457,7.906016,69.160408
10.2204370,0.093226,0.126294,0.640867,0.659812,13.763180,53.566582
10.2398291,0.009152,0.115312,0.581563,0.592956,11.249501,85.462227
10.2592211,0.022940,0.109455,0.581075,0.591739,10.893884,78.162857
10.2786150,-0.005125,0.150211,0.742878,0.757930,11.437626,91.954094
10.2980080,0.088345,0.155824,0.700414,0.722956,14.345463,60.448769
10.3174000,0.048077,0.049175,0.815848,0.818742,4.818369,45.646976
10.3367920,0.000122,0.058205,0.908830,0.910692,3.664419,89.879883
10.3561859,0.038193,0.262228,1.246713,1.274565,11.999928,81.713188
10.3755789,-0.036973,0.167172,1.113951,1.127032,8.737836,102.471230
10.3949728,-0.047467,0.049908,1.238171,1.240085,3.183953,133.564316
10.4143667,-0.054911,0.169490,1.424135,1.435236,7.130831,107.950981
10.4337578,-0.123488,0.128491,1.383867,1.395295,7.337995,133.862564
10.4531517,-0.077363,0.088101,1.301745,1.307015,5.146660,131.286896
10.4725466,-0.055521,0.152529,1.336522,1.346343,6.924641,110.001503
10.4919424,-0.167660,0.022452,1.089669,1.102720,8.823987,172.372589
10.5113354,0.065893,0.014887,1.315900,1.317633,2.938782,12.730868
10.5307293,-0.103964,0.009518,1.103823,1.108749,5.402907,174.769196
10.5501232,-0.154848,-0.048077,1.060871,1.073190,8.689618,197.248550
10.5695181,0.030262,-0.147892,1.140797,1.150741,7.537937,281.564270
10.5889130,-0.067479,-0.083342,1.091865,1.097118,5.609129,231.004181
10.6083069,-0.071628,-0.120925,1.009255,1.018994,7.927909,239.360428
10.6277018,-0.020256,-0.172663,1.026949,1.041560,9.608259,263.308960
10.6470947,-0.044172,-0.089077,0.934577,0.939851,6.072733,243.623627
10.6664906,-0.029408,-0.128369,0.882351,0.892125,8.488920,257.096893
10.6858854,0.013789,-0.141059,0.890038,0.901253,9.047915,275.582977
10.7052803,-0.007321,-0.079193,0.871857,0.875477,5.212107,264.718018
10.7246761,-0.025015,-0.051494,0.864048,0.865942,3.790597,244.090347
10.7440710,-0.060402,-0.046247,0.867586,0.870915,5.011101,217.439713
10.7634668,0.006223,-0.000854,0.843548,0.843571,0.427043,352.184692
10.7828617,-0.011104,-0.003051,0.850869,0.850947,0.775564,195.361618
10.8022547,-0.092860,0.042098,0.837324,0.843509,6.942435,155.612793
10.8216476,-0.042830,0.060768,0.829149,0.832475,5.123652,125.176918
10.8410406,-0.079193,0.067235,0.870637,0.876813,6.804377,139.668793
10.8604317,-0.093958,0.110675,0.850259,0.862564,9.689678,130.329681
10.8798256,-0.102622,0.112017,0.914321,0.926856,9.433736,132.493484
10.8992195,-0.110675,0.132151,0.866366,0.883348,11.252791,129.945786
10.9186125,-0.096520,0.158508,0.905536,0.924357,11.581976,121.338486
10.9380064,-0.130809,0.124586,0.906146,0.923976,11.274420,136.395844
10.9574022,-0.115312,0.162047,0.944705,0.965414,11.888776,125.435524
10.9767952,-0.124952,0.132761,0.978383,0.995225,10.555587,133.264297
10.9961910,-0.156312,0.148747,0.903827,0.929227,13.427191,136.420639
11.0155821,-0.123000,0.109333,0.961056,0.975044,9.716890,138.366455
11.0349770,-0.162657,0.115678,0.943485,0.964366,11.944958,144.580414
11.0543728,-0.131907,0.101768,0.986681,1.000648,9.584003,142.349533
11.0737658,-0.118241,0.079071,0.979848,0.990119,8.259850,146.228134
11.0931597,-0.154848,0.094446,0.950806,0.967952,10.800098,148.619766
11.1125536,-0.111529,0.036607,0.952881,0.960083,7.022750,161.828735
11.1319466,-0.120681,0.033678,0.979970,0.987947,7.285938,164.407181
11.1513395,-0.140937,0.045881,0.978383,0.989547,8.614339,161.967804
11.1707325,-0.113116,0.006467,0.940678,0.947477,6.867928,176.727753
11.1901274,-0.105916,0.001708,0.982654,0.988347,6.152719,179.075958
11.2095194,-0.095544,0.006833,0.990830,0.995449,5.521906,175.909180
11.2289114,-0.101401,0.001708,1.002178,1.007296,5.778418,179.034821
11.2483044,-0.104696,-0.043196,0.922253,0.929181,7.001126,202.420425
11.2676973,-0.066503,-0.017693,1.010476,1.012816,3.896064,194.898697
11.2870913,-0.087979,-0.030140,0.976919,0.981336,5.437902,198.910416
11.3064833,-0.089443,-0.032092,0.945315,0.950079,5.740268,199.737961
11.3258762,-0.059669,-0.047101,0.993148,0.996053,4.377122,218.286362
11.3452702,-0.074678,-0.036851,0.995345,0.998822,4.782539,206.264679
11.3646641,-0.054788,-0.043074,0.977773,0.980254,4.076982,218.174133
11.3840590,-0.068699,-0.063574,0.993270,0.997671,5.383395,222.781158
11.4034529,-0.032580,-0.032458,1.020726,1.021761,2.579671,224.892502
11.4228468,-0.081878,-0.034777,0.990952,0.994937,5.129653,203.012833
11.4422379,-0.023795,-0.056985,0.972892,0.974850,3.631894,247.336594
11.4616308,-0.084928,-0.052104,1.022556,1.027399,5.565318,211.529358
11.4810238,-0.065283,-0.036851,0.955809,0.958744,4.484584,209.444122
11.5004158,-0.029530,-0.041488,1.047205,1.048442,2.784107,234.558075
11.5198107,-0.063086,-0.042952,0.953857,0.956905,4.574574,214.249039
11.5392017,-0.061988,-0.038193,1.003398,1.006036,4.150298,211.638962
11.5585957,-0.063208,-0.025259,0.968988,0.971376,4.018246,201.782333
11.5779877,-0.048565,-0.051250,0.948244,0.950869,4.258368,226.540588
11.5973806,-0.083952,-0.052958,0.955931,0.961071,5.928107,212.244293
11.6167717,-0.043196,-0.041610,0.962642,0.964509,3.565186,223.928406
11.6361666,-0.059791,-0.043196,0.958006,0.960841,4.402865,215.846191
11.6555614,-0.054666,-0.071140,0.940678,0.944947,5.448127,232.459915
11.6749554,-0.047955,-0.057839,0.919690,0.922754,4.670344,230.337402
11.6943493,-0.030750,-0.044539,0.958616,0.960142,3.231436,235.378372
11.7137442,-0.071750,-0.068577,0.929452,0.934736,6.095224,223.704834
11.7331400,-0.037217,-0.066625,0.930428,0.933553,4.688972,240.811920
11.7525339,-0.040878,-0.052836,0.967523,0.969827,3.949726,232.271881
11.7719278,-0.048077,-0.059425,0.927378,0.930523,4.711893,231.025940
11.7913237,-0.059425,-0.065160,0.960446,0.964486,5.246243,227.635651
11.8107195,-0.046369,-0.056985,0.926524,0.929432,4.533714,230.864594
11.8301153,-0.025747,-0.048931,0.968744,0.970320,3.266686,242.247345
11.8495092,-0.068455,-0.075899,0.959348,0.964777,6.081379,227.951782
11.8689041,-0.001098,-0.065038,0.971550,0.973725,3.830372,269.032623
11.8882990,-0.074068,-0.042708,0.976675,0.980410,5.002963,209.968018
11.9076910,-0.055643,-0.078705,0.909562,0.914655,6.049155,234.740570
11.9270840,-0.009274,-0.073458,1.034392,1.037039,4.094238,262.804718
11.9464779,-0.076631,-0.040756,0.939458,0.943459,5.278451,208.006149
11.9658747,-0.047589,-0.086637,0.965693,0.970739,5.844323,241.220184
11.9852686,-0.043074,-0.070774,0.953979,0.957570,4.963569,238.674438
12.0046606,-0.051372,-0.069675,0.967157,0.971024,5.114697,233.598541
12.0240545,-0.039658,-0.082976,0.946291,0.950750,5.550897,244.454941
12.0434504,-0.034289,-0.068699,0.990098,0.993070,4.434338,243.475662
12.0628452,-0.029042,-0.068211,0.963253,0.966101,4.401041,246.937622
12.0822401,-0.015741,-0.067601,0.989366,0.991797,4.013028,256.892120
12.1016359,-0.031604,-0.075166,0.989610,0.992963,4.710313,247.195465
12.1210289,-0.029286,-0.057473,0.967523,0.969671,3.814235,242.998688
12.1404219,-0.023673,-0.075044,0.963619,0.966826,4.668415,252.492264
12.1598177,-0.026723,-0.053568,0.953125,0.955003,3.593958,243.487183
12.1792135,-0.028187,-0.082244,1.025728,1.029406,4.844805,251.081879
12.1986084,-0.021964,-0.067357,0.932625,0.935312,4.344154,251.939529
12.2180052,-0.017571,-0.035387,1.000714,1.001493,2.260880,243.593216
12.2373991,-0.036851,-0.098229,0.946657,0.952453,6.324031,249.436157
12.2567940,-0.002318,-0.063208,0.949708,0.951812,3.810280,267.899353
12.2761889,-0.002318,-0.051006,0.992294,0.993607,2.945569,267.397430
12.2955837,-0.031848,-0.071750,0.952026,0.955257,4.713722,246.064636
12.3149767,0.004881,-0.086881,0.958738,0.962678,5.186102,273.215485
12.3343716,-0.018548,-0.046857,0.955687,0.957015,3.018502,248.404694
12.3537655,-0.010372,-0.071384,0.958128,0.960839,4.305434,261.732819
12.3731575,-0.034411,-0.087735,0.980946,0.985462,5.487694,248.584320
12.3925524,0.002562,-0.056985,0.948488,0.950201,3.441678,272.574738
12.4119463,-0.019890,-0.070774,0.966791,0.969582,4.348435,254.302811
12.4313412,-0.026723,-0.058327,0.957273,0.959421,3.834306,245.384689
12.4507351,-0.007932,-0.084196,0.968988,0.972671,4.987863,264.618439
12.4701290,-0.022818,-0.061134,0.951782,0.954017,3.922063,249.531738
12.4895229,-0.028309,-0.057107,0.988755,0.990808,3.688386,243.631165
12.5089149,-0.024283,-0.083220,0.937384,0.941384,5.283757,253.733337
12.5283070,-0.036119,-0.068455,0.980702,0.983751,4.512581,242.182556
12.5476990,-0.042708,-0.067235,0.983264,0.986485,4.631300,237.575928
12.5670919,-0.023062,-0.067845,0.929696,0.932454,4.407445,251.225662
12.5864859,-0.027577,-0.080657,0.996199,0.999839,4.890685,251.124130
12.6058779,-0.050396,-0.063330,0.937262,0.940749,4.935386,231.488586
12.6252718,-0.035265,-0.073092,0.974723,0.978095,4.759422,244.244049
12.6446648,-0.050518,-0.081756,0.952393,0.957229,5.762114,238.287643
12.6640568,-0.025503,-0.051372,0.975089,0.976774,3.366158,243.598495
12.6834478,0.012934,-0.058937,0.965327,0.967211,3.576755,282.377991
12.7028408,-0.033434,-0.060524,0.918714,0.921312,4.304069,241.082886
12.7222328,-0.025869,0.003051,0.741780,0.742237,2.011102,173.274490
12.7416277,-0.074556,-0.050396,1.159954,1.163440,4.436193,214.056381
12.7610207,-0.296517,-0.217080,1.113097,1.172191,18.270473,216.207809
12.7804136,-0.285413,-0.281020,0.804866,0.899023,26.457153,224.555664
12.7998056,-0.186940,-0.154970,0.970330,1.000251,14.049491,219.658112
12.8191996,0.371195,-0.116654,1.225725,1.286000,17.611513,342.553802
12.8385916,0.366924,0.246853,1.043544,1.133382,22.966255,33.931229
12.8579826,0.143866,0.428302,0.753494,0.878575,30.948208,71.432930
12.8773746,0.494439,-0.210246,1.329689,1.434136,22.002005,336.963715
12.8967686,-0.104452,-0.313478,1.792524,1.822723,10.444289,251.571747
12.9161587,-0.358261,0.237702,2.014972,2.060331,12.044851,146.436218
12.9355526,0.127026,0.250270,2.035472,2.054730,7.850755,63.089596
12.9549465,0.680646,0.115312,1.679286,1.815648,22.347296,9.615497
12.9743395,0.895530,-0.071994,1.470504,1.723235,31.423256,355.403748
12.9937305,0.543736,-0.233553,1.497105,1.609820,21.567823,336.754883
13.0131207,-0.005857,-0.224157,0.731652,0.765242,17.039011,268.503235
13.0325146,-0.267231,-0.148624,0.305180,0.432015,45.056274,209.081253
13.0519047,-0.175226,0.088833,-0.047711,0.202167,103.650467,153.116638
13.0712957,-0.088223,0.312014,0.054544,0.328802,80.451164,105.788422
13.0906878,-0.052348,0.399871,0.269428,0.485003,56.253651,97.458313
13.1100798,-0.013423,0.464299,0.602063,0.760417,37.650249,91.655922
13.1294727,-0.073824,0.454781,0.698340,0.836633,33.415085,99.220337
13.1488647,-0.034045,0.368267,1.262088,1.315160,16.332478,95.281715
13.1682587,0.099205,0.378394,1.441462,1.493599,15.183204,75.309196
13.1876535,0.025991,0.455635,1.184603,1.269474,21.069508,86.735191
13.2070475,-0.020500,0.529459,0.681379,0.863148,37.869484,92.217308
13.2264423,-0.019402,0.571069,0.310183,0.650162,61.504711,91.945839
13.2458353,-0.276749,0.576926,0.130321,0.653007,78.488144,115.626823
13.2652292,-0.243559,0.545566,0.075288,0.602189,82.817825,114.057541
13.2846241,-0.137642,0.564846,0.148747,0.600102,75.648567,103.694992
13.3040171,0.084318,0.539587,0.325924,0.635996,59.171970,81.118553
13.3234110,0.301276,0.553620,1.237561,1.388820,26.989655,61.445313
13.3428049,0.415856,0.626102,1.634259,1.798817,24.698536,56.407967
13.3621969,0.401945,0.594132,1.114073,1.325033,32.776443,55.920670
13.3815918,0.140937,0.581929,0.318115,0.678013,62.018478,76.385727
13.4009848,-0.011592,0.583760,0.476623,0.753711,50.774872,91.137619
13.4203787,-0.096643,0.539953,0.488093,0.734251,48.336849,100.147522
13.4397726,-0.127636,0.429888,0.661001,0.798760,34.153763,106.536469
13.4591656,-0.042220,0.474061,0.908220,1.025368,27.656019,95.089363
13.4785585,0.058815,0.545689,0.932503,1.082033,30.480047,83.848305
13.4979544,0.079193,0.534706,0.847086,1.004857,32.542587,81.575401
13.5173483,0.099327,0.565212,0.727869,0.926890,38.253277,80.032951
13.5367413,0.154604,0.679182,0.660268,0.959763,46.531990,77.176155
13.5561323,0.129467,0.641355,0.732628,0.982264,41.767235,78.587387
13.5755243,0.078583,0.652947,0.771188,1.013531,40.457111,83.137383
13.5949144,0.046247,0.675765,0.700902,0.974711,44.020832,86.084999
13.6143045,0.055521,0.638548,0.586078,0.868513,47.560852,85.030731
13.6336985,0.082610,0.754104,0.618170,0.978587,50.824574,83.748352
13.6530924,0.099327,0.805354,0.859899,1.182323,43.339809,82.969025
13.6724844,0.086026,0.722622,0.965571,1.209095,37.004360,83.211029
13.6918745,0.010982,0.679792,0.774970,1.030930,41.260445,89.074463
13.7112665,-0.019158,0.721158,0.550569,0.907504,52.649761,91.521713
13.7306566,0.045027,0.764965,0.545078,0.940377,54.574894,86.631393
13.7500467,0.100669,0.828051,0.696753,1.086861,50.128395,83.068352
13.7694387,0.128735,0.815360,0.785708,1.139615,46.413361,81.027817
13.7888317,0.059547,0.709444,0.814750,1.081977,41.147362,85.202103
13.8082237,-0.009274,0.626590,0.765941,0.989629,39.288506,90.847939
13.8276157,-0.035753,0.621709,0.661611,0.908586,43.266308,93.291306
13.8470039,-0.031238,0.678816,0.614876,0.916427,47.859673,92.634796
13.8663950,-0.004515,0.683453,0.667956,0.955664,45.657623,90.378487
13.8857880,0.027821,0.688700,0.769723,1.033226,41.843384,87.686684
13.9051790,0.070652,0.715545,0.856848,1.118564,40.001713,84.361000
13.9245729,0.086271,0.738486,0.803158,1.094471,42.791363,83.336861
13.9439659,0.064428,0.745319,0.674911,1.007550,47.944191,85.059402
13.9633598,-0.027943,0.697486,0.608042,0.925734,48.942032,92.294212
13.9827538,-0.104818,0.694069,0.668932,0.969633,46.379265,98.587898
14.0021439,-0.080413,0.680036,0.708956,0.985664,44.005997,96.743835
14.0215387,-0.039047,0.680524,0.755569,1.017606,42.055504,93.283943
14.0409298,-0.006955,0.669542,0.819631,1.058362,39.246307,90.595177
14.0603247,-0.026967,0.670762,0.721890,0.985787,42.920544,92.302269
14.0797167,-0.046003,0.688944,0.672715,0.964005,45.746563,93.820137
14.0991116,0.005857,0.684185,0.773628,1.032785,41.490097,89.509521
14.1185064,0.018792,0.664417,0.838423,1.069933,38.406601,88.379944
14.1378984,-0.042464,0.654167,0.806453,1.039280,39.106758,93.714043
14.1572914,-0.069553,0.616828,0.718352,0.949391,40.830730,96.433479
14.1766853,-0.059791,0.626346,0.638670,0.896540,44.571732,95.452972
14.1960793,-0.078461,0.638792,0.598037,0.878555,47.101288,97.002403
14.2154713,-0.048809,0.654899,0.680646,0.945809,43.974869,94.262344
14.2348652,-0.005491,0.692605,0.736411,1.010956,43.245056,90.454239
14.2542601,0.003783,0.722500,0.697730,1.004414,45.999603,89.700027
14.2736549,-0.060646,0.675399,0.664051,0.949108,45.600422,95.130959
14.2930489,-0.130199,0.658926,0.674911,0.952177,44.861927,101.177238
14.3124437,-0.094080,0.662587,0.696143,0.965654,43.870888,98.081345
14.3318377,-0.061744,0.706027,0.714325,1.006254,44.774410,94.997940
14.3512325,-0.040146,0.700536,0.725307,1.009174,44.051651,93.279869
14.3706255,-0.078461,0.696631,0.700780,0.991234,45.010452,96.426094
14.3900185,-0.037095,0.726771,0.768991,1.058735,43.420380,92.921898
14.4094133,0.005613,0.729090,0.759962,1.053159,43.813129,89.558907
14.4288082,-0.030018,0.718108,0.783146,1.062966,42.544254,92.393639
14.4482040,-0.041000,0.647334,0.793274,1.024698,39.271614,93.624069
14.4676008,-0.064184,0.652337,0.685283,0.948302,43.726910,95.619324
14.4869967,-0.101279,0.730920,0.597304,0.949355,51.011166,97.888916
14.5063906,-0.049419,0.734581,0.717009,1.027693,45.758190,93.848816
14.5257835,-0.019158,0.693093,0.755447,1.025400,42.546055,91.583298
14.5451736,-0.091762,0.677718,0.757765,1.020750,42.067032,97.710838
14.5645676,-0.144354,0.643185,0.762280,1.007768,40.851765,102.649597
14.5839605,-0.137276,0.642453,0.711396,0.968336,42.721661,102.061310
14.6033525,-0.075532,0.706881,0.670640,0.977315,46.669403,96.099091
14.6227455,-0.050152,0.718596,0.670885,0.984368,47.036045,93.992264
